jupyter/NEMEA/cnv_final/dMCTV001.cnv
* Sea-Bird SBE 9 Data File:
* FileName = D:\ACEX\MCTV001.hex
* Software Version Seasave V 7.17
* Temperature SN = 4821
* Conductivity SN = 3367
* Number of Bytes Per Scan = 18
* Number of Voltage Words = 2
* Number of Scans Averaged by the Deck Unit = 1
** H38 
** NHo Cruzeiro do Sul 
** 222 
** MCT V ACEx 
** Estação 001
**  25 59.557 S
**  045 32.712 W
**   12/06/2012 13:33Z
**   496
** 9P46375-0882 
**   CT Bambace
# nquan = 16
# nvalues = 435                         
# units = specified
# name 0 = scan: Scan Count
# name 1 = timeJ: Julian Days
# name 2 = dz/dtM: Descent Rate [m/s]
# name 3 = prDM: Pressure, Digiquartz [db]
# name 4 = t090C: Temperature [ITS-90, deg C]
# name 5 = c0S/m: Conductivity [S/m]
# name 6 = sbeox0V: Oxygen Voltage, SBE 43
# name 7 = depSM: Depth [salt water, m]
# name 8 = flSP: Fluorescence, Seapoint
# name 9 = potemp090C: Potential Temperature [ITS-90, deg C]
# name 10 = sal00: Salinity [PSU]
# name 11 = density00: Density [density, Kg/m^3]
# name 12 = sigma-é00: Density [sigma-theta, Kg/m^3]
# name 13 = sbeox0ML/L: Oxygen, SBE 43 [ml/l], WS = 2
# name 14 = nbin: number of scans per bin
# name 15 = flag: flag
# span 0 =      11641,      35778       
# span 1 = 164.446088, 164.457728       
# span 2 =   -173.362,    824.343       
# span 3 =     12.086,    449.622       
# span 4 =     8.0146,    21.9283       
# span 5 =   3.646345,   5.160595       
# span 6 =     2.0629,     3.4843       
# span 7 =     12.000,    446.000       
# span 8 = 1.6712e-02, 5.5658e-02       
# span 9 =     7.9679,    21.9207       
# span 10 =    35.0034,    36.4921      
# span 11 =  1025.1559,  1029.8589      
# span 12 =    25.1041,    27.8337      
# span 13 =    3.10908,    4.54715      
# span 14 =          0,         68      
# span 15 = 0.0000e+00, 0.0000e+00      
# interval = meters: 1                  
# start_time = Jun 12 2012 10:34:17
# bad_flag = -9.990e-29
*END*
[from data line 362]
      32586 164.456189      0.576    376.790     8.9674   3.738901     2.6349    374.000 4.8229e-02     8.9260    35.1080  1028.9137    27.2147    4.27888         32 0.0000e+00
      32627 164.456208      0.609    377.794     8.9640   3.738623     2.6339    375.000 4.8164e-02     8.9225    35.1080  1028.9187    27.2152    4.27743         47 0.0000e+00
      32684 164.456236      0.407    378.809     8.9652   3.738800     2.6350    376.000 4.8033e-02     8.9237    35.1081  1028.9232    27.2152    4.28048         41 0.0000e+00
      32719 164.456253      0.653    379.820     8.9634   3.738647     2.6351    377.000 4.7964e-02     8.9218    35.1078  1028.9278    27.2152    4.28131         28 0.0000e+00
      32747 164.456266      0.828    380.822     8.9605   3.738405     2.6346    378.000 4.7948e-02     8.9187    35.1077  1028.9328    27.2156    4.28106         26 0.0000e+00
      32773 164.456279      0.903    381.832     8.9612   3.738517     2.6339    379.000 4.7994e-02     8.9193    35.1077  1028.9372    27.2155    4.28007         26 0.0000e+00
      32800 164.456292      0.919    382.838     8.9663   3.739136     2.6327    380.000 4.8096e-02     8.9243    35.1087  1028.9416    27.2155    4.27741         28 0.0000e+00
      32837 164.456310      0.717    383.846     8.9660   3.739117     2.6328    381.000 4.7933e-02     8.9239    35.1083  1028.9459    27.2153    4.27828         48 0.0000e+00
      32888 164.456334      0.435    384.864     8.9256   3.734746     2.6309    382.000 4.8208e-02     8.8835    35.1018  1028.9522    27.2167    4.27866         43 0.0000e+00
      32918 164.456349      0.678    385.876     8.8925   3.731086     2.6286    383.000 4.8173e-02     8.8503    35.0957  1028.9576    27.2171    4.27733         22 0.0000e+00
      32937 164.456358      0.997    386.878     8.8522   3.727204     2.6284    384.000 4.7938e-02     8.8100    35.0942  1028.9677    27.2224    4.28134         19 0.0000e+00
      32954 164.456366      1.257    387.879     8.8467   3.726722     2.6276    385.000 4.8185e-02     8.8045    35.0941  1028.9730    27.2232    4.28052         17 0.0000e+00
      32981 164.456379      1.164    388.880     8.8435   3.726435     2.6246    386.000 4.6669e-02     8.8011    35.0938  1028.9779    27.2235    4.27480         35 0.0000e+00
      33058 164.456417      0.145    389.914     8.8510   3.727500     2.5788    387.000 4.1994e-02     8.8085    35.0970  1028.9838    27.2248    4.17276         32 0.0000e+00
      33079 164.456426      0.774    390.916     8.8197   3.724060     2.5971    388.000 4.8634e-02     8.7772    35.0913  1028.9891    27.2253    4.21720         18 0.0000e+00
      33096 164.456435      1.150    391.914     8.8153   3.723543     2.6056    389.000 4.7800e-02     8.7727    35.0898  1028.9931    27.2249    4.23698         18 0.0000e+00
      33118 164.456445      1.239    392.908     8.8122   3.723415     2.6115    390.000 4.7907e-02     8.7695    35.0910  1028.9991    27.2264    4.25107         29 0.0000e+00
      33206 164.456488      0.180    393.946     8.8150   3.724465     2.5138    391.000 3.5693e-02     8.7722    35.0988  1029.0094    27.2320    4.03357         30 0.0000e+00
      33232 164.456500      0.713    394.946     8.8070   3.722691     2.5404    392.000 4.8569e-02     8.7641    35.0876  1029.0065    27.2246    4.09448         20 0.0000e+00
      33254 164.456511      1.072    395.943     8.7759   3.719656     2.5667    393.000 4.8137e-02     8.7330    35.0859  1029.0148    27.2281    4.15645         26 0.0000e+00
      33294 164.456530      0.689    396.956     8.7229   3.714028     2.5876    394.000 4.0126e-02     8.6800    35.0786  1029.0225    27.2308    4.20860         51 0.0000e+00
      33339 164.456552      0.503    397.972     8.7246   3.713895     2.5796    395.000 4.0183e-02     8.6816    35.0750  1029.0240    27.2277    4.19136         32 0.0000e+00
      33371 164.456567      0.745    398.973     8.7007   3.711952     2.5949    396.000 4.7833e-02     8.6577    35.0777  1029.0346    27.2336    4.22799         36 0.0000e+00
      33433 164.456597      0.372    399.986     8.6990   3.713130     2.5412    397.000 2.9224e-02     8.6558    35.0913  1029.0501    27.2446    4.10859         33 0.0000e+00
      33480 164.456620      0.559    400.994     8.6705   3.708679     2.5426    398.000 5.2616e-02     8.6273    35.0721  1029.0444    27.2340    4.11532         33 0.0000e+00
      33521 164.456640      0.613    401.997     8.6605   3.707943     2.5518    399.000 3.8489e-02     8.6173    35.0737  1029.0518    27.2369    4.13722         33 0.0000e+00
      33589 164.456673      0.367    403.011     8.6574   3.708258     2.4958    400.000 3.8316e-02     8.6140    35.0797  1029.0616    27.2420    4.01270         40 0.0000e+00
      33621 164.456688      0.685    404.018     8.6473   3.706576     2.5460    401.000 4.7747e-02     8.6039    35.0714  1029.0613    27.2371    4.12670         27 0.0000e+00
      33648 164.456701      0.867    405.022     8.6454   3.706304     2.5724    402.000 4.7792e-02     8.6019    35.0700  1029.0650    27.2363    4.18655         28 0.0000e+00
      33699 164.456725      0.509    406.032     8.6026   3.704512     2.5312    403.000 2.7335e-02     8.5591    35.0929  1029.0946    27.2610    4.09813         55 0.0000e+00
      33771 164.456760      0.285    407.063     8.5896   3.705225     2.4281    404.000 3.3869e-02     8.5460    35.1128  1029.1170    27.2787    3.86839         30 0.0000e+00
      33790 164.456770      0.731    408.057     8.5907   3.700652     2.4872    405.000 4.7359e-02     8.5470    35.0630  1029.0823    27.2394    4.00246         22 0.0000e+00
      33809 164.456778      1.136    409.060     8.5619   3.697772     2.5212    406.000 4.7970e-02     8.5182    35.0606  1029.0898    27.2421    4.08175         16 0.0000e+00
      33826 164.456787      1.332    410.061     8.5390   3.695216     2.5463    407.000 4.7630e-02     8.4953    35.0557  1029.0942    27.2418    4.14099         18 0.0000e+00
      33858 164.456802      0.980    411.067     8.5184   3.691919     2.5551    408.000 3.7378e-02     8.4746    35.0408  1029.0905    27.2333    4.16346         40 0.0000e+00
      33922 164.456833      0.296    412.089     8.5155   3.692546     2.4936    409.000 2.8859e-02     8.4716    35.0499  1029.1027    27.2409    4.02591         44 0.0000e+00
      33959 164.456851      0.617    413.097     8.4050   3.681903     2.5315    410.000 4.8123e-02     8.3613    35.0461  1029.1224    27.2551    4.12174         35 0.0000e+00
      33989 164.456865      0.759    414.110     8.3883   3.680127     2.5660    411.000 4.7807e-02     8.3446    35.0433  1029.1275    27.2554    4.20153         26 0.0000e+00
      34013 164.456877      0.914    415.102     8.3907   3.680445     2.5804    412.000 4.7627e-02     8.3468    35.0439  1029.1321    27.2555    4.23432         26 0.0000e+00
      34090 164.456914      0.325    416.127     8.3822   3.681473     2.4923    413.000 2.1008e-02     8.3382    35.0627  1029.1528    27.2717    4.03666         42 0.0000e+00
      34136 164.456936      0.576    417.137     8.1817   3.657226     2.4862    414.000 5.5658e-02     8.1383    35.0034  1029.1435    27.2557    4.04285         22 0.0000e+00
      34154 164.456945      1.006    418.133     8.1757   3.658498     2.6145    415.000 4.7651e-02     8.1322    35.0225  1029.1639    27.2716    4.33391         18 0.0000e+00
      34171 164.456953      1.325    419.044     8.1294   3.653886     2.4978    416.000 4.7954e-02     8.0859    35.0189  1029.1725    27.2757    4.07455          5 0.0000e+00
 -9.990e-29 -9.990e-29 -9.990e-29 -9.990e-29 -9.990e-29 -9.990e-29 -9.990e-29    417.000 -9.990e-29 -9.990e-29 -9.990e-29 -9.990e-29 -9.990e-29 -9.990e-29          0 -9.990e-29
 -9.990e-29 -9.990e-29 -9.990e-29 -9.990e-29 -9.990e-29 -9.990e-29 -9.990e-29    418.000 -9.990e-29 -9.990e-29 -9.990e-29 -9.990e-29 -9.990e-29 -9.990e-29          0 -9.990e-29
      34322 164.457026    450.184    421.949     8.1311   3.654251     2.5129    419.000 3.6343e-02     8.0873    35.0197  1029.1861    27.2762    4.11012         34 0.0000e+00
      34382 164.457055   -173.362    423.301     8.1345   3.657251     2.4181    420.000 1.6712e-02     8.0906    35.0477  1029.2136    27.2977    3.89460         18 0.0000e+00
 -9.990e-29 -9.990e-29 -9.990e-29 -9.990e-29 -9.990e-29 -9.990e-29 -9.990e-29    421.000 -9.990e-29 -9.990e-29 -9.990e-29 -9.990e-29 -9.990e-29 -9.990e-29          0 -9.990e-29
      34472 164.457098    374.717    425.174     8.1467   3.658574     2.3176    422.000 2.2627e-02     8.1026    35.0487  1029.2209    27.2967    3.66643         32 0.0000e+00
      34513 164.457118      9.297    426.203     8.1373   3.659438     2.2665    423.000 2.2743e-02     8.0931    35.0669  1029.2412    27.3124    3.55127         35 0.0000e+00
      34548 164.457135      0.685    427.216     8.1340   3.659526     2.2288    424.000 2.2949e-02     8.0896    35.0707  1029.2493    27.3159    3.46647         35 0.0000e+00
      34584 164.457152      0.680    428.225     8.1571   3.659595     2.1980    425.000 2.2989e-02     8.1126    35.0478  1029.2323    27.2945    3.39572         35 0.0000e+00
      34618 164.457169      0.705    429.240     8.1201   3.660735     2.1732    426.000 2.3123e-02     8.0755    35.0965  1029.2809    27.3383    3.34161         31 0.0000e+00
      34657 164.457188      0.602    430.232     8.1458   3.659935     2.1499    427.000 2.3059e-02     8.1011    35.0618  1029.2541    27.3072    3.28807         42 0.0000e+00
      34717 164.457217      0.377    431.255     8.1300   3.660176     2.1244    428.000 2.3081e-02     8.0852    35.0796  1029.2753    27.3236    3.23131         41 0.0000e+00
      34756 164.457235      0.631    432.254     8.1208   3.660060     2.1130    429.000 2.3108e-02     8.0760    35.0871  1029.2871    27.3308    3.20621         40 0.0000e+00
      34821 164.457266      0.317    433.278     8.1731   3.659630     2.0881    430.000 2.3049e-02     8.1280    35.0299  1029.2385    27.2780    3.14776         42 0.0000e+00
      34847 164.457279      0.725    434.281     8.1186   3.660338     2.1370    431.000 2.3203e-02     8.0735    35.0913  1029.2999    27.3345    3.26175         20 0.0000e+00
      34869 164.457290      1.011    435.275     8.1114   3.653166     2.2585    432.000 5.4264e-02     8.0663    35.0214  1029.2508    27.2807    3.54049         23 0.0000e+00
      34904 164.457307      0.849    436.284     8.1108   3.653254     2.3597    433.000 2.7787e-02     8.0656    35.0224  1029.2563    27.2816    3.77134         35 0.0000e+00
      34987 164.457347      0.113    437.299     8.1036   3.654989     2.3388    434.000 2.0907e-02     8.0582    35.0477  1029.2818    27.3026    3.72421         33 0.0000e+00
 -9.990e-29 -9.990e-29 -9.990e-29 -9.990e-29 -9.990e-29 -9.990e-29 -9.990e-29    435.000 -9.990e-29 -9.990e-29 -9.990e-29 -9.990e-29 -9.990e-29 -9.990e-29          0 -9.990e-29
      35065 164.457384    824.343    439.232     8.0912   3.656963     2.2245    436.000 2.2850e-02     8.0456    35.0802  1029.3180    27.3301    3.46529         21 0.0000e+00
      35102 164.457402     10.871    440.328     8.0874   3.656587     2.1846    437.000 2.2955e-02     8.0418    35.0795  1029.3230    27.3300    3.37532         50 0.0000e+00
      35143 164.457422      0.550    441.340     8.0844   3.656412     2.1508    438.000 2.2903e-02     8.0387    35.0801  1029.3286    27.3310    3.29904         33 0.0000e+00
      35174 164.457437      0.762    442.344     8.0742   3.656791     2.1385    439.000 2.2974e-02     8.0284    35.0938  1029.3454    27.3433    3.27187         27 0.0000e+00
      35213 164.457456      0.672    443.348     8.0869   3.656220     2.1261    440.000 2.3021e-02     8.0410    35.0746  1029.3329    27.3263    3.24365         40 0.0000e+00
      35309 164.457502      0.185    444.362     8.0992   3.655801     2.1711    441.000 2.3139e-02     8.0532    35.0574  1029.3220    27.3109    3.34609         34 0.0000e+00
 -9.990e-29 -9.990e-29 -9.990e-29 -9.990e-29 -9.990e-29 -9.990e-29 -9.990e-29    442.000 -9.990e-29 -9.990e-29 -9.990e-29 -9.990e-29 -9.990e-29 -9.990e-29          0 -9.990e-29
 -9.990e-29 -9.990e-29 -9.990e-29 -9.990e-29 -9.990e-29 -9.990e-29 -9.990e-29    443.000 -9.990e-29 -9.990e-29 -9.990e-29 -9.990e-29 -9.990e-29 -9.990e-29          0 -9.990e-29
      35383 164.457538    159.716    445.742     8.0807   3.650659     2.2716    444.000 4.7863e-02     8.0346    35.0201  1029.3021    27.2845    3.57778          5 0.0000e+00
      35533 164.457610    125.404    447.787     8.0146   3.708451     2.2835    445.000 2.7223e-02     7.9679    35.7062  1029.8589    27.8337    3.59458         24 0.0000e+00
      35778 164.457728    -68.402    449.622     8.0231   3.646345     2.0629    446.000 2.3234e-02     7.9768    35.0284  1029.3352    27.2996    3.10908         33 0.0000e+00
