jupyter/NEMEA/cnv_final/dMCTV001.cnv
* Sea-Bird SBE 9 Data File:
* FileName = D:\ACEX\MCTV001.hex
* Software Version Seasave V 7.17
* Temperature SN = 4821
* Conductivity SN = 3367
* Number of Bytes Per Scan = 18
* Number of Voltage Words = 2
* Number of Scans Averaged by the Deck Unit = 1
** H38 
** NHo Cruzeiro do Sul 
** 222 
** MCT V ACEx 
** Estação 001
**  25 59.557 S
**  045 32.712 W
**   12/06/2012 13:33Z
**   496
** 9P46375-0882 
**   CT Bambace
# nquan = 16
# nvalues = 435                         
# units = specified
# name 0 = scan: Scan Count
# name 1 = timeJ: Julian Days
# name 2 = dz/dtM: Descent Rate [m/s]
# name 3 = prDM: Pressure, Digiquartz [db]
# name 4 = t090C: Temperature [ITS-90, deg C]
# name 5 = c0S/m: Conductivity [S/m]
# name 6 = sbeox0V: Oxygen Voltage, SBE 43
# name 7 = depSM: Depth [salt water, m]
# name 8 = flSP: Fluorescence, Seapoint
# name 9 = potemp090C: Potential Temperature [ITS-90, deg C]
# name 10 = sal00: Salinity [PSU]
# name 11 = density00: Density [density, Kg/m^3]
# name 12 = sigma-é00: Density [sigma-theta, Kg/m^3]
# name 13 = sbeox0ML/L: Oxygen, SBE 43 [ml/l], WS = 2
# name 14 = nbin: number of scans per bin
# name 15 = flag: flag
# span 0 =      11641,      35778       
# span 1 = 164.446088, 164.457728       
# span 2 =   -173.362,    824.343       
# span 3 =     12.086,    449.622       
# span 4 =     8.0146,    21.9283       
# span 5 =   3.646345,   5.160595       
# span 6 =     2.0629,     3.4843       
# span 7 =     12.000,    446.000       
# span 8 = 1.6712e-02, 5.5658e-02       
# span 9 =     7.9679,    21.9207       
# span 10 =    35.0034,    36.4921      
# span 11 =  1025.1559,  1029.8589      
# span 12 =    25.1041,    27.8337      
# span 13 =    3.10908,    4.54715      
# span 14 =          0,         68      
# span 15 = 0.0000e+00, 0.0000e+00      
# interval = meters: 1                  
# start_time = Jun 12 2012 10:34:17
# bad_flag = -9.990e-29
*END*
[from data line 91]
      16116 164.448246      0.638    103.703    14.9083   4.386803     2.6554    103.000 4.8350e-02    14.8926    35.9103  1027.1537    26.6978    3.67103         30 0.0000e+00
      16147 164.448261      0.763    104.704    14.9026   4.386229     2.6524    104.000 4.8561e-02    14.8868    35.9098  1027.1590    26.6987    3.66629         30 0.0000e+00
      16185 164.448279      0.679    105.710    14.8998   4.385964     2.6511    105.000 4.8603e-02    14.8838    35.9096  1027.1639    26.6992    3.66454         41 0.0000e+00
      16228 164.448300      0.545    106.723    14.8799   4.383587     2.6467    106.000 4.8701e-02    14.8637    35.9057  1027.1698    26.7007    3.65830         43 0.0000e+00
      16265 164.448318      0.649    107.728    14.8600   4.381397     2.6412    107.000 4.8533e-02    14.8437    35.9035  1027.1770    26.7034    3.64985         32 0.0000e+00
      16299 164.448335      0.701    108.735    14.8468   4.379904     2.6388    108.000 4.8604e-02    14.8304    35.9016  1027.1828    26.7048    3.64678         36 0.0000e+00
      16336 164.448352      0.667    109.739    14.8154   4.376232     2.6355    109.000 4.8519e-02    14.7988    35.8964  1027.1903    26.7077    3.64341         38 0.0000e+00
      16375 164.448371      0.622    110.752    14.7601   4.369980     2.6373    110.000 4.8500e-02    14.7434    35.8895  1027.2017    26.7146    3.65138         36 0.0000e+00
      16408 164.448387      0.708    111.755    14.7159   4.365008     2.6433    111.000 4.8552e-02    14.6991    35.8842  1027.2118    26.7201    3.66643         34 0.0000e+00
      16446 164.448405      0.661    112.764    14.6681   4.359391     2.6494    112.000 4.8589e-02    14.6512    35.8761  1027.2205    26.7244    3.68216         39 0.0000e+00
      16484 164.448423      0.623    113.771    14.5914   4.350653     2.6500    113.000 4.8293e-02    14.5744    35.8660  1027.2341    26.7333    3.68938         34 0.0000e+00
      16518 164.448440      0.692    114.776    14.5194   4.342088     2.6309    114.000 4.8323e-02    14.5023    35.8530  1027.2443    26.7389    3.65923         33 0.0000e+00
      16560 164.448460      0.594    115.780    14.4450   4.334064     2.6011    115.000 4.8377e-02    14.4278    35.8472  1027.2605    26.7506    3.60846         53 0.0000e+00
      16618 164.448488      0.374    116.798    14.4285   4.332273     2.5903    116.000 4.8386e-02    14.4112    35.8455  1027.2673    26.7528    3.58977         43 0.0000e+00
      16650 164.448504      0.671    117.800    14.4175   4.331109     2.5915    117.000 4.8092e-02    14.4000    35.8445  1027.2733    26.7545    3.59325         28 0.0000e+00
      16681 164.448519      0.808    118.798    14.4134   4.330769     2.5959    118.000 4.8484e-02    14.3958    35.8447  1027.2788    26.7555    3.60234         36 0.0000e+00
      16763 164.448558      0.285    119.818    14.3539   4.323567     2.6247    119.000 4.8308e-02    14.3362    35.8326  1027.2870    26.7591    3.66224         36 0.0000e+00
      16803 164.448577      0.613    120.819    14.2871   4.316306     2.6479    120.000 4.8441e-02    14.2693    35.8267  1027.3013    26.7689    3.71185         34 0.0000e+00
      16850 164.448600      0.516    121.826    14.2522   4.312654     2.6702    121.000 4.8586e-02    14.2343    35.8247  1027.3118    26.7748    3.75761         59 0.0000e+00
      16912 164.448630      0.378    122.839    14.2110   4.307599     2.6816    122.000 4.8295e-02    14.1930    35.8155  1027.3180    26.7765    3.78307         42 0.0000e+00
      16945 164.448646      0.668    123.839    14.1664   4.302647     2.6891    123.000 4.8270e-02    14.1483    35.8104  1027.3282    26.7821    3.80140         30 0.0000e+00
      17013 164.448678      0.379    124.850    14.1240   4.297809     2.6963    124.000 4.8498e-02    14.1057    35.8043  1027.3371    26.7865    3.81898         46 0.0000e+00
      17071 164.448706      0.550    125.858    14.0862   4.293642     2.7013    125.000 4.8450e-02    14.0678    35.8001  1027.3465    26.7913    3.83219         25 0.0000e+00
      17101 164.448721      0.824    126.854    14.0615   4.291066     2.7054    126.000 4.8412e-02    14.0431    35.7986  1027.3550    26.7954    3.84246         37 0.0000e+00
      17184 164.448761      0.259    127.874    14.0582   4.290754     2.7126    127.000 4.8572e-02    14.0396    35.7983  1027.3600    26.7960    3.85705         41 0.0000e+00
      17231 164.448784      0.518    128.876    14.0454   4.289255     2.7130    128.000 4.8605e-02    14.0266    35.7958  1027.3653    26.7968    3.85930         52 0.0000e+00
      17286 164.448810      0.417    129.887    13.9965   4.283417     2.7098    129.000 4.8450e-02    13.9776    35.7864  1027.3729    26.7998    3.85757         45 0.0000e+00
      17322 164.448827      0.632    130.889    13.9596   4.279441     2.7094    130.000 4.8306e-02    13.9406    35.7831  1027.3827    26.8051    3.86024         30 0.0000e+00
      17359 164.448845      0.699    131.890    13.9356   4.276773     2.7107    131.000 4.8403e-02    13.9166    35.7800  1027.3899    26.8078    3.86527         36 0.0000e+00
      17461 164.448894      0.258    132.911    13.9235   4.275472     2.7232    132.000 4.8355e-02    13.9043    35.7787  1027.3960    26.8094    3.89082         48 0.0000e+00
      17502 164.448914      0.561    133.912    13.9192   4.275058     2.7243    133.000 4.8571e-02    13.8998    35.7784  1027.4012    26.8101    3.89381         41 0.0000e+00
      17546 164.448935      0.549    134.920    13.9170   4.274852     2.7241    134.000 4.8666e-02    13.8975    35.7780  1027.4058    26.8103    3.89400         42 0.0000e+00
      17589 164.448956      0.562    135.927    13.9062   4.273649     2.7241    135.000 4.8455e-02    13.8865    35.7765  1027.4114    26.8114    3.89546         47 0.0000e+00
      17673 164.448997      0.271    136.939    13.9035   4.273418     2.7249    136.000 4.8556e-02    13.8837    35.7763  1027.4164    26.8119    3.89780         34 0.0000e+00
      17734 164.449026      0.505    137.944    13.9048   4.273634     2.7235    137.000 4.8534e-02    13.8848    35.7768  1027.4209    26.8120    3.89547         28 0.0000e+00
      17759 164.449039      0.868    138.946    13.9046   4.273638     2.7235    138.000 4.8232e-02    13.8845    35.7765  1027.4252    26.8119    3.89591         26 0.0000e+00
      17791 164.449054      0.826    139.955    13.9029   4.273449     2.7240    139.000 4.8579e-02    13.8826    35.7760  1027.4296    26.8119    3.89760         38 0.0000e+00
      17831 164.449073      0.626    140.959    13.8929   4.272371     2.7244    140.000 4.8272e-02    13.8725    35.7747  1027.4352    26.8130    3.89968         42 0.0000e+00
      17914 164.449113      0.272    141.975    13.8761   4.270392     2.7262    141.000 4.8359e-02    13.8555    35.7714  1027.4408    26.8141    3.90508         41 0.0000e+00
      17958 164.449134      0.567    142.981    13.8666   4.269455     2.7269    142.000 4.8336e-02    13.8460    35.7710  1027.4469    26.8158    3.90783         34 0.0000e+00
      17990 164.449150      0.731    143.985    13.8658   4.269405     2.7295    143.000 4.8408e-02    13.8450    35.7709  1027.4515    26.8159    3.91339         34 0.0000e+00
      18028 164.449168      0.667    144.990    13.8528   4.267801     2.7314    144.000 4.8432e-02    13.8319    35.7676  1027.4561    26.8161    3.91856         42 0.0000e+00
      18085 164.449196      0.413    145.999    13.8030   4.262364     2.7350    145.000 4.8498e-02    13.7820    35.7626  1027.4673    26.8227    3.93014         68 0.0000e+00
      18147 164.449226      0.392    147.008    13.7857   4.260363     2.7407    146.000 4.8614e-02    13.7646    35.7594  1027.4731    26.8239    3.94307         48 0.0000e+00
      18195 164.449249      0.526    148.010    13.7787   4.259714     2.7431    147.000 4.8511e-02    13.7574    35.7595  1027.4790    26.8255    3.94892         42 0.0000e+00
      18281 164.449290      0.276    149.030    13.7792   4.259822     2.7428    148.000 4.8580e-02    13.7578    35.7595  1027.4835    26.8254    3.94878         42 0.0000e+00
      18314 164.449306      0.642    150.031    13.7753   4.259421     2.7442    149.000 4.8459e-02    13.7537    35.7590  1027.4884    26.8259    3.95239         29 0.0000e+00
      18344 164.449320      0.814    151.033    13.7683   4.258623     2.7453    150.000 4.8389e-02    13.7466    35.7577  1027.4933    26.8263    3.95552         35 0.0000e+00
      18389 164.449342      0.534    152.045    13.7562   4.257299     2.7486    151.000 4.8619e-02    13.7343    35.7561  1027.4991    26.8276    3.96340         48 0.0000e+00
      18431 164.449362      0.578    153.049    13.7482   4.256436     2.7484    152.000 4.8510e-02    13.7263    35.7549  1027.5043    26.8284    3.96435         37 0.0000e+00
      18510 164.449401      0.321    154.059    13.7371   4.255209     2.7484    153.000 4.8528e-02    13.7150    35.7534  1027.5100    26.8297    3.96582         43 0.0000e+00
      18573 164.449431      0.519    155.065    13.7265   4.254051     2.7480    154.000 4.8684e-02    13.7043    35.7519  1027.5156    26.8307    3.96633         31 0.0000e+00
      18622 164.449455      0.549    156.069    13.7178   4.253137     2.7515    155.000 4.8408e-02    13.6954    35.7510  1027.5212    26.8319    3.97434         45 0.0000e+00
      18704 164.449494      0.354    157.082    13.7139   4.252733     2.7522    156.000 4.8524e-02    13.6914    35.7505  1027.5261    26.8323    3.97666         42 0.0000e+00
      18796 164.449538      0.358    158.084    13.7109   4.252464     2.7527    157.000 4.8375e-02    13.6882    35.7503  1027.5310    26.8328    3.97834         55 0.0000e+00
      18914 164.449595      0.366    159.093    13.6696   4.247376     2.7488    158.000 4.8354e-02    13.6468    35.7406  1027.5367    26.8339    3.97476         58 0.0000e+00
      19043 164.449658      0.187    160.102    13.6389   4.244234     2.7531    159.000 4.8545e-02    13.6161    35.7391  1027.5466    26.8393    3.98624         35 0.0000e+00
      19168 164.449718      0.232    161.111    13.6028   4.240148     2.7584    160.000 4.8504e-02    13.5798    35.7340  1027.5547    26.8428    3.99997         43 0.0000e+00
      19252 164.449758      0.333    162.121    13.5844   4.238002     2.7608    161.000 4.8409e-02    13.5614    35.7305  1027.5603    26.8439    4.00684         43 0.0000e+00
      19300 164.449781      0.551    163.120    13.5538   4.234567     2.7603    162.000 4.8194e-02    13.5306    35.7263  1027.5680    26.8471    4.00891         43 0.0000e+00
      19426 164.449842      0.482    164.131    13.5186   4.230339     2.7620    163.000 4.8300e-02    13.4953    35.7189  1027.5742    26.8487    4.01584         36 0.0000e+00
      19467 164.449862      0.570    165.138    13.4745   4.225795     2.7686    164.000 4.8358e-02    13.4511    35.7167  1027.5862    26.8561    4.03285         48 0.0000e+00
      19512 164.449884      0.541    166.147    13.4555   4.223608     2.7797    165.000 4.8303e-02    13.4319    35.7134  1027.5921    26.8575    4.05662         41 0.0000e+00
      19551 164.449902      0.618    167.152    13.4129   4.218590     2.7867    166.000 4.8487e-02    13.3893    35.7053  1027.5992    26.8600    4.07444         38 0.0000e+00
      19683 164.449966      0.402    168.160    13.3342   4.210087     2.7981    167.000 4.8433e-02    13.3105    35.6981  1027.6146    26.8706    4.10402         42 0.0000e+00
      21262 164.450728      0.382    169.170    13.2876   4.204762     2.8024    168.000 4.8474e-02    13.2638    35.6908  1027.6232    26.8746    4.11689         53 0.0000e+00
      24193 164.452141      0.523    170.174    13.2441   4.199963     2.8009    169.000 4.8305e-02    13.2203    35.6856  1027.6326    26.8794    4.11828         52 0.0000e+00
      24344 164.452214      0.365    171.182    13.2274   4.198032     2.8005    170.000 4.8297e-02    13.2034    35.6825  1027.6381    26.8805    4.11949         54 0.0000e+00
      24442 164.452261      0.203    172.191    13.1958   4.194500     2.8012    171.000 4.8344e-02    13.1717    35.6781  1027.6458    26.8836    4.12414         32 0.0000e+00
      24556 164.452316      0.299    173.197    13.1439   4.188427     2.8004    172.000 4.8387e-02    13.1198    35.6686  1027.6536    26.8868    4.12766         59 0.0000e+00
      24605 164.452340      0.471    174.205    13.0889   4.182404     2.7949    173.000 4.8310e-02    13.0647    35.6625  1027.6647    26.8932    4.12215         55 0.0000e+00
      24671 164.452372      0.335    175.209    13.0522   4.178171     2.7946    174.000 4.8599e-02    13.0279    35.6562  1027.6719    26.8958    4.12538         35 0.0000e+00
      24771 164.452420      0.279    176.227    12.9716   4.169066     2.7963    175.000 4.8273e-02    12.9472    35.6446  1027.6840    26.9031    4.13610         43 0.0000e+00
      24802 164.452435      0.644    177.225    12.9320   4.164606     2.7990    176.000 4.8366e-02    12.9076    35.6387  1027.6920    26.9066    4.14546         36 0.0000e+00
      24844 164.452455      0.596    178.235    12.8510   4.155438     2.7977    177.000 4.8441e-02    12.8265    35.6268  1027.7038    26.9136    4.15065         49 0.0000e+00
      24888 164.452476      0.546    179.241    12.7260   4.141595     2.8002    178.000 4.8564e-02    12.7015    35.6114  1027.7217    26.9267    4.16711         40 0.0000e+00
      24962 164.452512      0.340    180.250    12.6952   4.138507     2.8120    179.000 4.8534e-02    12.6706    35.6103  1027.7316    26.9320    4.19357         40 0.0000e+00
      25029 164.452544      0.464    181.261    12.6860   4.137438     2.8167    180.000 4.8514e-02    12.6614    35.6082  1027.7364    26.9322    4.20442         30 0.0000e+00
      25055 164.452557      0.813    182.262    12.6683   4.135483     2.8167    181.000 4.8434e-02    12.6435    35.6057  1027.7425    26.9338    4.20650         27 0.0000e+00
      25087 164.452572      0.836    183.261    12.6502   4.133612     2.8191    182.000 4.8447e-02    12.6253    35.6043  1027.7495    26.9364    4.21351         31 0.0000e+00
      25180 164.452617      0.246    184.284    12.6408   4.132652     2.8212    183.000 4.8665e-02    12.6158    35.6035  1027.7553    26.9376    4.21914         53 0.0000e+00
      25221 164.452637      0.562    185.289    12.6337   4.131949     2.8235    184.000 4.8541e-02    12.6085    35.6031  1027.7610    26.9387    4.22472         33 0.0000e+00
      25252 164.452652      0.746    186.289    12.6320   4.131820     2.8226    185.000 4.8448e-02    12.6067    35.6030  1027.7657    26.9390    4.22373         34 0.0000e+00
      25322 164.452685      0.326    187.304    12.6282   4.131393     2.8235    186.000 4.8247e-02    12.6028    35.6020  1027.7702    26.9391    4.22646         39 0.0000e+00
      25369 164.452708      0.561    188.312    12.6038   4.128587     2.8270    187.000 4.8313e-02    12.5782    35.5976  1027.7762    26.9405    4.23618         30 0.0000e+00
      25401 164.452724      0.791    189.307    12.5772   4.125844     2.8324    188.000 4.8593e-02    12.5516    35.5958  1027.7846    26.9444    4.24991         32 0.0000e+00
      25526 164.452784      0.226    190.332    12.5375   4.121278     2.8357    189.000 4.8356e-02    12.5118    35.5889  1027.7918    26.9469    4.26071         47 0.0000e+00
      25555 164.452798      0.654    191.332    12.4773   4.114707     2.8370    190.000 4.8487e-02    12.4515    35.5820  1027.8030    26.9534    4.26931         31 0.0000e+00
      25591 164.452815      0.704    192.337    12.4659   4.113543     2.8393    191.000 4.8504e-02    12.4400    35.5810  1027.8090    26.9550    4.27552         40 0.0000e+00
