jupyter/NEMEA/cnv_final/dMCTV001.cnv
* Sea-Bird SBE 9 Data File:
* FileName = D:\ACEX\MCTV001.hex
* Software Version Seasave V 7.17
* Temperature SN = 4821
* Conductivity SN = 3367
* Number of Bytes Per Scan = 18
* Number of Voltage Words = 2
* Number of Scans Averaged by the Deck Unit = 1
** H38 
** NHo Cruzeiro do Sul 
** 222 
** MCT V ACEx 
** Estação 001
**  25 59.557 S
**  045 32.712 W
**   12/06/2012 13:33Z
**   496
** 9P46375-0882 
**   CT Bambace
# nquan = 16
# nvalues = 435                         
# units = specified
# name 0 = scan: Scan Count
# name 1 = timeJ: Julian Days
# name 2 = dz/dtM: Descent Rate [m/s]
# name 3 = prDM: Pressure, Digiquartz [db]
# name 4 = t090C: Temperature [ITS-90, deg C]
# name 5 = c0S/m: Conductivity [S/m]
# name 6 = sbeox0V: Oxygen Voltage, SBE 43
# name 7 = depSM: Depth [salt water, m]
# name 8 = flSP: Fluorescence, Seapoint
# name 9 = potemp090C: Potential Temperature [ITS-90, deg C]
# name 10 = sal00: Salinity [PSU]
# name 11 = density00: Density [density, Kg/m^3]
# name 12 = sigma-é00: Density [sigma-theta, Kg/m^3]
# name 13 = sbeox0ML/L: Oxygen, SBE 43 [ml/l], WS = 2
# name 14 = nbin: number of scans per bin
# name 15 = flag: flag
# span 0 =      11641,      35778       
# span 1 = 164.446088, 164.457728       
# span 2 =   -173.362,    824.343       
# span 3 =     12.086,    449.622       
# span 4 =     8.0146,    21.9283       
# span 5 =   3.646345,   5.160595       
# span 6 =     2.0629,     3.4843       
# span 7 =     12.000,    446.000       
# span 8 = 1.6712e-02, 5.5658e-02       
# span 9 =     7.9679,    21.9207       
# span 10 =    35.0034,    36.4921      
# span 11 =  1025.1559,  1029.8589      
# span 12 =    25.1041,    27.8337      
# span 13 =    3.10908,    4.54715      
# span 14 =          0,         68      
# span 15 = 0.0000e+00, 0.0000e+00      
# interval = meters: 1                  
# start_time = Jun 12 2012 10:34:17
# bad_flag = -9.990e-29
*END*
      11641 164.446088      0.305     12.086    21.8143   5.116124     3.4843     12.000 4.9232e-02    21.8119    36.0965  1025.1559    25.1041    4.54715         25 0.0000e+00
      11701 164.446117      0.568     13.079    21.8149   5.116772     3.4809     13.000 4.9216e-02    21.8124    36.1007  1025.1633    25.1072    4.54205         39 0.0000e+00
      11798 164.446164      0.306     14.092    21.8148   5.117470     3.4683     14.000 4.9068e-02    21.8120    36.1060  1025.1717    25.1113    4.52189         31 0.0000e+00
      11858 164.446193      0.565     15.093    21.8111   5.117297     3.4715     15.000 4.9475e-02    21.8082    36.1074  1025.1781    25.1134    4.52803         42 0.0000e+00
      11950 164.446237      0.590     16.097    21.8142   5.118956     3.4736     16.000 4.9452e-02    21.8111    36.1176  1025.1894    25.1204    4.53158         42 0.0000e+00
      12032 164.446277      0.280     17.116    21.8251   5.122175     3.4724     17.000 4.9320e-02    21.8218    36.1336  1025.2029    25.1296    4.52899         41 0.0000e+00
      12110 164.446314      0.305     18.109    21.8367   5.125255     3.4682     18.000 4.9381e-02    21.8331    36.1481  1025.2150    25.1374    4.52136         41 0.0000e+00
      12215 164.446365      0.242     19.109    21.8412   5.126439     3.4685     19.000 4.9294e-02    21.8374    36.1533  1025.2220    25.1402    4.52206         48 0.0000e+00
      12291 164.446402      0.467     20.130    21.8515   5.128573     3.4694     20.000 4.9156e-02    21.8475    36.1612  1025.2296    25.1434    4.52317         38 0.0000e+00
      12350 164.446430      0.392     21.136    21.8568   5.129554     3.4653     21.000 4.9203e-02    21.8526    36.1642  1025.2348    25.1442    4.51658         47 0.0000e+00
      12417 164.446462      0.398     22.144    21.8590   5.130275     3.4652     22.000 4.9349e-02    21.8546    36.1678  1025.2412    25.1463    4.51668         46 0.0000e+00
      12458 164.446482      0.585     23.151    21.8643   5.131809     3.4645     23.000 4.9246e-02    21.8598    36.1751  1025.2496    25.1505    4.51552         36 0.0000e+00
      12498 164.446501      0.613     24.158    21.8778   5.135082     3.4654     24.000 4.9237e-02    21.8730    36.1895  1025.2611    25.1577    4.51620         43 0.0000e+00
      12543 164.446523      0.533     25.160    21.8846   5.137435     3.4649     25.000 4.9100e-02    21.8796    36.2020  1025.2731    25.1654    4.51515         42 0.0000e+00
      12612 164.446556      0.333     26.173    21.8832   5.138333     3.4589     26.000 4.9237e-02    21.8780    36.2100  1025.2839    25.1719    4.50594         50 0.0000e+00
      12688 164.446593      0.470     27.180    21.8851   5.139868     3.4567     27.000 4.9395e-02    21.8797    36.2202  1025.2956    25.1792    4.50244         36 0.0000e+00
      12722 164.446609      0.662     28.181    21.8823   5.141018     3.4577     28.000 4.9289e-02    21.8768    36.2313  1025.3091    25.1884    4.50461         38 0.0000e+00
      12765 164.446630      0.565     29.190    21.8862   5.144108     3.4586     29.000 4.9368e-02    21.8804    36.2522  1025.3283    25.2034    4.50589         44 0.0000e+00
      12821 164.446657      0.430     30.195    21.8992   5.148053     3.4533     30.000 4.9203e-02    21.8932    36.2722  1025.3442    25.2150    4.49637         61 0.0000e+00
      12884 164.446688      0.377     31.204    21.9083   5.150480     3.4518     31.000 4.9396e-02    21.9021    36.2835  1025.3546    25.2210    4.49344         42 0.0000e+00
      12925 164.446707      0.590     32.207    21.9127   5.151681     3.4470     32.000 4.9435e-02    21.9063    36.2889  1025.3619    25.2240    4.48577         43 0.0000e+00
      12985 164.446736      0.368     33.207    21.9148   5.152603     3.4482     33.000 4.9333e-02    21.9083    36.2940  1025.3695    25.2273    4.48802         56 0.0000e+00
      13025 164.446756      0.591     34.222    21.9185   5.154406     3.4481     34.000 4.9193e-02    21.9117    36.3049  1025.3811    25.2346    4.48792         31 0.0000e+00
      13062 164.446773      0.685     35.226    21.9126   5.154807     3.4495     35.000 4.9237e-02    21.9056    36.3127  1025.3930    25.2423    4.49105         40 0.0000e+00
      13116 164.446799      0.400     36.229    21.9084   5.155813     3.4439     36.000 4.9369e-02    21.9012    36.3239  1025.4071    25.2520    4.48256         43 0.0000e+00
      13224 164.446851      0.284     37.245    21.9192   5.158727     3.4440     37.000 4.9423e-02    21.9118    36.3375  1025.4188    25.2594    4.48210         50 0.0000e+00
      13313 164.446894      0.265     38.252    21.9283   5.160595     3.4410     38.000 4.9449e-02    21.9207    36.3443  1025.4258    25.2621    4.47702         40 0.0000e+00
      13384 164.446928      0.406     39.223    21.8763   5.157766     3.4310     39.000 4.9187e-02    21.8685    36.3653  1025.4606    25.2927    4.46472         36 0.0000e+00
      13476 164.446973      0.265     40.276    21.7609   5.150132     3.4095     40.000 4.9181e-02    21.7530    36.4016  1025.5252    25.3528    4.43801         39 0.0000e+00
      13578 164.447022      0.398     41.259    21.7265   5.146200     3.3988     41.000 4.9337e-02    21.7184    36.3991  1025.5372    25.3605    4.42376         40 0.0000e+00
      13643 164.447053      0.681     42.280    21.6746   5.141350     3.3890     42.000 4.9277e-02    21.6663    36.4040  1025.5599    25.3788    4.41207         25 0.0000e+00
      13670 164.447067      0.825     43.272    21.6374   5.140882     3.3858     43.000 4.9095e-02    21.6289    36.4314  1025.5955    25.4101    4.40955         33 0.0000e+00
      13736 164.447098      0.355     44.281    21.5660   5.136869     3.3686     44.000 4.9185e-02    21.5573    36.4595  1025.6412    25.4515    4.38649         53 0.0000e+00
      13794 164.447126      0.467     45.302    21.4840   5.131020     3.3572     45.000 4.9286e-02    21.4751    36.4820  1025.6856    25.4915    4.37403         44 0.0000e+00
      13839 164.447148      0.530     46.305    21.3210   5.115017     3.3395     46.000 4.9125e-02    21.3120    36.4921  1025.7430    25.5444    4.35744         47 0.0000e+00
      13883 164.447169      0.551     47.309    21.1461   5.095811     3.3243     47.000 4.9236e-02    21.1369    36.4866  1025.7915    25.5885    4.34630         43 0.0000e+00
      13980 164.447216      0.245     48.322    20.7498   5.049284     3.2815     48.000 4.9110e-02    20.7406    36.4490  1025.8758    25.6681    4.30648         46 0.0000e+00
      14040 164.447245      0.408     49.326    20.3405   5.003675     3.2385     49.000 4.9067e-02    20.3313    36.4291  1025.9760    25.7638    4.26626         59 0.0000e+00
      14104 164.447276      0.399     50.329    19.8358   4.944584     3.2045     50.000 4.8969e-02    19.8265    36.3793  1026.0771    25.8601    4.24875         58 0.0000e+00
      14168 164.447307      0.348     51.347    19.6168   4.919742     3.1777     51.000 4.9057e-02    19.6074    36.3634  1026.1274    25.9058    4.22059         40 0.0000e+00
      14202 164.447323      0.650     52.345    19.3446   4.889545     3.1665     52.000 4.8880e-02    19.3351    36.3488  1026.1919    25.9658    4.22300         30 0.0000e+00
      14236 164.447339      0.726     53.349    19.1949   4.875038     3.1587     53.000 4.8933e-02    19.1853    36.3579  1026.2422    26.0117    4.22127         39 0.0000e+00
      14276 164.447359      0.593     54.363    19.0141   4.855206     3.1449     54.000 4.8909e-02    19.0044    36.3495  1026.2871    26.0520    4.21207         35 0.0000e+00
      14309 164.447374      0.714     55.366    18.8421   4.833733     3.1332     55.000 4.8799e-02    18.8322    36.3193  1026.3126    26.0730    4.20621         31 0.0000e+00
      14350 164.447394      0.620     56.371    18.4984   4.794431     3.1217     56.000 4.8861e-02    18.4885    36.2888  1026.3813    26.1371    4.21390         52 0.0000e+00
      14406 164.447422      0.374     57.384    18.2784   4.766401     3.1070     57.000 4.8838e-02    18.2684    36.2440  1026.4071    26.1582    4.20679         41 0.0000e+00
      14435 164.447435      0.727     58.391    17.8088   4.715289     3.0946     58.000 4.8794e-02    17.7987    36.2219  1026.5118    26.2581    4.22249         26 0.0000e+00
      14460 164.447447      0.931     59.390    17.7669   4.711796     3.0871     59.000 4.9107e-02    17.7568    36.2287  1026.5318    26.2737    4.21283         23 0.0000e+00
      14496 164.447465      0.746     60.395    17.7118   4.705350     3.0812     60.000 4.9017e-02    17.7015    36.2217  1026.5445    26.2820    4.20739         50 0.0000e+00
      14551 164.447491      0.376     61.413    17.4609   4.675005     3.0596     61.000 4.8951e-02    17.4506    36.1822  1026.5801    26.3129    4.19018         42 0.0000e+00
      14581 164.447506      0.701     62.417    17.0215   4.625998     3.0319     62.000 4.9289e-02    17.0112    36.1482  1026.6654    26.3933    4.17642         25 0.0000e+00
      14608 164.447519      0.894     63.415    16.8747   4.610208     3.0085     63.000 4.8880e-02    16.8642    36.1413  1026.6997    26.4231    4.14654         28 0.0000e+00
      14646 164.447537      0.685     64.424    16.7572   4.596799     2.9783     64.000 4.8971e-02    16.7466    36.1287  1026.7225    26.4414    4.10205         46 0.0000e+00
      14689 164.447558      0.533     65.440    16.3498   4.547642     2.9281     65.000 4.8621e-02    16.3392    36.0613  1026.7716    26.4855    4.04469         36 0.0000e+00
      14724 164.447575      0.687     66.438    16.0935   4.520175     2.8871     66.000 4.8674e-02    16.0829    36.0485  1026.8260    26.5354    3.99044         37 0.0000e+00
      14773 164.447598      0.476     67.452    16.0381   4.514429     2.8566     67.000 4.8773e-02    16.0274    36.0471  1026.8423    26.5471    3.93945         48 0.0000e+00
      14807 164.447615      0.633     68.461    16.0129   4.511556     2.8449     68.000 4.8602e-02    16.0020    36.0439  1026.8501    26.5505    3.92055         26 0.0000e+00
      14831 164.447626      0.924     69.459    15.9813   4.507879     2.8382     69.000 4.8733e-02    15.9703    36.0393  1026.8583    26.5543    3.91137         23 0.0000e+00
      14861 164.447641      0.884     70.463    15.9191   4.501000     2.8249     70.000 4.8521e-02    15.9079    36.0338  1026.8729    26.5644    3.89217         40 0.0000e+00
      14915 164.447667      0.415     71.474    15.8924   4.498291     2.8147     71.000 4.8710e-02    15.8811    36.0334  1026.8832    26.5703    3.87613         54 0.0000e+00
      14961 164.447689      0.533     72.487    15.8724   4.496118     2.8132     72.000 4.8435e-02    15.8609    36.0317  1026.8910    26.5736    3.87528         37 0.0000e+00
      14992 164.447704      0.715     73.493    15.8673   4.495661     2.8088     73.000 4.8674e-02    15.8557    36.0319  1026.8967    26.5749    3.86822         29 0.0000e+00
      15021 164.447718      0.833     74.495    15.8606   4.495001     2.8057     74.000 4.8533e-02    15.8488    36.0317  1026.9025    26.5763    3.86356         28 0.0000e+00
      15056 164.447735      0.735     75.500    15.8332   4.491828     2.7983     75.000 4.8565e-02    15.8213    36.0277  1026.9102    26.5796    3.85252         40 0.0000e+00
      15099 164.447755      0.555     76.514    15.7823   4.485745     2.7907     76.000 4.8510e-02    15.7702    36.0190  1026.9197    26.5846    3.84306         41 0.0000e+00
      15135 164.447773      0.649     77.519    15.6741   4.472849     2.7817     77.000 4.8686e-02    15.6619    36.0011  1026.9352    26.5955    3.83542         31 0.0000e+00
      15167 164.447788      0.740     78.519    15.5907   4.463999     2.7725     78.000 4.8909e-02    15.5784    35.9970  1026.9555    26.6113    3.82503         34 0.0000e+00
      15213 164.447811      0.540     79.530    15.5790   4.462899     2.7623     79.000 4.8602e-02    15.5666    35.9973  1026.9629    26.6143    3.80768         55 0.0000e+00
      15261 164.447834      0.490     80.544    15.5732   4.462191     2.7601     80.000 4.8778e-02    15.5606    35.9959  1026.9676    26.6145    3.80444         35 0.0000e+00
      15294 164.447849      0.700     81.546    15.5529   4.459813     2.7567     81.000 4.8540e-02    15.5401    35.9925  1026.9741    26.6165    3.80037         33 0.0000e+00
      15325 164.447865      0.766     82.552    15.5272   4.456999     2.7506     82.000 4.8421e-02    15.5144    35.9901  1026.9825    26.6205    3.79153         32 0.0000e+00
      15359 164.447881      0.721     83.562    15.4906   4.452588     2.7440     83.000 4.8518e-02    15.4776    35.9833  1026.9900    26.6236    3.78252         34 0.0000e+00
      15390 164.447896      0.756     84.566    15.4463   4.447804     2.7377     84.000 4.8588e-02    15.4332    35.9801  1027.0021    26.6311    3.77472         29 0.0000e+00
      15428 164.447914      0.680     85.570    15.3823   4.440294     2.7309     85.000 4.8582e-02    15.3690    35.9702  1027.0134    26.6380    3.76753         52 0.0000e+00
      15491 164.447944      0.320     86.586    15.3462   4.436381     2.7240     86.000 4.8465e-02    15.3328    35.9673  1027.0238    26.6438    3.75780         50 0.0000e+00
      15524 164.447961      0.640     87.592    15.3116   4.432543     2.7215     87.000 4.8588e-02    15.2981    35.9637  1027.0333    26.6489    3.75634         24 0.0000e+00
      15549 164.447973      0.914     88.592    15.3117   4.432593     2.7194     88.000 4.8534e-02    15.2981    35.9637  1027.0377    26.6489    3.75288         24 0.0000e+00
      15576 164.447985      0.946     89.597    15.3092   4.432365     2.7164     89.000 4.8628e-02    15.2954    35.9635  1027.0426    26.6493    3.74795         29 0.0000e+00
      15611 164.448003      0.731     90.605    15.3010   4.431441     2.7160     90.000 4.8467e-02    15.2871    35.9622  1027.0478    26.6502    3.74837         45 0.0000e+00
      15661 164.448027      0.459     91.619    15.2823   4.429354     2.7125     91.000 4.8553e-02    15.2681    35.9600  1027.0549    26.6527    3.74375         46 0.0000e+00
      15701 164.448046      0.594     92.623    15.2782   4.428963     2.7113     92.000 4.8525e-02    15.2639    35.9598  1027.0601    26.6535    3.74235         35 0.0000e+00
      15738 164.448064      0.663     93.627    15.2773   4.428942     2.7117     93.000 4.8463e-02    15.2629    35.9600  1027.0649    26.6539    3.74362         39 0.0000e+00
      15778 164.448083      0.597     94.637    15.2667   4.427608     2.7074     94.000 4.8611e-02    15.2521    35.9572  1027.0695    26.6542    3.73707         37 0.0000e+00
      15812 164.448099      0.693     95.642    15.2307   4.423362     2.7064     95.000 4.8518e-02    15.2160    35.9511  1027.0774    26.6575    3.73841         34 0.0000e+00
      15850 164.448118      0.653     96.649    15.1780   4.417421     2.6988     96.000 4.8558e-02    15.1631    35.9451  1027.0890    26.6647    3.72860         39 0.0000e+00
      15888 164.448136      0.615     97.660    15.1447   4.413684     2.6931     97.000 4.8510e-02    15.1298    35.9411  1027.0979    26.6690    3.72103         37 0.0000e+00
      15922 164.448153      0.703     98.664    15.1007   4.408504     2.6886     98.000 4.8648e-02    15.0856    35.9339  1027.1066    26.6733    3.71639         32 0.0000e+00
      15958 164.448170      0.689     99.671    15.0169   4.398545     2.6774     99.000 4.8446e-02    15.0017    35.9195  1027.1188    26.6808    3.70231         37 0.0000e+00
      15993 164.448187      0.685    100.679    14.9584   4.392458     2.6705    100.000 4.8608e-02    14.9431    35.9172  1027.1345    26.6920    3.69404         31 0.0000e+00
      16033 164.448206      0.616    101.682    14.9532   4.391936     2.6660    101.000 4.8510e-02    14.9378    35.9168  1027.1397    26.6929    3.68659         48 0.0000e+00
