jupyter/NEMEA/cnv_final/dMCTV001.cnv
* Sea-Bird SBE 9 Data File:
* FileName = D:\ACEX\MCTV001.hex
* Software Version Seasave V 7.17
* Temperature SN = 4821
* Conductivity SN = 3367
* Number of Bytes Per Scan = 18
* Number of Voltage Words = 2
* Number of Scans Averaged by the Deck Unit = 1
** H38 
** NHo Cruzeiro do Sul 
** 222 
** MCT V ACEx 
** Estação 001
**  25 59.557 S
**  045 32.712 W
**   12/06/2012 13:33Z
**   496
** 9P46375-0882 
**   CT Bambace
# nquan = 16
# nvalues = 435                         
# units = specified
# name 0 = scan: Scan Count
# name 1 = timeJ: Julian Days
# name 2 = dz/dtM: Descent Rate [m/s]
# name 3 = prDM: Pressure, Digiquartz [db]
# name 4 = t090C: Temperature [ITS-90, deg C]
# name 5 = c0S/m: Conductivity [S/m]
# name 6 = sbeox0V: Oxygen Voltage, SBE 43
# name 7 = depSM: Depth [salt water, m]
# name 8 = flSP: Fluorescence, Seapoint
# name 9 = potemp090C: Potential Temperature [ITS-90, deg C]
# name 10 = sal00: Salinity [PSU]
# name 11 = density00: Density [density, Kg/m^3]
# name 12 = sigma-é00: Density [sigma-theta, Kg/m^3]
# name 13 = sbeox0ML/L: Oxygen, SBE 43 [ml/l], WS = 2
# name 14 = nbin: number of scans per bin
# name 15 = flag: flag
# span 0 =      11641,      35778       
# span 1 = 164.446088, 164.457728       
# span 2 =   -173.362,    824.343       
# span 3 =     12.086,    449.622       
# span 4 =     8.0146,    21.9283       
# span 5 =   3.646345,   5.160595       
# span 6 =     2.0629,     3.4843       
# span 7 =     12.000,    446.000       
# span 8 = 1.6712e-02, 5.5658e-02       
# span 9 =     7.9679,    21.9207       
# span 10 =    35.0034,    36.4921      
# span 11 =  1025.1559,  1029.8589      
# span 12 =    25.1041,    27.8337      
# span 13 =    3.10908,    4.54715      
# span 14 =          0,         68      
# span 15 = 0.0000e+00, 0.0000e+00      
# interval = meters: 1                  
# start_time = Jun 12 2012 10:34:17
# bad_flag = -9.990e-29
*END*
[from data line 272]
      29395 164.454650      1.308    286.056    10.3122   3.878565     2.7284    284.000 4.8142e-02    10.2781    35.2752  1028.4011    27.1187    4.30074         14 0.0000e+00
      29411 164.454658      1.495    287.048    10.2950   3.876648     2.7247    285.000 4.8133e-02    10.2608    35.2720  1028.4061    27.1192    4.29509         19 0.0000e+00
      29457 164.454680      0.738    288.072    10.3270   3.879523     2.7235    286.000 4.8213e-02    10.2926    35.2696  1028.4031    27.1119    4.29040         39 0.0000e+00
      29506 164.454703      0.454    289.094    10.2279   3.868678     2.7177    287.000 4.8197e-02    10.1936    35.2551  1028.4143    27.1178    4.28805         19 0.0000e+00
      29523 164.454712      0.985    290.093    10.1599   3.862134     2.7150    288.000 4.8299e-02    10.1257    35.2541  1028.4301    27.1288    4.28904         18 0.0000e+00
      29538 164.454719      1.330    291.089    10.1406   3.859992     2.7132    289.000 4.8231e-02    10.1063    35.2505  1028.4353    27.1294    4.28764         14 0.0000e+00
      29559 164.454729      1.386    292.088    10.1234   3.858372     2.7123    290.000 4.8247e-02    10.0890    35.2503  1028.4427    27.1322    4.28790         31 0.0000e+00
      29656 164.454776      0.367    293.118    10.1060   3.856436     2.7097    291.000 4.8369e-02    10.0715    35.2470  1028.4479    27.1326    4.28449         29 0.0000e+00
      29694 164.454794      0.642    294.118    10.0666   3.852129     2.7074    292.000 4.8256e-02    10.0321    35.2409  1028.4547    27.1347    4.28403         23 0.0000e+00
      29724 164.454809      0.838    295.121    10.0242   3.847920     2.7061    293.000 4.8246e-02     9.9897    35.2387  1028.4650    27.1402    4.28565         39 0.0000e+00
      29774 164.454833      0.475    296.137    10.0026   3.845752     2.7036    294.000 4.8286e-02     9.9680    35.2371  1028.4721    27.1427    4.28307         55 0.0000e+00
      29825 164.454858      0.465    297.147     9.9891   3.844327     2.7026    295.000 4.8278e-02     9.9544    35.2352  1028.4776    27.1436    4.28261         37 0.0000e+00
      29861 164.454875      0.649    298.149     9.9812   3.843571     2.7007    296.000 4.8327e-02     9.9464    35.2347  1028.4831    27.1445    4.28000         38 0.0000e+00
      29901 164.454894      0.616    299.159     9.9717   3.842625     2.6996    297.000 4.8191e-02     9.9368    35.2338  1028.4886    27.1455    4.27915         45 0.0000e+00
      29946 164.454916      0.529    300.169     9.9630   3.841694     2.6988    298.000 4.8216e-02     9.9279    35.2324  1028.4936    27.1459    4.27875         43 0.0000e+00
      29989 164.454936      0.565    301.177     9.9469   3.840024     2.6983    299.000 4.8318e-02     9.9118    35.2304  1028.4995    27.1471    4.27984         42 0.0000e+00
      30028 164.454955      0.615    302.187     9.9344   3.838691     2.6960    300.000 4.8353e-02     9.8992    35.2285  1028.5047    27.1477    4.27671         35 0.0000e+00
      30066 164.454973      0.644    303.189     9.9218   3.837416     2.6949    301.000 4.8330e-02     9.8866    35.2272  1028.5104    27.1489    4.27610         43 0.0000e+00
      30109 164.454994      0.544    304.205     9.9117   3.836342     2.6954    302.000 4.8086e-02     9.8763    35.2256  1028.5156    27.1494    4.27861         36 0.0000e+00
      30139 164.455009      0.727    305.213     9.8976   3.834789     2.6950    303.000 4.8408e-02     9.8622    35.2230  1028.5205    27.1497    4.27967         25 0.0000e+00
      30162 164.455020      0.946    306.213     9.8747   3.832403     2.6946    304.000 4.8028e-02     9.8391    35.2204  1028.5271    27.1517    4.28165         24 0.0000e+00
      30191 164.455034      0.928    307.221     9.8695   3.831965     2.6931    305.000 4.8329e-02     9.8339    35.2205  1028.5326    27.1526    4.27942         34 0.0000e+00
      30229 164.455052      0.649    308.232     9.8647   3.831506     2.6926    306.000 4.8383e-02     9.8289    35.2200  1028.5376    27.1531    4.27934         40 0.0000e+00
      30265 164.455070      0.636    309.246     9.8581   3.830808     2.6915    307.000 4.8464e-02     9.8222    35.2188  1028.5424    27.1533    4.27831         29 0.0000e+00
      30291 164.455082      0.837    310.249     9.8540   3.830425     2.6900    308.000 4.8433e-02     9.8181    35.2184  1028.5473    27.1537    4.27604         24 0.0000e+00
      30314 164.455093      1.013    311.255     9.8496   3.830010     2.6896    309.000 4.8153e-02     9.8135    35.2180  1028.5523    27.1541    4.27618         23 0.0000e+00
      30346 164.455109      0.855    312.258     9.8451   3.829583     2.6894    310.000 4.8210e-02     9.8089    35.2176  1028.5573    27.1546    4.27681         47 0.0000e+00
      30404 164.455137      0.317    313.279     9.8383   3.828855     2.6910    311.000 4.8396e-02     9.8020    35.2162  1028.5620    27.1547    4.28137         45 0.0000e+00
      30434 164.455151      0.652    314.286     9.8133   3.826061     2.6897    312.000 4.8252e-02     9.7769    35.2115  1028.5673    27.1553    4.28159         23 0.0000e+00
      30456 164.455161      1.011    315.287     9.7916   3.823840     2.6877    313.000 4.7947e-02     9.7551    35.2094  1028.5740    27.1573    4.27982         22 0.0000e+00
      30483 164.455174      1.000    316.286     9.7737   3.822007     2.6858    314.000 4.8312e-02     9.7372    35.2076  1028.5802    27.1590    4.27800         37 0.0000e+00
      30543 164.455203      0.363    317.313     9.7653   3.821203     2.6852    315.000 4.7979e-02     9.7287    35.2070  1028.5858    27.1599    4.27817         32 0.0000e+00
      30578 164.455220      0.639    318.316     9.7510   3.819576     2.6840    316.000 4.8314e-02     9.7143    35.2038  1028.5903    27.1598    4.27760         28 0.0000e+00
      30604 164.455233      0.874    319.320     9.7375   3.818157     2.6836    317.000 4.8112e-02     9.7007    35.2020  1028.5958    27.1607    4.27853         25 0.0000e+00
      30631 164.455246      0.932    320.328     9.7206   3.816440     2.6829    318.000 4.8161e-02     9.6838    35.2003  1028.6019    27.1623    4.27930         27 0.0000e+00
      30658 164.455259      0.890    321.337     9.7046   3.814715     2.6820    319.000 4.8344e-02     9.6676    35.1978  1028.6073    27.1630    4.27930         27 0.0000e+00
      30687 164.455273      0.864    322.342     9.6949   3.813810     2.6828    320.000 4.8031e-02     9.6578    35.1974  1028.6133    27.1644    4.28250         30 0.0000e+00
      30723 164.455290      0.700    323.353     9.6891   3.813205     2.6824    321.000 4.8172e-02     9.6519    35.1964  1028.6180    27.1646    4.28282         40 0.0000e+00
      30762 164.455309      0.613    324.362     9.6814   3.812455     2.6816    322.000 4.7938e-02     9.6442    35.1957  1028.6234    27.1653    4.28246         34 0.0000e+00
      30798 164.455327      0.669    325.367     9.6811   3.812476     2.6807    323.000 4.8228e-02     9.6438    35.1957  1028.6280    27.1654    4.28112         38 0.0000e+00
      30835 164.455344      0.654    326.378     9.6585   3.809973     2.6791    324.000 4.7916e-02     9.6211    35.1915  1028.6332    27.1660    4.28038         33 0.0000e+00
      30868 164.455360      0.720    327.386     9.6372   3.807801     2.6778    325.000 4.7835e-02     9.5997    35.1895  1028.6399    27.1680    4.28013         34 0.0000e+00
      30904 164.455378      0.678    328.396     9.6261   3.806628     2.6763    326.000 4.8262e-02     9.5886    35.1878  1028.6450    27.1685    4.27868         35 0.0000e+00
      30935 164.455393      0.725    329.407     9.6050   3.804398     2.6728    327.000 4.8456e-02     9.5674    35.1850  1028.6511    27.1698    4.27357         25 0.0000e+00
      30957 164.455403      0.945    330.412     9.5894   3.802739     2.6720    328.000 4.8138e-02     9.5517    35.1826  1028.6564    27.1706    4.27402         21 0.0000e+00
      30980 164.455414      1.095    331.411     9.5821   3.802118     2.6714    329.000 4.8156e-02     9.5443    35.1830  1028.6625    27.1721    4.27396         25 0.0000e+00
      31017 164.455432      0.733    332.425     9.5541   3.799024     2.6703    330.000 4.8167e-02     9.5163    35.1778  1028.6679    27.1728    4.27485         49 0.0000e+00
      31058 164.455452      0.552    333.440     9.5171   3.795194     2.6700    331.000 4.8023e-02     9.4792    35.1740  1028.6759    27.1760    4.27815         30 0.0000e+00
      31085 164.455465      0.811    334.443     9.5006   3.793380     2.6698    332.000 4.8108e-02     9.4627    35.1709  1028.6809    27.1763    4.27990         25 0.0000e+00
      31114 164.455479      0.876    335.445     9.4855   3.791935     2.6696    333.000 4.8052e-02     9.4475    35.1703  1028.6876    27.1784    4.28158         34 0.0000e+00
      31163 164.455503      0.493    336.460     9.4734   3.790726     2.6685    334.000 4.8181e-02     9.4353    35.1692  1028.6933    27.1795    4.28074         59 0.0000e+00
      31208 164.455524      0.514    337.474     9.4520   3.788306     2.6663    335.000 4.8018e-02     9.4138    35.1647  1028.6981    27.1795    4.27872         27 0.0000e+00
      31233 164.455536      0.838    338.475     9.4319   3.786354     2.6647    336.000 4.8180e-02     9.3937    35.1636  1028.7052    27.1820    4.27771         24 0.0000e+00
      31257 164.455548      1.004    339.479     9.4215   3.785306     2.6631    337.000 4.8163e-02     9.3832    35.1625  1028.7107    27.1829    4.27576         27 0.0000e+00
      31292 164.455565      0.754    340.489     9.4089   3.784068     2.6614    338.000 4.8281e-02     9.3705    35.1616  1028.7167    27.1843    4.27373         44 0.0000e+00
      31336 164.455586      0.515    341.505     9.3829   3.781373     2.6613    339.000 4.8112e-02     9.3444    35.1587  1028.7235    27.1863    4.27660         34 0.0000e+00
      31365 164.455600      0.762    342.507     9.3887   3.782008     2.6606    340.000 4.7998e-02     9.3501    35.1591  1028.7273    27.1857    4.27523         29 0.0000e+00
      31405 164.455619      0.649    343.512     9.3837   3.781527     2.6610    341.000 4.8017e-02     9.3450    35.1585  1028.7322    27.1861    4.27708         55 0.0000e+00
      31458 164.455645      0.413    344.529     9.3774   3.780921     2.6606    342.000 4.8301e-02     9.3386    35.1580  1028.7375    27.1867    4.27746         40 0.0000e+00
      31494 164.455662      0.657    345.530     9.3788   3.781129     2.6592    343.000 4.8152e-02     9.3399    35.1583  1028.7420    27.1868    4.27488         37 0.0000e+00
      31542 164.455685      0.505    346.541     9.3815   3.781437     2.6601    344.000 4.8241e-02     9.3425    35.1584  1028.7461    27.1864    4.27717         49 0.0000e+00
      31600 164.455713      0.387    347.557     9.3796   3.781308     2.6585    345.000 4.8093e-02     9.3404    35.1585  1028.7511    27.1868    4.27433         35 0.0000e+00
      31626 164.455726      0.748    348.558     9.3843   3.781850     2.6575    346.000 4.8162e-02     9.3450    35.1590  1028.7552    27.1864    4.27224         27 0.0000e+00
      31652 164.455738      0.925    349.565     9.3853   3.782032     2.6577    347.000 4.8293e-02     9.3459    35.1594  1028.7599    27.1866    4.27329         27 0.0000e+00
      31681 164.455753      0.862    350.572     9.3866   3.782202     2.6579    348.000 4.7903e-02     9.3471    35.1594  1028.7642    27.1864    4.27412         31 0.0000e+00
      31716 164.455769      0.744    351.579     9.3814   3.781673     2.6576    349.000 4.8027e-02     9.3418    35.1586  1028.7690    27.1866    4.27447         41 0.0000e+00
      31765 164.455793      0.470    352.596     9.3830   3.781847     2.6571    350.000 4.7945e-02     9.3433    35.1583  1028.7731    27.1862    4.27384         48 0.0000e+00
      31800 164.455810      0.619    353.607     9.3779   3.781354     2.6556    351.000 4.7952e-02     9.3381    35.1577  1028.7781    27.1866    4.27172         22 0.0000e+00
      31821 164.455820      0.941    354.607     9.3735   3.780841     2.6556    352.000 4.8631e-02     9.3335    35.1563  1028.7823    27.1863    4.27280         21 0.0000e+00
      31841 164.455829      1.149    355.609     9.3483   3.778081     2.6553    353.000 4.8564e-02     9.3083    35.1519  1028.7876    27.1869    4.27512         22 0.0000e+00
      31871 164.455844      0.946    356.617     9.3403   3.777470     2.6546    354.000 4.8087e-02     9.3002    35.1529  1028.7943    27.1891    4.27476         43 0.0000e+00
      31920 164.455867      0.417    357.642     9.3326   3.776689     2.6538    355.000 4.8229e-02     9.2924    35.1520  1028.7995    27.1896    4.27433         39 0.0000e+00
      31945 164.455880      0.760    358.648     9.3253   3.775895     2.6530    356.000 4.8289e-02     9.2850    35.1504  1028.8041    27.1896    4.27402         20 0.0000e+00
      31964 164.455889      1.076    359.647     9.3151   3.774834     2.6529    357.000 4.8430e-02     9.2748    35.1489  1028.8091    27.1901    4.27535         18 0.0000e+00
      31984 164.455898      1.247    360.647     9.3025   3.773553     2.6521    358.000 4.8288e-02     9.2621    35.1475  1028.8147    27.1911    4.27536         22 0.0000e+00
      32032 164.455921      0.581    361.664     9.2947   3.772762     2.6509    359.000 4.8297e-02     9.2541    35.1465  1028.8199    27.1916    4.27407         45 0.0000e+00
      32077 164.455943      0.536    362.677     9.2896   3.772356     2.6505    360.000 4.8001e-02     9.2490    35.1467  1028.8255    27.1926    4.27414         28 0.0000e+00
      32105 164.455957      0.807    363.679     9.2886   3.772314     2.6513    361.000 4.8040e-02     9.2478    35.1468  1028.8303    27.1929    4.27671         29 0.0000e+00
      32142 164.455975      0.713    364.688     9.2812   3.771477     2.6515    362.000 4.8287e-02     9.2403    35.1449  1028.8346    27.1927    4.27838         44 0.0000e+00
      32194 164.456000      0.413    365.704     9.2449   3.767666     2.6497    363.000 4.7944e-02     9.2040    35.1404  1028.8419    27.1950    4.27845         43 0.0000e+00
      32222 164.456013      0.725    366.709     9.2166   3.764683     2.6479    364.000 4.8010e-02     9.1757    35.1368  1028.8484    27.1968    4.27772         25 0.0000e+00
      32249 164.456026      0.910    367.708     9.1960   3.762474     2.6457    365.000 4.8025e-02     9.1550    35.1335  1028.8539    27.1977    4.27552         30 0.0000e+00
      32290 164.456046      0.621    368.724     9.1446   3.757156     2.6423    366.000 4.8043e-02     9.1036    35.1282  1028.8630    27.2018    4.27362         49 0.0000e+00
      32337 164.456069      0.526    369.731     9.0346   3.745725     2.6381    367.000 4.8176e-02     8.9939    35.1165  1028.8771    27.2104    4.27533         50 0.0000e+00
      32394 164.456096      0.402    370.744     8.9844   3.740428     2.6365    368.000 4.8220e-02     8.9437    35.1100  1028.8851    27.2135    4.27712         51 0.0000e+00
      32429 164.456113      0.596    371.755     8.9875   3.740752     2.6365    369.000 4.8085e-02     8.9467    35.1099  1028.8890    27.2129    4.27752         26 0.0000e+00
      32452 164.456124      0.952    372.758     8.9867   3.740711     2.6362    370.000 4.7983e-02     8.9457    35.1098  1028.8936    27.2130    4.27743         20 0.0000e+00
      32474 164.456135      1.072    373.760     8.9860   3.740679     2.6361    371.000 4.7873e-02     8.9449    35.1097  1028.8982    27.2130    4.27798         24 0.0000e+00
      32503 164.456148      0.964    374.768     8.9841   3.740547     2.6360    372.000 4.7953e-02     8.9429    35.1097  1028.9031    27.2133    4.27845         36 0.0000e+00
