jupyter/NEMEA/cnv_final/cnv_final/dMCTV027.cnv
* Sea-Bird SBE 19plus V2 Data File:
* FileName = D:\ACEX_ctd\brutos\MCTV027.hex
* Software Version Seasave V 7.17
* Temperature SN = 6161
* Conductivity SN = 6161
* System UpLoad Time = Jun 19 2012 15:36:45
** H38 
** NHo Cruzeiro do Sul 
** 222 
** MCT V 
**   027
**   33 44.55S
**   051 24.92W
**   19/06/2012 15:40 Z
**   360
** 9P46375-0882 
**   1T Germano Filho
# nquan = 14
# nvalues = 242                         
# units = specified
# name 0 = scan: Scan Count
# name 1 = timeJ: Julian Days
# name 2 = dz/dtM: Descent Rate [m/s]
# name 3 = prdM: Pressure, Strain Gauge [db]
# name 4 = tv290C: Temperature [ITS-90, deg C]
# name 5 = c0S/m: Conductivity [S/m]
# name 6 = depSM: Depth [salt water, m]
# name 7 = oxsatML/L: Oxygen Saturation [ml/l]
# name 8 = flSP: Fluorescence, Seapoint
# name 9 = potemp090C: Potential Temperature [ITS-90, deg C]
# name 10 = sal00: Salinity [PSU]
# name 11 = density00: Density [density, Kg/m^3]
# name 12 = oxsatML/L: Oxygen Saturation [ml/l]
# name 13 = flag: flag
# span 0 =        343,       1728       
# span 1 = 171.651511, 171.655518       
# span 2 =     -0.016,      1.834       
# span 3 =      3.122,    245.302       
# span 4 =    14.5770,    20.2132       
# span 5 =   4.313199,   4.985360       
# span 6 =      3.000,    244.000       
# span 7 =    5.10309,    5.71952       
# span 8 = 5.2765e-02, 7.9138e-01       
# span 9 =    14.5404,    20.2021       
# span 10 =    35.4301,    36.3917      
# span 11 =  1025.6707,  1027.5210      
# span 12 =    5.10302,    5.71968      
# span 13 = 0.0000e+00, 0.0000e+00      
# interval = meters: 1                  
# start_time = Jun 19 2012 15:36:45
# bad_flag = -9.990e-29
*END*
[from data line 104]
        865 171.653022      0.580    107.803    18.2537   4.734424    107.000    5.30565 8.9173e-02    18.2349    35.9736  1026.4270    5.30610 0.0000e+00
        869 171.653031      1.009    108.584    18.1230   4.716673    108.000    5.32042 8.9161e-02    18.1042    35.9365  1026.4348    5.32048 0.0000e+00
        873 171.653043      1.064    109.537    18.0373   4.714942    109.000    5.32690 8.7882e-02    18.0184    35.9967  1026.5066    5.32725 0.0000e+00
        878 171.653060      0.746    110.695    18.0335   4.714597    110.000    5.32735 8.5274e-02    18.0144    35.9967  1026.5126    5.32764 0.0000e+00
        883 171.653073      0.772    111.705    18.0095   4.710592    111.000    5.33025 8.6531e-02    17.9902    35.9831  1026.5126    5.33051 0.0000e+00
        887 171.653085      0.946    112.641    17.9784   4.706851    112.000    5.33358 8.7373e-02    17.9590    35.9780  1026.5205    5.33383 0.0000e+00
        891 171.653097      0.971    113.608    17.9358   4.699262    113.000    5.33886 8.6965e-02    17.9163    35.9500  1026.5140    5.33906 0.0000e+00
        896 171.653110      0.924    114.570    17.8605   4.690773    114.000    5.34670 8.4139e-02    17.8408    35.9432  1026.5317    5.34697 0.0000e+00
        901 171.653126      0.806    115.567    17.7822   4.680641    115.000    5.35531 7.9880e-02    17.7624    35.9247  1026.5413    5.35558 0.0000e+00
        909 171.653147      0.541    116.736    17.6438   4.665693    116.000    5.36976 7.7395e-02    17.6239    35.9176  1026.5752    5.37002 0.0000e+00
        915 171.653166      0.586    117.900    17.6004   4.661892    117.000    5.37404 8.0698e-02    17.5803    35.9227  1026.5949    5.37434 0.0000e+00
        919 171.653177      0.843    118.849    17.5785   4.659518    118.000    5.37631 8.0056e-02    17.5584    35.9211  1026.6032    5.37663 0.0000e+00
        922 171.653187      1.116    119.707    17.5586   4.654240    119.000    5.37945 7.7469e-02    17.5383    35.8928  1026.5902    5.37961 0.0000e+00
        926 171.653196      1.252    120.626    17.4988   4.640766    120.000    5.38759 7.5294e-02    17.4785    35.8286  1026.5597    5.38787 0.0000e+00
        929 171.653206      1.183    121.596    17.3053   4.617066    121.000    5.40890 7.3333e-02    17.2849    35.7938  1026.5846    5.40913 0.0000e+00
        933 171.653217      1.101    122.473    17.2045   4.612049    122.000    5.41778 7.2054e-02    17.1841    35.8391  1026.6477    5.41819 0.0000e+00
        942 171.653245      0.418    123.795    17.1736   4.610898    123.000    5.42054 7.1293e-02    17.1530    35.8560  1026.6739    5.42087 0.0000e+00
        951 171.653269      0.493    125.125    17.1552   4.601988    124.000    5.42446 6.9575e-02    17.1343    35.7942  1026.6368    5.42483 0.0000e+00
        953 171.653275      1.064    125.826    17.0814   4.593990    125.000    5.43263 6.8630e-02    17.0605    35.7896  1026.6542    5.43274 0.0000e+00
        955 171.653282      1.491    126.572    17.0298   4.591413    126.000    5.43704 6.7700e-02    17.0088    35.8126  1026.6876    5.43741 0.0000e+00
        958 171.653291      1.548    127.471    16.9988   4.587336    127.000    5.44069 6.6353e-02    16.9777    35.8041  1026.6925    5.44096 0.0000e+00
        964 171.653307      0.927    128.661    16.9440   4.581324    128.000    5.44661 6.4627e-02    16.9228    35.7998  1026.7076    5.44689 0.0000e+00
        969 171.653323      0.658    129.771    16.8954   4.576655    129.000    5.45171 6.3368e-02    16.8740    35.8017  1026.7257    5.45197 0.0000e+00
        974 171.653337      0.812    130.700    16.8809   4.575760    130.000    5.45310 6.3306e-02    16.8594    35.8065  1026.7368    5.45335 0.0000e+00
        980 171.653355      0.698    131.760    16.8727   4.574846    131.000    5.45406 6.2895e-02    16.8510    35.8053  1026.7426    5.45426 0.0000e+00
        987 171.653375      0.547    132.981    16.8598   4.573315    132.000    5.45555 6.2440e-02    16.8379    35.8029  1026.7492    5.45571 0.0000e+00
        992 171.653387      0.804    133.952    16.8535   4.572821    133.000    5.45619 6.2671e-02    16.8314    35.8038  1026.7557    5.45634 0.0000e+00
        995 171.653396      1.088    134.774    16.8488   4.572215    134.000    5.45676 6.3335e-02    16.8266    35.8024  1026.7594    5.45690 0.0000e+00
        998 171.653405      1.261    135.603    16.8435   4.571555    135.000    5.45738 6.4032e-02    16.8212    35.8010  1026.7631    5.45750 0.0000e+00
       1002 171.653418      1.059    136.571    16.8372   4.571233    136.000    5.45798 6.4153e-02    16.8147    35.8034  1026.7708    5.45809 0.0000e+00
       1012 171.653447      0.195    138.163    16.8365   4.571280    137.000    5.45806 6.3079e-02    16.8138    35.8038  1026.7782    5.45815 0.0000e+00
       1016 171.653457      0.744    138.961    16.8328   4.570932    138.000    5.45848 6.3778e-02    16.8100    35.8037  1026.7826    5.45854 0.0000e+00
       1018 171.653465      1.170    139.710    16.8321   4.571179    139.000    5.45845 6.4313e-02    16.8091    35.8062  1026.7880    5.45854 0.0000e+00
       1022 171.653475      1.316    140.583    16.8310   4.570407    140.000    5.45881 6.4729e-02    16.8078    35.8001  1026.7874    5.45886 0.0000e+00
       1029 171.653494      0.679    141.846    16.8210   4.569536    141.000    5.45984 6.4150e-02    16.7977    35.8009  1026.7959    5.45989 0.0000e+00
       1035 171.653512      0.594    142.992    16.8157   4.568643    142.000    5.46052 6.3367e-02    16.7922    35.7973  1026.7995    5.46058 0.0000e+00
       1038 171.653523      0.910    143.849    16.8047   4.567173    143.000    5.46183 6.4314e-02    16.7810    35.7939  1026.8033    5.46186 0.0000e+00
       1042 171.653534      1.063    144.721    16.7969   4.566766    144.000    5.46254 6.4619e-02    16.7731    35.7969  1026.8113    5.46259 0.0000e+00
       1048 171.653549      0.855    145.757    16.7929   4.566498    145.000    5.46294 6.4015e-02    16.7690    35.7977  1026.8174    5.46298 0.0000e+00
       1055 171.653571      0.468    147.070    16.7912   4.566365    146.000    5.46313 6.3038e-02    16.7671    35.7975  1026.8234    5.46317 0.0000e+00
       1059 171.653583      0.767    147.966    16.7901   4.566287    147.000    5.46327 6.3789e-02    16.7657    35.7975  1026.8276    5.46329 0.0000e+00
       1063 171.653593      1.082    148.785    16.7895   4.566274    148.000    5.46332 6.4962e-02    16.7650    35.7976  1026.8314    5.46336 0.0000e+00
       1067 171.653606      1.015    149.780    16.7853   4.565558    149.000    5.46387 6.5176e-02    16.7607    35.7946  1026.8345    5.46389 0.0000e+00
       1073 171.653624      0.638    151.029    16.7784   4.564940    150.000    5.46460 6.3905e-02    16.7536    35.7949  1026.8419    5.46462 0.0000e+00
       1078 171.653637      0.755    152.074    16.7758   4.564377    151.000    5.46497 6.2958e-02    16.7508    35.7918  1026.8447    5.46500 0.0000e+00
       1081 171.653646      1.048    152.931    16.7680   4.563503    152.000    5.46583 6.2975e-02    16.7429    35.7908  1026.8495    5.46587 0.0000e+00
       1084 171.653655      1.261    153.766    16.7631   4.561251    153.000    5.46679 6.3315e-02    16.7378    35.7750  1026.8423    5.46691 0.0000e+00
       1087 171.653664      1.274    154.631    16.7104   4.551347    154.000    5.47381 6.3350e-02    16.6851    35.7345  1026.8276    5.47386 0.0000e+00
       1095 171.653687      0.599    155.891    16.5670   4.536442    155.000    5.48922 6.2237e-02    16.5417    35.7306  1026.8643    5.48933 0.0000e+00
       1103 171.653710      0.480    157.173    16.4567   4.523592    156.000    5.50156 6.0997e-02    16.4312    35.7151  1026.8841    5.50171 0.0000e+00
       1107 171.653722      0.841    158.106    16.4281   4.522522    157.000    5.50406 6.0722e-02    16.4025    35.7308  1026.9071    5.50426 0.0000e+00
       1110 171.653731      1.093    159.023    16.4229   4.522205    158.000    5.50459 6.0760e-02    16.3972    35.7323  1026.9135    5.50478 0.0000e+00
       1114 171.653740      1.226    159.944    16.4214   4.522142    159.000    5.50477 6.1178e-02    16.3955    35.7327  1026.9182    5.50492 0.0000e+00
       1117 171.653749      1.297    160.834    16.4199   4.522145    160.000    5.50491 6.1088e-02    16.3938    35.7338  1026.9233    5.50505 0.0000e+00
       1120 171.653758      1.308    161.712    16.4198   4.522283    161.000    5.50489 6.0650e-02    16.3937    35.7347  1026.9279    5.50503 0.0000e+00
       1125 171.653774      0.938    162.763    16.4156   4.521618    162.000    5.50546 5.9620e-02    16.3893    35.7322  1026.9316    5.50557 0.0000e+00
       1135 171.653803      0.215    164.285    16.4105   4.521318    163.000    5.50598 5.8088e-02    16.3840    35.7335  1026.9404    5.50607 0.0000e+00
       1139 171.653815      0.722    165.174    16.4080   4.520817    164.000    5.50636 5.8583e-02    16.3812    35.7310  1026.9430    5.50644 0.0000e+00
       1143 171.653824      1.061    166.069    16.4044   4.520499    165.000    5.50675 5.8813e-02    16.3775    35.7310  1026.9479    5.50682 0.0000e+00
       1146 171.653834      1.215    167.015    16.4019   4.520248    166.000    5.50704 5.9510e-02    16.3749    35.7306  1026.9523    5.50710 0.0000e+00
       1149 171.653843      1.246    167.948    16.3997   4.520143    167.000    5.50725 5.9732e-02    16.3725    35.7313  1026.9574    5.50731 0.0000e+00
       1152 171.653852      1.279    168.845    16.3982   4.519978    168.000    5.50744 6.0313e-02    16.3709    35.7308  1026.9613    5.50749 0.0000e+00
       1156 171.653862      1.250    169.710    16.3961   4.519841    169.000    5.50767 6.1072e-02    16.3686    35.7312  1026.9660    5.50771 0.0000e+00
       1164 171.653886      0.521    171.026    16.3764   4.516642    170.000    5.51015 5.8537e-02    16.3488    35.7199  1026.9677    5.51021 0.0000e+00
       1172 171.653908      0.496    172.282    16.3338   4.510339    171.000    5.51535 5.8613e-02    16.3060    35.7018  1026.9693    5.51543 0.0000e+00
       1175 171.653918      0.965    173.100    16.3064   4.508275    172.000    5.51817 5.9687e-02    16.2785    35.7076  1026.9839    5.51819 0.0000e+00
       1178 171.653928      1.171    174.017    16.2960   4.507546    173.000    5.51914 5.9510e-02    16.2680    35.7101  1026.9923    5.51924 0.0000e+00
       1182 171.653939      1.135    175.015    16.2837   4.505594    174.000    5.52075 5.8354e-02    16.2555    35.7034  1026.9944    5.52079 0.0000e+00
       1186 171.653949      1.095    175.945    16.2716   4.505357    175.000    5.52170 5.7608e-02    16.2433    35.7118  1027.0078    5.52183 0.0000e+00
       1190 171.653961      1.040    176.924    16.2602   4.501215    176.000    5.52382 5.7165e-02    16.2317    35.6848  1026.9941    5.52397 0.0000e+00
       1195 171.653977      0.795    178.023    16.1290   4.481218    177.000    5.54026 5.6063e-02    16.1006    35.6240  1026.9830    5.54030 0.0000e+00
       1201 171.653992      0.740    179.047    16.0122   4.472185    178.000    5.55204 5.4955e-02    15.9837    35.6478  1027.0330    5.55226 0.0000e+00
       1206 171.654009      0.721    180.111    15.9713   4.468874    179.000    5.55628 5.4549e-02    15.9427    35.6546  1027.0524    5.55651 0.0000e+00
       1212 171.654024      0.759    181.141    15.9490   4.464890    180.000    5.55929 5.4876e-02    15.9203    35.6386  1027.0498    5.55950 0.0000e+00
       1216 171.654037      0.852    182.135    15.9027   4.460354    181.000    5.56438 5.5126e-02    15.8738    35.6393  1027.0655    5.56457 0.0000e+00
       1220 171.654049      0.923    183.136    15.8852   4.459291    182.000    5.56611 5.5686e-02    15.8562    35.6451  1027.0785    5.56630 0.0000e+00
       1224 171.654061      0.968    184.133    15.8786   4.459043    183.000    5.56672 5.5828e-02    15.8495    35.6484  1027.0869    5.56691 0.0000e+00
       1228 171.654071      1.061    185.029    15.8773   4.458971    184.000    5.56689 5.5763e-02    15.8481    35.6486  1027.0912    5.56704 0.0000e+00
       1232 171.654082      1.107    185.928    15.8758   4.458913    185.000    5.56706 5.5808e-02    15.8464    35.6490  1027.0959    5.56719 0.0000e+00
       1238 171.654100      0.691    187.159    15.8738   4.458809    186.000    5.56729 5.5374e-02    15.8442    35.6495  1027.1022    5.56741 0.0000e+00
       1244 171.654116      0.641    188.256    15.8725   4.458762    187.000    5.56744 5.5872e-02    15.8428    35.6497  1027.1075    5.56753 0.0000e+00
       1247 171.654126      0.969    189.074    15.8719   4.458768    188.000    5.56751 5.6983e-02    15.8420    35.6500  1027.1114    5.56759 0.0000e+00
       1251 171.654139      1.033    190.022    15.8715   4.458811    189.000    5.56755 5.7026e-02    15.8415    35.6504  1027.1160    5.56762 0.0000e+00
       1258 171.654157      0.665    191.245    15.8707   4.458796    190.000    5.56765 5.6312e-02    15.8405    35.6505  1027.1216    5.56771 0.0000e+00
       1262 171.654171      0.758    192.309    15.8708   4.458883    191.000    5.56764 5.6028e-02    15.8404    35.6508  1027.1266    5.56769 0.0000e+00
       1266 171.654181      0.986    193.220    15.8706   4.458950    192.000    5.56765 5.6233e-02    15.8400    35.6512  1027.1309    5.56770 0.0000e+00
       1269 171.654190      1.206    194.041    15.8708   4.459009    193.000    5.56764 5.6835e-02    15.8401    35.6512  1027.1345    5.56768 0.0000e+00
       1272 171.654199      1.281    194.877    15.8713   4.459258    194.000    5.56754 5.7319e-02    15.8405    35.6527  1027.1392    5.56757 0.0000e+00
       1281 171.654225      0.454    196.246    15.8745   4.459626    195.000    5.56720 5.7101e-02    15.8435    35.6525  1027.1443    5.56722 0.0000e+00
       1288 171.654246      0.559    197.459    15.8749   4.459791    196.000    5.56713 5.7335e-02    15.8437    35.6531  1027.1500    5.56716 0.0000e+00
       1291 171.654254      1.051    198.234    15.8754   4.459973    197.000    5.56705 5.7233e-02    15.8440    35.6541  1027.1541    5.56707 0.0000e+00
       1294 171.654262      1.426    199.003    15.8764   4.460093    198.000    5.56696 5.7062e-02    15.8449    35.6539  1027.1571    5.56697 0.0000e+00
       1298 171.654274      1.313    199.961    15.8768   4.460156    199.000    5.56693 5.6907e-02    15.8451    35.6537  1027.1611    5.56693 0.0000e+00
       1304 171.654291      0.669    201.154    15.8768   4.460208    200.000    5.56692 5.6544e-02    15.8450    35.6538  1027.1663    5.56693 0.0000e+00
       1316 171.654327      0.564    202.082    15.8769   4.460270    201.000    5.56691 5.6855e-02    15.8449    35.6538  1027.1705    5.56692 0.0000e+00
       1443 171.654694      0.342    203.252    15.8781   4.460418    202.000    5.56679 5.7555e-02    15.8459    35.6536  1027.1751    5.56679 0.0000e+00
       1496 171.654846      0.300    204.635    15.8779   4.459719    203.000    5.56700 5.7704e-02    15.8455    35.6469  1027.1762    5.56704 0.0000e+00
       1497 171.654849      0.779    205.424    15.8585   4.456081    204.000    5.56968 5.7809e-02    15.8260    35.6315  1027.1723    5.56970 0.0000e+00
       1499 171.654856      1.212    206.143    15.8351   4.453109    205.000    5.57251 5.7723e-02    15.8026    35.6256  1027.1763    5.57248 0.0000e+00
       1502 171.654863      1.508    206.837    15.8106   4.451223    206.000    5.57497 5.7588e-02    15.7780    35.6305  1027.1888    5.57501 0.0000e+00
       1515 171.654903      0.541    208.277    15.7845   4.449282    207.000    5.57767 5.7038e-02    15.7517    35.6360  1027.2054    5.57771 0.0000e+00
       1524 171.654929      0.801    209.458    15.7798   4.448937    208.000    5.57816 5.7070e-02    15.7468    35.6367  1027.2123    5.57821 0.0000e+00
