jupyter/NEMEA/cnv_final/cnv_final/dMCTV027.cnv
* Sea-Bird SBE 19plus V2 Data File:
* FileName = D:\ACEX_ctd\brutos\MCTV027.hex
* Software Version Seasave V 7.17
* Temperature SN = 6161
* Conductivity SN = 6161
* System UpLoad Time = Jun 19 2012 15:36:45
** H38 
** NHo Cruzeiro do Sul 
** 222 
** MCT V 
**   027
**   33 44.55S
**   051 24.92W
**   19/06/2012 15:40 Z
**   360
** 9P46375-0882 
**   1T Germano Filho
# nquan = 14
# nvalues = 242                         
# units = specified
# name 0 = scan: Scan Count
# name 1 = timeJ: Julian Days
# name 2 = dz/dtM: Descent Rate [m/s]
# name 3 = prdM: Pressure, Strain Gauge [db]
# name 4 = tv290C: Temperature [ITS-90, deg C]
# name 5 = c0S/m: Conductivity [S/m]
# name 6 = depSM: Depth [salt water, m]
# name 7 = oxsatML/L: Oxygen Saturation [ml/l]
# name 8 = flSP: Fluorescence, Seapoint
# name 9 = potemp090C: Potential Temperature [ITS-90, deg C]
# name 10 = sal00: Salinity [PSU]
# name 11 = density00: Density [density, Kg/m^3]
# name 12 = oxsatML/L: Oxygen Saturation [ml/l]
# name 13 = flag: flag
# span 0 =        343,       1728       
# span 1 = 171.651511, 171.655518       
# span 2 =     -0.016,      1.834       
# span 3 =      3.122,    245.302       
# span 4 =    14.5770,    20.2132       
# span 5 =   4.313199,   4.985360       
# span 6 =      3.000,    244.000       
# span 7 =    5.10309,    5.71952       
# span 8 = 5.2765e-02, 7.9138e-01       
# span 9 =    14.5404,    20.2021       
# span 10 =    35.4301,    36.3917      
# span 11 =  1025.6707,  1027.5210      
# span 12 =    5.10302,    5.71968      
# span 13 = 0.0000e+00, 0.0000e+00      
# interval = meters: 1                  
# start_time = Jun 19 2012 15:36:45
# bad_flag = -9.990e-29
*END*
        343 171.651511      0.086      3.122    19.8121   4.907198      3.000    5.14935 7.5759e-01    19.8115    36.1082  1025.6707    5.14929 0.0000e+00
        364 171.651571      0.315      4.084    19.7827   4.904497      4.000    5.15198 7.5653e-01    19.7819    36.1108  1025.6847    5.15201 0.0000e+00
        373 171.651597      0.436      5.047    19.7657   4.903582      5.000    5.15340 7.5330e-01    19.7648    36.1175  1025.6984    5.15342 0.0000e+00
        383 171.651625      0.432      6.224    19.7702   4.904632      6.000    5.15283 7.4643e-01    19.7691    36.1219  1025.7057    5.15286 0.0000e+00
        387 171.651638      0.798      7.079    19.7733   4.903580      7.000    5.15294 7.4382e-01    19.7720    36.1102  1025.6998    5.15292 0.0000e+00
        391 171.651650      0.928      7.988    19.7564   4.902600      8.000    5.15433 7.3523e-01    19.7549    36.1163  1025.7129    5.15434 0.0000e+00
        397 171.651666      0.768      9.069    19.7589   4.903191      9.000    5.15402 7.3913e-01    19.7572    36.1187  1025.7187    5.15404 0.0000e+00
        402 171.651681      0.742     10.103    19.7652   4.903726     10.000    5.15347 7.4811e-01    19.7634    36.1173  1025.7204    5.15347 0.0000e+00
        406 171.651694      0.873     11.048    19.7673   4.903747     11.000    5.15333 7.6682e-01    19.7652    36.1153  1025.7226    5.15334 0.0000e+00
        412 171.651709      0.831     12.125    19.7655   4.903662     12.000    5.15349 7.7282e-01    19.7633    36.1157  1025.7280    5.15349 0.0000e+00
        416 171.651723      0.783     13.211    19.7651   4.903713     13.000    5.15351 7.7009e-01    19.7626    36.1162  1025.7332    5.15353 0.0000e+00
        419 171.651731      1.015     13.972    19.7652   4.903792     14.000    5.15350 7.6202e-01    19.7627    36.1164  1025.7367    5.15350 0.0000e+00
        423 171.651743      1.146     14.835    19.7641   4.903579     15.000    5.15364 7.7529e-01    19.7614    36.1152  1025.7398    5.15364 0.0000e+00
        433 171.651769      0.299     16.375    19.7620   4.903597     16.000    5.15379 7.6176e-01    19.7590    36.1167  1025.7482    5.15380 0.0000e+00
        436 171.651780      0.731     17.259    19.7643   4.903867     17.000    5.15358 7.4302e-01    19.7612    36.1165  1025.7514    5.15358 0.0000e+00
        439 171.651789      1.145     18.056    19.7646   4.903916     18.000    5.15355 7.4088e-01    19.7613    36.1164  1025.7546    5.15356 0.0000e+00
        442 171.651798      1.359     18.883    19.7652   4.904096     19.000    5.15348 7.4895e-01    19.7617    36.1171  1025.7586    5.15348 0.0000e+00
        448 171.651815      0.883     20.075    19.7657   4.904098     20.000    5.15346 7.7678e-01    19.7620    36.1163  1025.7631    5.15346 0.0000e+00
        454 171.651833      0.587     21.330    19.7659   4.904289     21.000    5.15341 7.8066e-01    19.7620    36.1172  1025.7692    5.15341 0.0000e+00
        458 171.651842      0.905     22.177    19.7675   4.904444     22.000    5.15327 7.6393e-01    19.7634    36.1168  1025.7721    5.15327 0.0000e+00
        461 171.651851      1.216     22.959    19.7675   4.904584     23.000    5.15326 7.6275e-01    19.7632    36.1177  1025.7763    5.15325 0.0000e+00
        465 171.651864      1.094     23.896    19.7697   4.904827     24.000    5.15305 7.6888e-01    19.7653    36.1174  1025.7796    5.15305 0.0000e+00
        476 171.651895      0.082     25.569    19.7703   4.904964     25.000    5.15298 7.5986e-01    19.7656    36.1174  1025.7867    5.15299 0.0000e+00
        479 171.651904      0.724     26.371    19.7710   4.905110     26.000    5.15291 7.4460e-01    19.7662    36.1177  1025.7902    5.15291 0.0000e+00
        482 171.651912      1.161     27.157    19.7715   4.905183     27.000    5.15287 7.5232e-01    19.7665    36.1176  1025.7934    5.15287 0.0000e+00
        485 171.651920      1.403     27.982    19.7707   4.905082     28.000    5.15296 7.7776e-01    19.7656    36.1171  1025.7969    5.15296 0.0000e+00
        488 171.651931      1.274     28.941    19.7700   4.905140     29.000    5.15300 7.9138e-01    19.7647    36.1179  1025.8018    5.15300 0.0000e+00
        494 171.651948      0.763     30.083    19.7699   4.905133     30.000    5.15302 7.7322e-01    19.7644    36.1174  1025.8065    5.15302 0.0000e+00
        501 171.651968      0.560     31.258    19.7697   4.905166     31.000    5.15304 7.6042e-01    19.7639    36.1175  1025.8117    5.15304 0.0000e+00
        507 171.651984      0.679     32.312    19.7696   4.905180     32.000    5.15306 7.5243e-01    19.7636    36.1173  1025.8162    5.15306 0.0000e+00
        511 171.651996      0.877     33.253    19.7699   4.905205     33.000    5.15304 7.5779e-01    19.7638    36.1169  1025.8199    5.15304 0.0000e+00
        515 171.652008      0.959     34.283    19.7695   4.905165     34.000    5.15309 7.6073e-01    19.7632    36.1165  1025.8242    5.15309 0.0000e+00
        519 171.652019      1.013     35.264    19.7687   4.905154     35.000    5.15315 7.4938e-01    19.7622    36.1167  1025.8289    5.15316 0.0000e+00
        522 171.652028      1.145     36.156    19.7688   4.905207     36.000    5.15315 7.5046e-01    19.7622    36.1168  1025.8328    5.15315 0.0000e+00
        525 171.652037      1.279     36.957    19.7693   4.905520     37.000    5.15305 7.6353e-01    19.7624    36.1187  1025.8376    5.15305 0.0000e+00
        533 171.652060      0.602     38.196    19.7730   4.906263     38.000    5.15263 7.6175e-01    19.7659    36.1212  1025.8440    5.15262 0.0000e+00
        543 171.652089      0.420     39.685    19.7889   4.910405     39.000    5.15047 6.9980e-01    19.7816    36.1411  1025.8614    5.15049 0.0000e+00
        546 171.652097      1.012     40.500    19.8019   4.911993     40.000    5.14921 6.8201e-01    19.7944    36.1428  1025.8629    5.14920 0.0000e+00
        548 171.652103      1.451     41.291    19.8088   4.914070     41.000    5.14843 6.7236e-01    19.8012    36.1537  1025.8727    5.14821 0.0000e+00
        550 171.652108      1.728     42.052    19.8239   4.920255     42.000    5.14545 6.6624e-01    19.8161    36.1915  1025.9011    5.14563 0.0000e+00
        552 171.652115      1.834     42.816    19.8584   4.922950     43.000    5.14263 6.6625e-01    19.8505    36.1837  1025.8893    5.14258 0.0000e+00
        559 171.652136      0.875     44.080    19.8720   4.922983     44.000    5.14171 6.6266e-01    19.8638    36.1718  1025.8821    5.14166 0.0000e+00
        571 171.652170      0.295     45.683    19.8707   4.929620     45.000    5.14019 5.1563e-01    19.8623    36.2271  1025.9316    5.14010 0.0000e+00
        574 171.652179      0.862     46.510    19.9567   4.946641     46.000    5.12990 4.5886e-01    19.9480    36.2931  1025.9627    5.12995 0.0000e+00
        577 171.652187      1.244     47.318    20.0331   4.955001     47.000    5.12271 4.1133e-01    20.0243    36.2956  1025.9478    5.12265 0.0000e+00
        579 171.652193      1.478     48.119    20.0637   4.957754     48.000    5.12011 3.7321e-01    20.0548    36.2915  1025.9400    5.11988 0.0000e+00
        582 171.652203      1.478     49.012    20.0907   4.963329     49.000    5.11675 3.3281e-01    20.0816    36.3138  1025.9537    5.11667 0.0000e+00
        587 171.652217      0.992     50.135    20.1136   4.965750     50.000    5.11465 2.8168e-01    20.1042    36.3135  1025.9523    5.11453 0.0000e+00
        594 171.652236      0.591     51.319    20.1212   4.967396     51.000    5.11372 2.4337e-01    20.1116    36.3200  1025.9604    5.11361 0.0000e+00
        599 171.652251      0.733     52.271    20.1223   4.967648     52.000    5.11358 2.3117e-01    20.1125    36.3209  1025.9649    5.11349 0.0000e+00
        606 171.652270      0.633     53.421    20.1230   4.967888     53.000    5.11347 2.2252e-01    20.1130    36.3218  1025.9704    5.11339 0.0000e+00
        611 171.652285      0.710     54.470    20.1257   4.968923     54.000    5.11304 2.1650e-01    20.1155    36.3276  1025.9787    5.11297 0.0000e+00
        614 171.652295      0.995     55.337    20.1332   4.972599     55.000    5.11163 2.0872e-01    20.1229    36.3510  1025.9983    5.11155 0.0000e+00
        617 171.652304      1.170     56.206    20.1608   4.978642     56.000    5.10824 2.0013e-01    20.1503    36.3765  1026.0141    5.10819 0.0000e+00
        622 171.652317      1.066     57.199    20.1991   4.983737     57.000    5.10441 1.8622e-01    20.1884    36.3849  1026.0146    5.10435 0.0000e+00
        627 171.652332      0.779     58.300    20.2129   4.985360     58.000    5.10309 1.6859e-01    20.2020    36.3858  1026.0164    5.10302 0.0000e+00
        633 171.652349      0.701     59.370    20.2132   4.985184     59.000    5.10312 1.5919e-01    20.2021    36.3838  1026.0194    5.10305 0.0000e+00
        638 171.652364      0.757     60.424    20.2058   4.984401     60.000    5.10380 1.5433e-01    20.1945    36.3833  1026.0257    5.10376 0.0000e+00
        643 171.652378      0.812     61.482    20.1967   4.983183     61.000    5.10476 1.5422e-01    20.1851    36.3809  1026.0309    5.10469 0.0000e+00
        646 171.652388      0.967     62.401    20.1922   4.983506     62.000    5.10494 1.5808e-01    20.1805    36.3870  1026.0407    5.10493 0.0000e+00
        649 171.652397      1.180     63.201    20.1889   4.983208     63.000    5.10527 1.6093e-01    20.1771    36.3871  1026.0452    5.10523 0.0000e+00
        653 171.652408      1.173     64.060    20.1896   4.983361     64.000    5.10518 1.6357e-01    20.1776    36.3875  1026.0490    5.10516 0.0000e+00
        665 171.652443      0.046     65.744    20.1854   4.982660     65.000    5.10564 1.5591e-01    20.1731    36.3847  1026.0553    5.10563 0.0000e+00
        668 171.652452      0.756     66.588    20.1774   4.981418     66.000    5.10650 1.5461e-01    20.1650    36.3811  1026.0584    5.10649 0.0000e+00
        671 171.652460      1.181     67.416    20.1723   4.980837     67.000    5.10697 1.5371e-01    20.1597    36.3805  1026.0629    5.10699 0.0000e+00
        674 171.652469      1.413     68.255    20.1655   4.979011     68.000    5.10791 1.5229e-01    20.1528    36.3710  1026.0611    5.10791 0.0000e+00
        678 171.652480      1.298     69.228    20.1478   4.977702     69.000    5.10945 1.5076e-01    20.1349    36.3752  1026.0733    5.10945 0.0000e+00
        682 171.652492      0.995     70.273    20.1447   4.977946     70.000    5.10960 1.4663e-01    20.1315    36.3795  1026.0820    5.10961 0.0000e+00
        688 171.652508      0.799     71.285    20.1472   4.978712     71.000    5.10925 1.4085e-01    20.1339    36.3832  1026.0885    5.10926 0.0000e+00
        695 171.652530      0.529     72.444    20.1546   4.979772     72.000    5.10851 1.4147e-01    20.1410    36.3851  1026.0931    5.10851 0.0000e+00
        704 171.652555      0.434     73.836    20.1608   4.981283     73.000    5.10771 1.3637e-01    20.1470    36.3917  1026.1025    5.10773 0.0000e+00
        707 171.652564      0.840     74.718    20.1638   4.980705     74.000    5.10765 1.3861e-01    20.1498    36.3840  1026.0996    5.10768 0.0000e+00
        709 171.652570      1.245     75.497    20.1519   4.978062     75.000    5.10918 1.3970e-01    20.1378    36.3723  1026.0973    5.10915 0.0000e+00
        711 171.652576      1.566     76.264    20.1326   4.975852     76.000    5.11098 1.3992e-01    20.1184    36.3705  1026.1045    5.11101 0.0000e+00
        714 171.652583      1.715     77.015    20.1164   4.974172     77.000    5.11255 1.4012e-01    20.1021    36.3704  1026.1120    5.11254 0.0000e+00
        721 171.652604      0.799     78.283    20.0942   4.972043     78.000    5.11455 1.3560e-01    20.0796    36.3717  1026.1244    5.11460 0.0000e+00
        732 171.652637      0.329     79.812    20.0433   4.962896     79.000    5.12035 1.2341e-01    20.0284    36.3398  1026.1203    5.12035 0.0000e+00
        736 171.652647      0.795     80.721    20.0235   4.962543     80.000    5.12173 1.2430e-01    20.0085    36.3537  1026.1401    5.12179 0.0000e+00
        739 171.652655      1.127     81.551    20.0172   4.960946     81.000    5.12256 1.2113e-01    20.0021    36.3456  1026.1393    5.12263 0.0000e+00
        741 171.652663      1.392     82.357    20.0010   4.958404     82.000    5.12433 1.1849e-01    19.9856    36.3385  1026.1417    5.12438 0.0000e+00
        744 171.652671      1.529     83.141    19.9793   4.953013     83.000    5.12700 1.1547e-01    19.9638    36.3125  1026.1310    5.12722 0.0000e+00
        751 171.652690      0.794     84.383    19.8793   4.942858     84.000    5.13649 1.1123e-01    19.8637    36.3147  1026.1648    5.13662 0.0000e+00
        760 171.652716      0.374     85.797    19.8104   4.927611     85.000    5.14512 1.0538e-01    19.7946    36.2478  1026.1381    5.14520 0.0000e+00
        763 171.652725      0.908     86.543    19.7115   4.912519     86.000    5.15576 1.0433e-01    19.6956    36.2082  1026.1373    5.15584 0.0000e+00
        766 171.652733      1.260     87.342    19.5849   4.898803     87.000    5.16791 1.0427e-01    19.5689    36.2037  1026.1707    5.16808 0.0000e+00
        770 171.652747      1.055     88.360    19.4848   4.890324     88.000    5.17692 1.0253e-01    19.4687    36.2197  1026.2137    5.17721 0.0000e+00
        777 171.652767      0.547     89.628    19.3943   4.877469     89.000    5.18661 9.6285e-02    19.3780    36.1907  1026.2208    5.18682 0.0000e+00
        782 171.652781      0.728     90.639    19.3418   4.870091     90.000    5.19206 9.4901e-02    19.3253    36.1744  1026.2265    5.19240 0.0000e+00
        786 171.652791      0.963     91.524    19.2741   4.860634     91.000    5.19924 9.3472e-02    19.2576    36.1539  1026.2324    5.19959 0.0000e+00
        790 171.652803      1.066     92.428    19.2060   4.851443     92.000    5.20664 9.1172e-02    19.1893    36.1360  1026.2403    5.20676 0.0000e+00
        794 171.652816      0.926     93.434    19.1586   4.848312     93.000    5.21058 8.6768e-02    19.1417    36.1506  1026.2682    5.21092 0.0000e+00
        801 171.652835      0.681     94.563    19.1239   4.843559     94.000    5.21439 8.3314e-02    19.1068    36.1406  1026.2745    5.21462 0.0000e+00
        807 171.652852      0.624     95.688    19.0899   4.837375     95.000    5.21833 8.2950e-02    19.0727    36.1179  1026.2709    5.21863 0.0000e+00
        811 171.652864      0.863     96.585    19.0076   4.820680     96.000    5.22861 8.3964e-02    18.9903    36.0491  1026.2434    5.22883 0.0000e+00
        815 171.652875      1.026     97.494    18.8511   4.805185     97.000    5.24384 8.4189e-02    18.8337    36.0547  1026.2920    5.24403 0.0000e+00
        819 171.652889      0.909     98.545    18.7813   4.799564     98.000    5.25010 8.3934e-02    18.7638    36.0678  1026.3246    5.25051 0.0000e+00
        824 171.652903      0.806     99.580    18.6791   4.783937     99.000    5.26161 8.3003e-02    18.6615    36.0247  1026.3223    5.26197 0.0000e+00
        829 171.652916      0.884    100.509    18.5567   4.770910    100.000    5.27399 8.3229e-02    18.5390    36.0211  1026.3547    5.27425 0.0000e+00
        834 171.652932      0.780    101.583    18.4930   4.767587    101.000    5.27936 8.3103e-02    18.4751    36.0483  1026.3964    5.27975 0.0000e+00
        840 171.652950      0.616    102.793    18.4789   4.766334    102.000    5.28079 8.5803e-02    18.4608    36.0496  1026.4063    5.28112 0.0000e+00
        844 171.652960      0.858    103.706    18.4582   4.762828    103.000    5.28333 9.0428e-02    18.4400    36.0376  1026.4063    5.28356 0.0000e+00
        847 171.652969      1.158    104.478    18.4280   4.760302    104.000    5.28608 9.3081e-02    18.4096    36.0423  1026.4210    5.28643 0.0000e+00
        851 171.652979      1.236    105.337    18.3859   4.754155    105.000    5.29088 9.4044e-02    18.3675    36.0266  1026.4233    5.29114 0.0000e+00
