jupyter/NEMEA/cnv_final/cnv_final/dMCTV027.cnv
* Sea-Bird SBE 19plus V2 Data File:
* FileName = D:\ACEX_ctd\brutos\MCTV027.hex
* Software Version Seasave V 7.17
* Temperature SN = 6161
* Conductivity SN = 6161
* System UpLoad Time = Jun 19 2012 15:36:45
** H38 
** NHo Cruzeiro do Sul 
** 222 
** MCT V 
**   027
**   33 44.55S
**   051 24.92W
**   19/06/2012 15:40 Z
**   360
** 9P46375-0882 
**   1T Germano Filho
# nquan = 14
# nvalues = 242                         
# units = specified
# name 0 = scan: Scan Count
# name 1 = timeJ: Julian Days
# name 2 = dz/dtM: Descent Rate [m/s]
# name 3 = prdM: Pressure, Strain Gauge [db]
# name 4 = tv290C: Temperature [ITS-90, deg C]
# name 5 = c0S/m: Conductivity [S/m]
# name 6 = depSM: Depth [salt water, m]
# name 7 = oxsatML/L: Oxygen Saturation [ml/l]
# name 8 = flSP: Fluorescence, Seapoint
# name 9 = potemp090C: Potential Temperature [ITS-90, deg C]
# name 10 = sal00: Salinity [PSU]
# name 11 = density00: Density [density, Kg/m^3]
# name 12 = oxsatML/L: Oxygen Saturation [ml/l]
# name 13 = flag: flag
# span 0 =        343,       1728       
# span 1 = 171.651511, 171.655518       
# span 2 =     -0.016,      1.834       
# span 3 =      3.122,    245.302       
# span 4 =    14.5770,    20.2132       
# span 5 =   4.313199,   4.985360       
# span 6 =      3.000,    244.000       
# span 7 =    5.10309,    5.71952       
# span 8 = 5.2765e-02, 7.9138e-01       
# span 9 =    14.5404,    20.2021       
# span 10 =    35.4301,    36.3917      
# span 11 =  1025.6707,  1027.5210      
# span 12 =    5.10302,    5.71968      
# span 13 = 0.0000e+00, 0.0000e+00      
# interval = meters: 1                  
# start_time = Jun 19 2012 15:36:45
# bad_flag = -9.990e-29
*END*
[from data line 207]
       1531 171.654947      1.247    211.202    15.7719   4.447257    210.000    5.57931 5.7102e-02    15.7387    35.6280  1027.2151    5.57937 0.0000e+00
       1534 171.654956      1.310    212.032    15.7520   4.443470    211.000    5.58214 5.7184e-02    15.7186    35.6117  1027.2108    5.58213 0.0000e+00
       1542 171.654979      0.701    213.196    15.7233   4.441933    212.000    5.58486 5.7318e-02    15.6898    35.6232  1027.2314    5.58491 0.0000e+00
       1554 171.655015      0.290    214.730    15.7116   4.440723    213.000    5.58621 5.6282e-02    15.6779    35.6223  1027.2401    5.58624 0.0000e+00
       1556 171.655021      0.921    215.482    15.7058   4.440668    214.000    5.58666 5.6638e-02    15.6719    35.6268  1027.2483    5.58674 0.0000e+00
       1559 171.655029      1.287    216.251    15.7028   4.439332    215.000    5.58736 5.6643e-02    15.6688    35.6171  1027.2449    5.58739 0.0000e+00
       1562 171.655038      1.451    217.091    15.6867   4.437399    216.000    5.58923 5.6652e-02    15.6526    35.6139  1027.2498    5.58929 0.0000e+00
       1566 171.655050      1.163    218.088    15.6595   4.433840    217.000    5.59253 5.6460e-02    15.6253    35.6060  1027.2544    5.59258 0.0000e+00
       1574 171.655071      0.514    219.384    15.6242   4.430292    218.000    5.59644 5.5748e-02    15.5898    35.6055  1027.2678    5.59652 0.0000e+00
       1579 171.655088      0.639    220.410    15.5821   4.424427    219.000    5.60162 5.5063e-02    15.5476    35.5902  1027.2703    5.60173 0.0000e+00
       1584 171.655101      0.833    221.358    15.5486   4.421773    220.000    5.60517 5.4798e-02    15.5140    35.5962  1027.2867    5.60526 0.0000e+00
       1589 171.655115      0.850    222.356    15.5405   4.421428    221.000    5.60593 5.4756e-02    15.5058    35.5999  1027.2959    5.60603 0.0000e+00
       1593 171.655127      0.893    223.297    15.5375   4.421203    222.000    5.60626 5.4559e-02    15.5027    35.6002  1027.3009    5.60635 0.0000e+00
       1598 171.655142      0.855    224.309    15.5341   4.420888    223.000    5.60666 5.4528e-02    15.4992    35.6000  1027.3060    5.60673 0.0000e+00
       1605 171.655161      0.592    225.582    15.5319   4.420839    224.000    5.60687 5.4608e-02    15.4968    35.6010  1027.3129    5.60694 0.0000e+00
       1609 171.655173      0.792    226.552    15.5317   4.420704    225.000    5.60696 5.4696e-02    15.4964    35.5996  1027.3161    5.60701 0.0000e+00
       1611 171.655180      1.128    227.323    15.5299   4.420593    226.000    5.60715 5.5240e-02    15.4944    35.6000  1027.3202    5.60721 0.0000e+00
       1614 171.655188      1.403    228.093    15.5282   4.420174    227.000    5.60744 5.5468e-02    15.4926    35.5974  1027.3220    5.60749 0.0000e+00
       1622 171.655210      0.691    229.309    15.5175   4.419131    228.000    5.60864 5.4941e-02    15.4818    35.5972  1027.3297    5.60869 0.0000e+00
       1632 171.655240      0.349    230.810    15.5074   4.417341    229.000    5.61004 5.4744e-02    15.4715    35.5895  1027.3327    5.61008 0.0000e+00
       1635 171.655248      0.927    231.579    15.4979   4.416840    230.000    5.61098 5.5437e-02    15.4618    35.5933  1027.3412    5.61102 0.0000e+00
       1637 171.655256      1.318    232.347    15.4957   4.416704    231.000    5.61119 5.5649e-02    15.4595    35.5938  1027.3455    5.61124 0.0000e+00
       1640 171.655264      1.445    233.219    15.4899   4.415178    232.000    5.61214 5.5590e-02    15.4536    35.5849  1027.3437    5.61219 0.0000e+00
       1644 171.655276      1.179    234.215    15.4655   4.412117    233.000    5.61507 5.5113e-02    15.4291    35.5789  1027.3491    5.61512 0.0000e+00
       1650 171.655293      0.740    235.336    15.4217   4.405505    234.000    5.62069 5.4021e-02    15.3852    35.5583  1027.3482    5.62074 0.0000e+00
       1658 171.655316      0.487    236.594    15.3269   4.395844    235.000    5.63131 5.3150e-02    15.2904    35.5560  1027.3736    5.63145 0.0000e+00
       1663 171.655331      0.698    237.605    15.3038   4.394071    236.000    5.63375 5.3127e-02    15.2671    35.5605  1027.3867    5.63390 0.0000e+00
       1667 171.655341      0.985    238.464    15.2915   4.386847    237.000    5.63667 5.3191e-02    15.2547    35.5058  1027.3512    5.63717 0.0000e+00
       1670 171.655351      1.153    239.338    15.1373   4.363188    238.000    5.65730 5.3203e-02    15.1006    35.4301  1027.3317    5.65723 0.0000e+00
       1675 171.655364      1.013    240.337    14.9568   4.348922    239.000    5.67632 5.3525e-02    14.9203    35.4632  1027.4022    5.67660 0.0000e+00
       1681 171.655381      0.724    241.437    14.8559   4.339564    240.000    5.68758 5.3542e-02    14.8194    35.4688  1027.4339    5.68794 0.0000e+00
       1686 171.655398      0.673    242.445    14.7824   4.331756    241.000    5.69612 5.3092e-02    14.7458    35.4639  1027.4509    5.69655 0.0000e+00
       1693 171.655416      0.653    243.349    14.7050   4.323339    242.000    5.70538 5.2939e-02    14.6684    35.4567  1027.4666    5.70570 0.0000e+00
       1705 171.655452      0.247    244.501    14.6393   4.316929    243.000    5.71299 5.2765e-02    14.6026    35.4572  1027.4867    5.71326 0.0000e+00
       1728 171.655518     -0.016    245.302    14.5770   4.313199    244.000    5.71952 5.4485e-02    14.5404    35.4794  1027.5210    5.71968 0.0000e+00
