jupyter/NEMEA/cnv_final/cnv_final/out_dMCTV009.cnv
* Sea-Bird SBE 9 Data File:
* FileName = D:\ACEX\brutos\MCTV009.hex
* Software Version Seasave V 7.17
* Temperature SN = 4821
* Conductivity SN = 3367
* Number of Bytes Per Scan = 21
* Number of Voltage Words = 3
* Number of Scans Averaged by the Deck Unit = 1
* NMEA UTC (Time) = Jun 14 2012 08:09:51
* NMEA Longitude =  046 51.87 W
* NMEA Latitude =  27 00.30 S
** H38 
** NHo Cruzeiro do Sul 
** 222 
** MCTV ACEx 
**   009
**   27 00.30 S
**   046 51.87 W
**   14/06/2012 11:10Z
**   195
** 9P46375-0882 
**   Pesq Catarina Cecilio
# nquan = 16
# nvalues = 174                         
# units = specified
# name 0 = scan: Scan Count
# name 1 = timeJ: Julian Days
# name 2 = dz/dtM: Descent Rate [m/s]
# name 3 = prDM: Pressure, Digiquartz [db]
# name 4 = t090C: Temperature [ITS-90, deg C]
# name 5 = c0S/m: Conductivity [S/m]
# name 6 = sbeox0V: Oxygen Voltage, SBE 43
# name 7 = depSM: Depth [salt water, m]
# name 8 = flSP: Fluorescence, Seapoint
# name 9 = potemp090C: Potential Temperature [ITS-90, deg C]
# name 10 = sal00: Salinity [PSU]
# name 11 = density00: Density [density, Kg/m^3]
# name 12 = sigma-é00: Density [sigma-theta, Kg/m^3]
# name 13 = sbeox0ML/L: Oxygen, SBE 43 [ml/l], WS = 2
# name 14 = nbin: number of scans per bin
# name 15 = flag: flag
# span 0 =       4324,      16104       
# span 1 = 166.342258, 166.347940       
# span 2 =     -0.108,      0.908       
# span 3 =      5.035,    179.187       
# span 4 =    14.5758,    21.7529       
# span 5 =   4.352579,   5.155382       
# span 6 =     2.6312,     3.4573       
# span 7 =      5.000,    178.000       
# span 8 = 5.4927e-02, 6.1644e-01       
# span 9 =    14.5491,    21.7446       
# span 10 =    35.8712,    36.5914      
# span 11 =  1025.2612,  1027.5342      
# span 12 =    25.2393,    26.7461      
# span 13 =    3.68376,    4.51846      
# span 14 =         10,         72      
# span 15 = 0.0000e+00, 0.0000e+00      
# interval = meters: 1                  
# start_time = Jun 14 2012 08:09:51
# bad_flag = -9.990e-29
*END*
[from data line 91]
       9865 166.344931      0.559     96.647    16.1461   4.531986     2.8286     96.000 1.0919e-01    16.1306    36.0941  1026.9819    26.5594    3.89447         51 0.0000e+00
       9934 166.344964      0.310     97.660    16.0595   4.521761     2.8152     97.000 1.0769e-01    16.0439    36.0810  1026.9965    26.5694    3.87720         59 0.0000e+00
       9978 166.344985      0.548     98.665    16.0062   4.515723     2.8114     98.000 1.0177e-01    15.9905    36.0751  1027.0089    26.5772    3.87490         37 0.0000e+00
      10016 166.345003      0.653     99.671    15.9966   4.514627     2.8114     99.000 1.0134e-01    15.9807    36.0736  1027.0143    26.5783    3.87607         38 0.0000e+00
      10063 166.345026      0.515    100.676    15.9416   4.507776     2.8086    100.000 9.9881e-02    15.9256    36.0619  1027.0226    26.5820    3.87587         48 0.0000e+00
      10113 166.345050      0.485    101.682    15.8753   4.500067     2.8034    101.000 1.0058e-01    15.8592    36.0527  1027.0352    26.5901    3.87195         52 0.0000e+00
      10180 166.345082      0.375    102.692    15.8415   4.496269     2.7985    102.000 9.9645e-02    15.8253    36.0489  1027.0446    26.5950    3.86602         21 0.0000e+00
      10293 166.345137      0.278    103.702    15.8088   4.492295     2.7915    103.000 9.6134e-02    15.7924    36.0427  1027.0518    26.5977    3.85619         64 0.0000e+00
      10342 166.345161      0.497    104.712    15.7656   4.487138     2.7951    104.000 9.4833e-02    15.7491    36.0353  1027.0605    26.6020    3.86665         33 0.0000e+00
      10371 166.345174      0.772    105.713    15.7325   4.483393     2.8003    105.000 9.2273e-02    15.7158    36.0314  1027.0695    26.6065    3.87939         26 0.0000e+00
      10401 166.345189      0.844    106.715    15.7115   4.481257     2.8093    106.000 8.5264e-02    15.6948    36.0309  1027.0784    26.6109    3.89813         36 0.0000e+00
      10457 166.345216      0.398    107.731    15.7039   4.480374     2.8248    107.000 8.5951e-02    15.6870    36.0295  1027.0835    26.6116    3.92781         65 0.0000e+00
      10504 166.345239      0.531    108.734    15.6661   4.475551     2.8271    108.000 8.2562e-02    15.6490    36.0201  1027.0894    26.6131    3.93575         34 0.0000e+00
      10544 166.345258      0.618    109.739    15.6026   4.468319     2.8267    109.000 8.3840e-02    15.5854    36.0124  1027.1025    26.6216    3.94043         50 0.0000e+00
      10609 166.345289      0.325    110.753    15.5687   4.464341     2.8307    110.000 7.8643e-02    15.5514    36.0070  1027.1105    26.6251    3.95111         50 0.0000e+00
      10651 166.345310      0.567    111.757    15.5465   4.461806     2.8395    111.000 7.6688e-02    15.5290    36.0041  1027.1178    26.6280    3.96971         36 0.0000e+00
      10691 166.345329      0.613    112.759    15.5332   4.460400     2.8412    112.000 8.1903e-02    15.5156    36.0031  1027.1245    26.6303    3.97459         50 0.0000e+00
      10758 166.345361      0.330    113.773    15.5252   4.459416     2.8405    113.000 8.1524e-02    15.5074    36.0011  1027.1293    26.6305    3.97441         56 0.0000e+00
      10813 166.345388      0.458    114.777    15.4775   4.453720     2.8471    114.000 7.4612e-02    15.4596    35.9928  1027.1381    26.6349    3.99105         50 0.0000e+00
      10881 166.345420      0.341    115.783    15.4513   4.450903     2.8578    115.000 7.4579e-02    15.4333    35.9908  1027.1470    26.6393    4.01358         72 0.0000e+00
      10955 166.345456      0.324    116.791    15.4378   4.449369     2.8635    116.000 7.2130e-02    15.4196    35.9889  1027.1531    26.6410    4.02581         68 0.0000e+00
      11011 166.345483      0.452    117.803    15.4057   4.445220     2.8693    117.000 7.2488e-02    15.3874    35.9802  1027.1581    26.6415    4.03983         36 0.0000e+00
      11042 166.345498      0.712    118.809    15.3392   4.437732     2.8836    118.000 6.4774e-02    15.3208    35.9728  1027.1720    26.6508    4.07248         29 0.0000e+00
      11069 166.345511      0.855    119.813    15.2917   4.432249     2.9025    119.000 5.8285e-02    15.2733    35.9661  1027.1819    26.6563    4.11227         26 0.0000e+00
      11098 166.345525      0.874    120.818    15.2659   4.429517     2.9203    120.000 5.7347e-02    15.2473    35.9645  1027.1910    26.6609    4.14825         31 0.0000e+00
      11135 166.345543      0.694    121.824    15.2531   4.428096     2.9319    121.000 5.9086e-02    15.2343    35.9629  1027.1971    26.6626    4.17152         44 0.0000e+00
      11193 166.345571      0.396    122.835    15.2448   4.427211     2.9441    122.000 5.6431e-02    15.2259    35.9621  1027.2028    26.6638    4.19568         65 0.0000e+00
      11244 166.345596      0.485    123.845    15.2297   4.425291     2.9493    123.000 5.6598e-02    15.2106    35.9581  1027.2076    26.6641    4.20723         37 0.0000e+00
      11280 166.345613      0.656    124.847    15.1922   4.420848     2.9448    124.000 5.5551e-02    15.1730    35.9516  1027.2155    26.6675    4.20255         38 0.0000e+00
      11319 166.345632      0.617    125.859    15.1404   4.414583     2.9345    125.000 5.5863e-02    15.1211    35.9417  1027.2240    26.6714    4.18833         39 0.0000e+00
      11353 166.345648      0.673    126.868    15.0679   4.405510     2.9187    126.000 5.6681e-02    15.0485    35.9250  1027.2318    26.6747    4.16553         28 0.0000e+00
      11379 166.345661      0.861    127.867    15.0030   4.398383     2.9017    127.000 5.8570e-02    14.9836    35.9191  1027.2462    26.6845    4.13946         27 0.0000e+00
      11414 166.345677      0.770    128.873    14.9527   4.392593     2.8898    128.000 5.9284e-02    14.9332    35.9120  1027.2564    26.6902    4.12184         47 0.0000e+00
      11481 166.345710      0.316    129.889    14.9195   4.388700     2.8844    129.000 5.6895e-02    14.8998    35.9065  1027.2641    26.6933    4.11491         51 0.0000e+00
      11523 166.345730      0.561    130.897    14.8595   4.381978     2.8891    130.000 5.9097e-02    14.8397    35.8997  1027.2767    26.7013    4.12940         28 0.0000e+00
      11549 166.345743      0.829    131.897    14.8457   4.380275     2.8895    131.000 5.5891e-02    14.8258    35.8963  1027.2815    26.7018    4.13198         26 0.0000e+00
      11577 166.345756      0.908    132.900    14.8194   4.377366     2.8926    132.000 5.5928e-02    14.7993    35.8935  1027.2896    26.7054    4.14058         31 0.0000e+00
      11645 166.345789      0.426    133.913    14.8098   4.376397     2.9007    133.000 5.6150e-02    14.7896    35.8930  1027.2959    26.7072    4.15721         37 0.0000e+00
      11711 166.345821      0.433    134.921    14.8003   4.375410     2.9037    134.000 5.5841e-02    14.7799    35.8923  1027.3019    26.7087    4.16423         48 0.0000e+00
      11763 166.345846      0.464    135.924    14.7971   4.375104     2.9082    135.000 5.5651e-02    14.7766    35.8920  1027.3068    26.7092    4.17351         50 0.0000e+00
      11875 166.345900      0.251    136.938    14.7942   4.374839     2.9074    136.000 5.5240e-02    14.7735    35.8919  1027.3118    26.7098    4.17279         34 0.0000e+00
      11943 166.345933      0.437    137.935    14.7848   4.373728     2.9093    137.000 5.6122e-02    14.7640    35.8899  1027.3168    26.7103    4.17773         38 0.0000e+00
      12022 166.345971      0.317    138.951    14.7741   4.372544     2.9101    138.000 5.4948e-02    14.7531    35.8885  1027.3226    26.7117    4.18074         51 0.0000e+00
      12062 166.345990      0.580    139.960    14.7618   4.371125     2.9099    139.000 5.5255e-02    14.7407    35.8864  1027.3281    26.7127    4.18199         33 0.0000e+00
      12093 166.346005      0.732    140.962    14.7563   4.370568     2.9102    140.000 5.5427e-02    14.7350    35.8859  1027.3334    26.7136    4.18355         33 0.0000e+00
      12136 166.346026      0.595    141.968    14.7520   4.370135     2.9107    141.000 5.4927e-02    14.7306    35.8855  1027.3385    26.7143    4.18558         55 0.0000e+00
      12195 166.346054      0.395    142.978    14.7296   4.367359     2.9024    142.000 5.5218e-02    14.7081    35.8802  1027.3438    26.7151    4.17237         58 0.0000e+00
      12253 166.346082      0.419    143.987    14.6720   4.361286     2.8768    143.000 6.0891e-02    14.6504    35.8769  1027.3585    26.7252    4.12897         54 0.0000e+00
      12301 166.346105      0.495    144.995    14.6504   4.358753     2.8580    144.000 6.2879e-02    14.6286    35.8732  1027.3649    26.7271    4.09569         36 0.0000e+00
      12335 166.346122      0.693    146.000    14.6236   4.355959     2.8448    145.000 6.5292e-02    14.6018    35.8717  1027.3741    26.7318    4.07345         35 0.0000e+00
      12374 166.346140      0.635    147.006    14.5953   4.353109     2.8141    146.000 7.1980e-02    14.5733    35.8712  1027.3844    26.7376    4.01770         37 0.0000e+00
      12407 166.346156      0.695    148.017    14.5878   4.352579     2.7796    147.000 7.9405e-02    14.5657    35.8728  1027.3917    26.7404    3.95333         28 0.0000e+00
      12435 166.346170      0.837    149.015    14.5898   4.353059     2.7554    148.000 7.9715e-02    14.5675    35.8750  1027.3974    26.7418    3.90762         28 0.0000e+00
      12591 166.346245      0.419    150.026    14.5991   4.354479     2.7041    149.000 8.9867e-02    14.5767    35.8790  1027.4029    26.7429    3.80955         50 0.0000e+00
      12654 166.346275      0.440    151.036    14.6017   4.354904     2.6759    150.000 9.3238e-02    14.5791    35.8802  1027.4077    26.7432    3.75628         54 0.0000e+00
      12703 166.346299      0.494    152.045    14.5980   4.354558     2.6619    151.000 9.8018e-02    14.5752    35.8800  1027.4129    26.7440    3.73048         49 0.0000e+00
      12757 166.346325      0.440    153.047    14.5971   4.354521     2.6548    152.000 9.4315e-02    14.5742    35.8800  1027.4175    26.7442    3.71745         58 0.0000e+00
      12835 166.346363      0.302    154.056    14.5972   4.354558     2.6487    153.000 9.8299e-02    14.5741    35.8799  1027.4219    26.7441    3.70629         44 0.0000e+00
      12929 166.346408      0.278    155.066    14.5957   4.354444     2.6441    154.000 9.6961e-02    14.5726    35.8798  1027.4265    26.7443    3.69824         38 0.0000e+00
      12984 166.346435      0.487    156.074    14.5958   4.354520     2.6428    155.000 9.3349e-02    14.5724    35.8800  1027.4311    26.7445    3.69634         43 0.0000e+00
      13024 166.346454      0.594    157.081    14.5958   4.354567     2.6418    156.000 9.7136e-02    14.5723    35.8800  1027.4356    26.7446    3.69479         37 0.0000e+00
      13058 166.346470      0.698    158.087    14.5950   4.354522     2.6402    157.000 1.0082e-01    14.5713    35.8799  1027.4402    26.7447    3.69237         33 0.0000e+00
      13097 166.346489      0.633    159.092    14.5950   4.354557     2.6381    158.000 1.0091e-01    14.5712    35.8798  1027.4445    26.7447    3.68887         45 0.0000e+00
      13149 166.346514      0.464    160.103    14.5950   4.354598     2.6383    159.000 9.8308e-02    14.5710    35.8798  1027.4490    26.7447    3.68979         56 0.0000e+00
      13198 166.346538      0.484    161.112    14.5950   4.354642     2.6370    160.000 9.4704e-02    14.5709    35.8798  1027.4535    26.7447    3.68778         37 0.0000e+00
      13231 166.346554      0.682    162.111    14.5951   4.354718     2.6369    161.000 9.9167e-02    14.5708    35.8800  1027.4580    26.7449    3.68800         31 0.0000e+00
      13274 166.346575      0.585    163.122    14.5951   4.354728     2.6363    162.000 1.0021e-01    14.5707    35.8796  1027.4622    26.7447    3.68735         57 0.0000e+00
      13330 166.346602      0.409    164.131    14.5947   4.354724     2.6367    163.000 9.4876e-02    14.5701    35.8795  1027.4667    26.7447    3.68881         44 0.0000e+00
      13375 166.346623      0.546    165.133    14.5936   4.354643     2.6371    164.000 9.7350e-02    14.5689    35.8794  1027.4712    26.7448    3.69007         39 0.0000e+00
      13444 166.346657      0.329    166.145    14.5928   4.354576     2.6364    165.000 9.7367e-02    14.5680    35.8790  1027.4756    26.7448    3.68926         62 0.0000e+00
      13580 166.346722      0.231    167.156    14.5920   4.354511     2.6339    166.000 9.3811e-02    14.5669    35.8788  1027.4801    26.7448    3.68507         44 0.0000e+00
      13641 166.346752      0.497    168.154    14.5908   4.354411     2.6341    167.000 9.3442e-02    14.5656    35.8786  1027.4846    26.7449    3.68606         41 0.0000e+00
      13798 166.346827      0.477    169.161    14.5883   4.354152     2.6347    168.000 9.4427e-02    14.5630    35.8781  1027.4892    26.7451    3.68797         50 0.0000e+00
      15035 166.347424      0.337    170.174    14.5865   4.353963     2.6322    169.000 9.8146e-02    14.5610    35.8776  1027.4937    26.7452    3.68376         42 0.0000e+00
      15043 166.347428      0.654    171.184    14.5843   4.353747     2.6331    170.000 9.4532e-02    14.5587    35.8772  1027.4984    26.7454    3.68613         29 0.0000e+00
      15078 166.347445      0.712    172.187    14.5837   4.353705     2.6367    171.000 9.5049e-02    14.5579    35.8770  1027.5028    26.7454    3.69356         39 0.0000e+00
      15121 166.347465      0.562    173.192    14.5837   4.353756     2.6374    172.000 9.4841e-02    14.5578    35.8770  1027.5073    26.7454    3.69547         41 0.0000e+00
      15184 166.347495      0.360    174.201    14.5846   4.353913     2.6344    173.000 9.3907e-02    14.5585    35.8772  1027.5117    26.7454    3.69009         48 0.0000e+00
      15244 166.347525      0.431    175.204    14.5822   4.353676     2.6312    174.000 9.3803e-02    14.5560    35.8768  1027.5163    26.7457    3.68477         47 0.0000e+00
      15305 166.347554      0.396    176.208    14.5813   4.353624     2.6314    175.000 9.2698e-02    14.5550    35.8767  1027.5209    26.7458    3.68556         32 0.0000e+00
      15401 166.347600      0.250    177.213    14.5792   4.353394     2.6312    176.000 9.4248e-02    14.5527    35.8761  1027.5253    26.7459    3.68591         35 0.0000e+00
      15565 166.347679      0.275    178.233    14.5768   4.353144     2.6330    177.000 9.5753e-02    14.5502    35.8756  1027.5300    26.7460    3.69000         57 0.0000e+00
      16104 166.347940     -0.108    179.187    14.5758   4.353054     2.6352    178.000 8.8089e-02    14.5491    35.8753  1027.5342    26.7461    3.69475         10 0.0000e+00
