jupyter/NEMEA/cnv_final/cnv_final/out_dMCTV011.cnv
* Sea-Bird SBE 9 Data File:
* FileName = D:\ACEX\brutos\MCTV011.hex
* Software Version Seasave V 7.17
* Temperature SN = 4821
* Conductivity SN = 3367
* Number of Bytes Per Scan = 21
* Number of Voltage Words = 3
* Number of Scans Averaged by the Deck Unit = 1
* NMEA UTC (Time) = Jun 14 2012 13:21:17
* NMEA Longitude =  046  28.96W
* NMEA Latitude =  27 00.12 S
** H38 
** NHo Cruzeiro do Sul 
** 222 
** MCTV ACEx 
**   011
**   27 00.12 S
**   046  28.96W
**   14/06/2012 16:20Z
**   409
** 9P46375-0882 
**   1T Germano Filho
# nquan = 16
# nvalues = 383                         
# units = specified
# name 0 = scan: Scan Count
# name 1 = timeJ: Julian Days
# name 2 = dz/dtM: Descent Rate [m/s]
# name 3 = prDM: Pressure, Digiquartz [db]
# name 4 = t090C: Temperature [ITS-90, deg C]
# name 5 = c0S/m: Conductivity [S/m]
# name 6 = sbeox0V: Oxygen Voltage, SBE 43
# name 7 = depSM: Depth [salt water, m]
# name 8 = flSP: Fluorescence, Seapoint
# name 9 = potemp090C: Potential Temperature [ITS-90, deg C]
# name 10 = sal00: Salinity [PSU]
# name 11 = density00: Density [density, Kg/m^3]
# name 12 = sigma-é00: Density [sigma-theta, Kg/m^3]
# name 13 = sbeox0ML/L: Oxygen, SBE 43 [ml/l], WS = 2
# name 14 = nbin: number of scans per bin
# name 15 = flag: flag
# span 0 =       4442,      16020       
# span 1 = 166.558588, 166.564172       
# span 2 =     -0.005,      1.733       
# span 3 =      5.039,    389.874       
# span 4 =    12.2989,    23.2553       
# span 5 =   4.106598,   5.424422       
# span 6 =     1.7737,     3.4549       
# span 7 =      5.000,    387.000       
# span 8 = 4.7874e-02, 3.3124e-01       
# span 9 =    12.2468,    23.2542       
# span 10 =    35.5770,    37.3241      
# span 11 =  1025.6205,  1028.8029      
# span 12 =    25.5990,    27.0742      
# span 13 =    2.20776,    4.41001      
# span 14 =          8,         46      
# span 15 = 0.0000e+00, 0.0000e+00      
# interval = meters: 1                  
# start_time = Jun 14 2012 13:21:17
# bad_flag = -9.990e-29
*END*
       4442 166.558588      0.526      5.039    23.2553   5.422999     2.6187      5.000 1.2539e-01    23.2542    37.2924  1025.6205    25.5990    3.03288         21 0.0000e+00
       4474 166.558604      0.653      6.044    23.2396   5.424422     2.8477      6.000 1.2859e-01    23.2383    37.3164  1025.6477    25.6219    3.39606         30 0.0000e+00
       4500 166.558616      0.867      7.044    23.2124   5.422498     3.1282      7.000 1.2958e-01    23.2110    37.3241  1025.6658    25.6358    3.84211         23 0.0000e+00
       4526 166.558629      0.950      8.049    23.1943   5.419603     3.2874      8.000 1.3113e-01    23.1927    37.3166  1025.6698    25.6355    4.09613         28 0.0000e+00
       4554 166.558643      0.877      9.063    23.1717   5.416961     3.3698      9.000 1.3733e-01    23.1698    37.3150  1025.6796    25.6410    4.22897         28 0.0000e+00
       4581 166.558656      0.857     10.067    23.1516   5.414707     3.4058     10.000 1.4215e-01    23.1495    37.3143  1025.6892    25.6463    4.28797         26 0.0000e+00
       4606 166.558667      0.949     11.070    23.1463   5.414139     3.4152     11.000 1.4429e-01    23.1440    37.3140  1025.6949    25.6477    4.30397         26 0.0000e+00
       4633 166.558680      0.942     12.076    23.1431   5.413799     3.4247     12.000 1.5085e-01    23.1406    37.3137  1025.7000    25.6485    4.31984         28 0.0000e+00
       4666 166.558696      0.764     13.085    23.1406   5.413543     3.4315     13.000 1.5749e-01    23.1379    37.3135  1025.7049    25.6492    4.33139         35 0.0000e+00
       4699 166.558712      0.723     14.093    23.1384   5.413361     3.4262     14.000 1.6012e-01    23.1355    37.3135  1025.7099    25.6499    4.32372         34 0.0000e+00
       4731 166.558728      0.750     15.099    23.1369   5.413220     3.4341     15.000 1.6729e-01    23.1337    37.3134  1025.7146    25.6503    4.33687         29 0.0000e+00
       4761 166.558742      0.783     16.107    23.1342   5.412947     3.4422     16.000 1.7660e-01    23.1309    37.3132  1025.7195    25.6510    4.35065         28 0.0000e+00
       4787 166.558755      0.882     17.111    23.1331   5.412893     3.4474     17.000 1.6916e-01    23.1296    37.3133  1025.7243    25.6514    4.35944         25 0.0000e+00
       4813 166.558768      0.925     18.119    23.1332   5.412936     3.4493     18.000 1.7152e-01    23.1294    37.3132  1025.7286    25.6515    4.36311         27 0.0000e+00
       4841 166.558781      0.894     19.125    23.1320   5.412880     3.4505     19.000 1.8127e-01    23.1281    37.3135  1025.7335    25.6520    4.36572         30 0.0000e+00
       4869 166.558794      0.855     20.133    23.1315   5.412874     3.4486     20.000 1.8330e-01    23.1273    37.3135  1025.7380    25.6523    4.36339         26 0.0000e+00
       4895 166.558807      0.912     21.139    23.1315   5.412940     3.4489     21.000 1.8855e-01    23.1271    37.3137  1025.7425    25.6524    4.36438         24 0.0000e+00
       4920 166.558819      0.954     22.141    23.1314   5.412976     3.4486     22.000 1.8976e-01    23.1269    37.3136  1025.7468    25.6525    4.36450         26 0.0000e+00
       4952 166.558834      0.832     23.148    23.1314   5.413057     3.4481     23.000 2.0265e-01    23.1267    37.3139  1025.7513    25.6528    4.36425         37 0.0000e+00
       4989 166.558852      0.644     24.164    23.1311   5.413064     3.4451     24.000 2.0974e-01    23.1261    37.3139  1025.7558    25.6529    4.36019         35 0.0000e+00
       5017 166.558866      0.755     25.167    23.1310   5.413091     3.4441     25.000 2.0755e-01    23.1258    37.3138  1025.7601    25.6530    4.35910         22 0.0000e+00
       5040 166.558877      0.995     26.172    23.1305   5.413053     3.4463     26.000 2.0830e-01    23.1251    37.3136  1025.7644    25.6530    4.36330         25 0.0000e+00
       5065 166.558889      0.997     27.175    23.1303   5.413063     3.4497     27.000 2.1936e-01    23.1246    37.3136  1025.7688    25.6531    4.36924         27 0.0000e+00
       5093 166.558902      0.881     28.185    23.1302   5.413085     3.4545     28.000 2.2302e-01    23.1243    37.3134  1025.7731    25.6531    4.37750         27 0.0000e+00
       5120 166.558916      0.880     29.192    23.1294   5.413008     3.4541     29.000 2.4014e-01    23.1234    37.3132  1025.7775    25.6531    4.37750         26 0.0000e+00
       5146 166.558928      0.926     30.198    23.1270   5.412770     3.4531     30.000 2.3494e-01    23.1208    37.3129  1025.7823    25.6537    4.37677         25 0.0000e+00
       5172 166.558941      0.929     31.204    23.1268   5.412771     3.4487     31.000 2.4184e-01    23.1204    37.3128  1025.7866    25.6537    4.37030         28 0.0000e+00
       5199 166.558954      0.880     32.208    23.1270   5.412842     3.4508     32.000 2.4069e-01    23.1204    37.3128  1025.7909    25.6538    4.37430         21 0.0000e+00
       5229 166.558968      0.863     33.215    23.1271   5.412889     3.4474     33.000 2.6306e-01    23.1203    37.3127  1025.7952    25.6537    4.36942         40 0.0000e+00
       5266 166.558986      0.635     34.231    23.1269   5.412913     3.4549     34.000 2.6392e-01    23.1198    37.3128  1025.7997    25.6539    4.38202         30 0.0000e+00
       5291 166.558998      0.829     35.233    23.1268   5.412947     3.4528     35.000 2.5386e-01    23.1195    37.3128  1025.8040    25.6540    4.37928         24 0.0000e+00
       5316 166.559010      0.998     36.239    23.1269   5.413010     3.4541     36.000 2.5663e-01    23.1195    37.3128  1025.8083    25.6540    4.38196         23 0.0000e+00
       5340 166.559021      0.990     37.238    23.1269   5.413051     3.4515     37.000 2.6022e-01    23.1192    37.3128  1025.8126    25.6541    4.37835         24 0.0000e+00
       5374 166.559038      0.799     38.249    23.1270   5.413112     3.4523     38.000 2.8550e-01    23.1191    37.3128  1025.8170    25.6541    4.38026         46 0.0000e+00
       5415 166.559058      0.544     39.266    23.1273   5.413186     3.4519     39.000 2.8131e-01    23.1192    37.3128  1025.8213    25.6541    4.38025         33 0.0000e+00
       5442 166.559071      0.786     40.273    23.1274   5.413277     3.4538     40.000 2.7197e-01    23.1191    37.3130  1025.8258    25.6543    4.38372         22 0.0000e+00
       5462 166.559080      1.027     41.277    23.1276   5.413351     3.4514     41.000 2.6746e-01    23.1191    37.3131  1025.8301    25.6543    4.38054         18 0.0000e+00
       5480 166.559089      1.245     42.279    23.1278   5.413407     3.4533     42.000 2.6766e-01    23.1191    37.3130  1025.8343    25.6543    4.38418         19 0.0000e+00
       5499 166.559098      1.307     43.281    23.1279   5.413488     3.4543     43.000 2.7866e-01    23.1190    37.3132  1025.8387    25.6545    4.38640         20 0.0000e+00
       5520 166.559108      1.238     44.286    23.1281   5.413589     3.4513     44.000 2.8328e-01    23.1189    37.3135  1025.8432    25.6547    4.38205         23 0.0000e+00
       5550 166.559123      0.943     45.294    23.1283   5.413668     3.4498     45.000 3.0107e-01    23.1189    37.3136  1025.8476    25.6548    4.38034         37 0.0000e+00
       5591 166.559143      0.569     46.311    23.1285   5.413739     3.4482     46.000 3.0682e-01    23.1189    37.3136  1025.8519    25.6548    4.37833         41 0.0000e+00
       5623 166.559158      0.695     47.317    23.1285   5.413808     3.4493     47.000 3.0004e-01    23.1187    37.3138  1025.8564    25.6550    4.38061         24 0.0000e+00
       5647 166.559169      0.938     48.326    23.1286   5.413882     3.4521     48.000 3.0374e-01    23.1186    37.3139  1025.8608    25.6551    4.38578         21 0.0000e+00
       5668 166.559180      1.064     49.320    23.1287   5.413927     3.4504     49.000 2.9359e-01    23.1185    37.3138  1025.8650    25.6551    4.38367         22 0.0000e+00
       5691 166.559191      1.090     50.328    23.1290   5.414016     3.4484     50.000 2.9721e-01    23.1185    37.3139  1025.8694    25.6552    4.38103         25 0.0000e+00
       5720 166.559205      0.915     51.336    23.1290   5.414073     3.4482     51.000 3.0992e-01    23.1184    37.3140  1025.8738    25.6553    4.38123         35 0.0000e+00
       5757 166.559223      0.660     52.349    23.1289   5.414111     3.4471     52.000 3.3124e-01    23.1181    37.3140  1025.8782    25.6553    4.38018         36 0.0000e+00
       5790 166.559238      0.702     53.361    23.1293   5.414231     3.4499     53.000 3.0591e-01    23.1183    37.3142  1025.8826    25.6554    4.38513         26 0.0000e+00
       5813 166.559250      0.904     54.362    23.1296   5.414303     3.4492     54.000 2.9702e-01    23.1183    37.3142  1025.8868    25.6554    4.38459         23 0.0000e+00
       5834 166.559260      1.062     55.369    23.1298   5.414375     3.4449     55.000 2.9835e-01    23.1183    37.3143  1025.8912    25.6555    4.37827         20 0.0000e+00
       5854 166.559269      1.167     56.375    23.1304   5.414501     3.4474     56.000 2.9316e-01    23.1187    37.3144  1025.8954    25.6555    4.38286         20 0.0000e+00
       5876 166.559280      1.196     57.378    23.1306   5.414591     3.4486     57.000 2.9458e-01    23.1188    37.3145  1025.8998    25.6555    4.38542         20 0.0000e+00
       5905 166.559294      0.933     58.377    23.1305   5.414602     3.4443     58.000 3.0597e-01    23.1184    37.3144  1025.9040    25.6556    4.37904         35 0.0000e+00
       5944 166.559313      0.625     59.397    23.1299   5.414561     3.4362     59.000 3.2592e-01    23.1176    37.3142  1025.9085    25.6556    4.36685         38 0.0000e+00
       5977 166.559329      0.684     60.405    23.1295   5.414534     3.4371     60.000 3.0920e-01    23.1170    37.3140  1025.9128    25.6557    4.36886         30 0.0000e+00
       6003 166.559341      0.878     61.412    23.1289   5.414534     3.4396     61.000 3.0913e-01    23.1162    37.3141  1025.9173    25.6560    4.37343         23 0.0000e+00
       6026 166.559353      0.990     62.412    23.1288   5.414553     3.4408     62.000 3.0414e-01    23.1159    37.3140  1025.9216    25.6560    4.37605         23 0.0000e+00
       6051 166.559365      0.993     63.423    23.1290   5.414616     3.4413     63.000 3.0217e-01    23.1158    37.3140  1025.9259    25.6560    4.37744         26 0.0000e+00
       6077 166.559377      0.972     64.424    23.1288   5.414630     3.4403     64.000 3.0435e-01    23.1155    37.3139  1025.9302    25.6560    4.37642         28 0.0000e+00
       6106 166.559391      0.858     65.438    23.1286   5.414587     3.4446     65.000 3.1168e-01    23.1150    37.3134  1025.9343    25.6558    4.38396         30 0.0000e+00
       6133 166.559404      0.843     66.449    23.1287   5.414723     3.4418     66.000 3.1868e-01    23.1149    37.3140  1025.9391    25.6563    4.38005         22 0.0000e+00
       6156 166.559415      0.989     67.448    23.1285   5.414732     3.4373     67.000 3.1703e-01    23.1146    37.3138  1025.9433    25.6562    4.37347         24 0.0000e+00
       6179 166.559426      1.056     68.466    23.1279   5.414669     3.4393     68.000 2.9627e-01    23.1137    37.3136  1025.9477    25.6563    4.37732         21 0.0000e+00
       6198 166.559435      1.120     69.460    23.1269   5.414590     3.4392     69.000 2.9216e-01    23.1125    37.3134  1025.9522    25.6565    4.37770         18 0.0000e+00
       6216 166.559444      1.270     70.471    23.1250   5.414347     3.4342     70.000 2.9493e-01    23.1104    37.3128  1025.9566    25.6567    4.37052         19 0.0000e+00
       6235 166.559453      1.324     71.470    23.1242   5.414278     3.4344     71.000 2.9948e-01    23.1094    37.3126  1025.9610    25.6568    4.37157         19 0.0000e+00
       6258 166.559464      1.172     72.476    23.1208   5.413789     3.4356     72.000 3.1044e-01    23.1058    37.3113  1025.9653    25.6569    4.37429         26 0.0000e+00
       6286 166.559478      0.919     73.492    23.1166   5.413219     3.4354     73.000 3.2070e-01    23.1013    37.3101  1025.9701    25.6573    4.37485         27 0.0000e+00
       6313 166.559491      0.851     74.500    23.1147   5.413002     3.4350     74.000 3.1216e-01    23.0993    37.3097  1025.9746    25.6576    4.37496         25 0.0000e+00
       6336 166.559502      0.976     75.506    23.1140   5.412916     3.4339     75.000 3.0666e-01    23.0983    37.3093  1025.9789    25.6575    4.37394         20 0.0000e+00
       6355 166.559511      1.131     76.511    23.1070   5.412011     3.4347     76.000 3.0134e-01    23.0912    37.3078  1025.9841    25.6585    4.37636         19 0.0000e+00
       6374 166.559520      1.251     77.522    23.1046   5.411750     3.4354     77.000 3.0659e-01    23.0885    37.3075  1025.9890    25.6591    4.37821         18 0.0000e+00
       6392 166.559529      1.314     78.523    23.1028   5.411528     3.4361     78.000 3.0794e-01    23.0865    37.3069  1025.9934    25.6592    4.38009         19 0.0000e+00
       6412 166.559538      1.281     79.522    23.1012   5.411351     3.4311     79.000 3.0782e-01    23.0847    37.3066  1025.9979    25.6595    4.37276         20 0.0000e+00
       6435 166.559550      1.131     80.530    23.0979   5.410845     3.4287     80.000 3.0967e-01    23.0812    37.3051  1026.0021    25.6594    4.36991         23 0.0000e+00
       6460 166.559562      0.989     81.543    23.0565   5.405360     3.4235     81.000 2.9314e-01    23.0397    37.2972  1026.0126    25.6655    4.36538         25 0.0000e+00
       6486 166.559574      0.943     82.547    22.9996   5.397977     3.4164     82.000 2.8723e-01    22.9826    37.2878  1026.0264    25.6750    4.35894         25 0.0000e+00
       6510 166.559586      0.974     83.562    22.9387   5.389828     3.4071     83.000 2.7712e-01    22.9215    37.2757  1026.0394    25.6836    4.34939         22 0.0000e+00
       6532 166.559596      1.067     84.565    22.8893   5.383512     3.4048     84.000 2.7174e-01    22.8719    37.2681  1026.0524    25.6922    4.35012         24 0.0000e+00
       6556 166.559608      1.043     85.574    22.8575   5.379911     3.4023     85.000 2.6648e-01    22.8400    37.2667  1026.0649    25.7004    4.34896         23 0.0000e+00
       6584 166.559621      0.922     86.573    22.8032   5.372742     3.3974     86.000 2.6703e-01    22.7855    37.2566  1026.0773    25.7085    4.34585         29 0.0000e+00
       6613 166.559635      0.833     87.586    22.7526   5.366647     3.3933     87.000 2.5703e-01    22.7347    37.2517  1026.0927    25.7195    4.34379         26 0.0000e+00
       6639 166.559648      0.864     88.588    22.6801   5.356942     3.3871     88.000 2.4480e-01    22.6620    37.2372  1026.1070    25.7295    4.34005         24 0.0000e+00
       6662 166.559659      0.990     89.601    22.6164   5.348918     3.3798     89.000 2.3706e-01    22.5981    37.2282  1026.1231    25.7411    4.33371         21 0.0000e+00
       6683 166.559669      1.105     90.614    22.4465   5.325636     3.3670     90.000 2.3536e-01    22.4281    37.1900  1026.1474    25.7609    4.32697         20 0.0000e+00
       6702 166.559679      1.182     91.606    22.2372   5.299369     3.3516     91.000 2.2350e-01    22.2188    37.1615  1026.1901    25.7991    4.31854         18 0.0000e+00
       6723 166.559688      1.222     92.618    22.0015   5.269770     3.3384     92.000 2.1591e-01    21.9830    37.1289  1026.2369    25.8413    4.31589         18 0.0000e+00
       6745 166.559699      1.147     93.623    21.7684   5.240787     3.3275     93.000 2.0042e-01    21.7499    37.0983  1026.2841    25.8838    4.31656         22 0.0000e+00
       6772 166.559712      0.970     94.628    21.4704   5.204680     3.3042     94.000 1.8501e-01    21.4518    37.0661  1026.3477    25.9427    4.30169         25 0.0000e+00
