jupyter/NEMEA/cnv_final/cnv_final/out_dMCTV009.cnv
* Sea-Bird SBE 9 Data File:
* FileName = D:\ACEX\brutos\MCTV009.hex
* Software Version Seasave V 7.17
* Temperature SN = 4821
* Conductivity SN = 3367
* Number of Bytes Per Scan = 21
* Number of Voltage Words = 3
* Number of Scans Averaged by the Deck Unit = 1
* NMEA UTC (Time) = Jun 14 2012 08:09:51
* NMEA Longitude =  046 51.87 W
* NMEA Latitude =  27 00.30 S
** H38 
** NHo Cruzeiro do Sul 
** 222 
** MCTV ACEx 
**   009
**   27 00.30 S
**   046 51.87 W
**   14/06/2012 11:10Z
**   195
** 9P46375-0882 
**   Pesq Catarina Cecilio
# nquan = 16
# nvalues = 174                         
# units = specified
# name 0 = scan: Scan Count
# name 1 = timeJ: Julian Days
# name 2 = dz/dtM: Descent Rate [m/s]
# name 3 = prDM: Pressure, Digiquartz [db]
# name 4 = t090C: Temperature [ITS-90, deg C]
# name 5 = c0S/m: Conductivity [S/m]
# name 6 = sbeox0V: Oxygen Voltage, SBE 43
# name 7 = depSM: Depth [salt water, m]
# name 8 = flSP: Fluorescence, Seapoint
# name 9 = potemp090C: Potential Temperature [ITS-90, deg C]
# name 10 = sal00: Salinity [PSU]
# name 11 = density00: Density [density, Kg/m^3]
# name 12 = sigma-é00: Density [sigma-theta, Kg/m^3]
# name 13 = sbeox0ML/L: Oxygen, SBE 43 [ml/l], WS = 2
# name 14 = nbin: number of scans per bin
# name 15 = flag: flag
# span 0 =       4324,      16104       
# span 1 = 166.342258, 166.347940       
# span 2 =     -0.108,      0.908       
# span 3 =      5.035,    179.187       
# span 4 =    14.5758,    21.7529       
# span 5 =   4.352579,   5.155382       
# span 6 =     2.6312,     3.4573       
# span 7 =      5.000,    178.000       
# span 8 = 5.4927e-02, 6.1644e-01       
# span 9 =    14.5491,    21.7446       
# span 10 =    35.8712,    36.5914      
# span 11 =  1025.2612,  1027.5342      
# span 12 =    25.2393,    26.7461      
# span 13 =    3.68376,    4.51846      
# span 14 =         10,         72      
# span 15 = 0.0000e+00, 0.0000e+00      
# interval = meters: 1                  
# start_time = Jun 14 2012 08:09:51
# bad_flag = -9.990e-29
*END*
       4324 166.342258      0.469      5.035    21.6111   5.107441     3.4341      5.000 3.5887e-01    21.6101    36.2005  1025.2612    25.2396    4.47373         20 0.0000e+00
       4369 166.342280      0.554      6.036    21.6118   5.107525     3.4388      6.000 3.7555e-01    21.6106    36.2003  1025.2652    25.2393    4.48207         53 0.0000e+00
       4444 166.342316      0.291      7.048    21.6124   5.107695     3.4432      7.000 3.7401e-01    21.6111    36.2007  1025.2697    25.2395    4.48989         59 0.0000e+00
       4511 166.342348      0.385      8.051    21.6125   5.107714     3.4485      8.000 3.8331e-01    21.6109    36.2004  1025.2739    25.2394    4.49906         63 0.0000e+00
       4670 166.342425      0.236      9.061    21.6132   5.107958     3.4505      9.000 3.8478e-01    21.6115    36.2014  1025.2788    25.2399    4.50298         26 0.0000e+00
       4795 166.342486      0.267     10.066    21.6142   5.108168     3.4513     10.000 3.9343e-01    21.6122    36.2019  1025.2833    25.2401    4.50470         45 0.0000e+00
       4856 166.342515      0.441     11.071    21.6134   5.108137     3.4539     11.000 3.9582e-01    21.6113    36.2019  1025.2879    25.2404    4.50968         42 0.0000e+00
       4909 166.342540      0.449     12.078    21.6167   5.108722     3.4573     12.000 4.3893e-01    21.6144    36.2035  1025.2925    25.2407    4.51550         62 0.0000e+00
       4974 166.342572      0.363     13.086    21.6167   5.108728     3.4523     13.000 4.0759e-01    21.6141    36.2032  1025.2967    25.2406    4.50792         56 0.0000e+00
       5017 166.342592      0.558     14.095    21.6173   5.108962     3.4549     14.000 4.3819e-01    21.6145    36.2042  1025.3016    25.2412    4.51277         37 0.0000e+00
       5051 166.342609      0.695     15.098    21.6177   5.109061     3.4558     15.000 4.3895e-01    21.6147    36.2043  1025.3059    25.2412    4.51483         33 0.0000e+00
       5085 166.342625      0.709     16.104    21.6187   5.109316     3.4546     16.000 4.5564e-01    21.6156    36.2051  1025.3106    25.2416    4.51337         35 0.0000e+00
       5122 166.342643      0.656     17.110    21.6184   5.109240     3.4536     17.000 4.7695e-01    21.6150    36.2044  1025.3146    25.2412    4.51247         38 0.0000e+00
       5166 166.342664      0.569     18.117    21.6197   5.109524     3.4569     18.000 4.4384e-01    21.6162    36.2052  1025.3192    25.2415    4.51835         50 0.0000e+00
       5227 166.342694      0.369     19.126    21.6233   5.110240     3.4540     19.000 4.6527e-01    21.6196    36.2075  1025.3243    25.2423    4.51388         66 0.0000e+00
       5279 166.342719      0.482     20.133    21.6256   5.110680     3.4510     20.000 4.6496e-01    21.6217    36.2087  1025.3290    25.2427    4.50928         40 0.0000e+00
       5318 166.342738      0.614     21.138    21.6227   5.110189     3.4520     21.000 4.5547e-01    21.6186    36.2069  1025.3327    25.2421    4.51186         42 0.0000e+00
       5369 166.342762      0.468     22.145    21.6265   5.110952     3.4541     22.000 4.6936e-01    21.6221    36.2095  1025.3380    25.2431    4.51548         56 0.0000e+00
       5423 166.342789      0.448     23.151    21.6291   5.111455     3.4549     23.000 4.6346e-01    21.6245    36.2109  1025.3428    25.2435    4.51727         46 0.0000e+00
       5467 166.342810      0.545     24.155    21.6291   5.111475     3.4532     24.000 5.0297e-01    21.6243    36.2107  1025.3470    25.2435    4.51497         48 0.0000e+00
       5525 166.342837      0.402     25.167    21.6271   5.111158     3.4514     25.000 4.8986e-01    21.6222    36.2095  1025.3510    25.2431    4.51295         58 0.0000e+00
       5574 166.342861      0.492     26.172    21.6267   5.111101     3.4540     26.000 4.5270e-01    21.6216    36.2090  1025.3551    25.2429    4.51776         38 0.0000e+00
       5612 166.342879      0.640     27.177    21.6264   5.111082     3.4540     27.000 4.8011e-01    21.6211    36.2088  1025.3594    25.2429    4.51846         42 0.0000e+00
       5664 166.342905      0.461     28.184    21.6355   5.112876     3.4514     28.000 4.6902e-01    21.6299    36.2151  1025.3660    25.2452    4.51391         62 0.0000e+00
       5729 166.342936      0.366     29.192    21.6416   5.114104     3.4494     29.000 4.7715e-01    21.6359    36.2193  1025.3719    25.2468    4.51071         62 0.0000e+00
       5789 166.342965      0.406     30.197    21.6462   5.115371     3.4400     30.000 5.1036e-01    21.6403    36.2252  1025.3794    25.2500    4.49533         60 0.0000e+00
       5842 166.342991      0.449     31.208    21.6477   5.115756     3.4374     31.000 4.9210e-01    21.6415    36.2267  1025.3846    25.2508    4.49161         42 0.0000e+00
       5879 166.343008      0.641     32.215    21.6480   5.116269     3.4333     32.000 5.4645e-01    21.6416    36.2302  1025.3915    25.2534    4.48531         32 0.0000e+00
       5908 166.343022      0.777     33.217    21.6470   5.116625     3.4318     33.000 5.5132e-01    21.6405    36.2334  1025.3986    25.2563    4.48339         30 0.0000e+00
       5940 166.343038      0.780     34.221    21.6491   5.117907     3.4304     34.000 5.4019e-01    21.6423    36.2416  1025.4085    25.2619    4.48131         32 0.0000e+00
       5996 166.343065      0.447     35.231    21.6547   5.119699     3.4242     35.000 5.8035e-01    21.6478    36.2508  1025.4183    25.2674    4.47117         46 0.0000e+00
       6059 166.343095      0.428     36.237    21.6705   5.123835     3.4189     36.000 5.4505e-01    21.6634    36.2700  1025.4330    25.2777    4.46133         48 0.0000e+00
       6127 166.343128      0.329     37.247    21.6978   5.129186     3.4089     37.000 5.8721e-01    21.6904    36.2893  1025.4444    25.2848    4.44286         36 0.0000e+00
       6177 166.343152      0.529     38.253    21.6986   5.129682     3.4017     38.000 5.8599e-01    21.6911    36.2922  1025.4507    25.2868    4.43162         34 0.0000e+00
       6210 166.343168      0.726     39.255    21.7187   5.133487     3.3955     39.000 6.1644e-01    21.7109    36.3052  1025.4593    25.2911    4.42003         34 0.0000e+00
       6255 166.343190      0.558     40.263    21.7223   5.134177     3.3980     40.000 6.1002e-01    21.7144    36.3073  1025.4642    25.2918    4.42448         42 0.0000e+00
       6345 166.343233      0.304     41.271    21.7278   5.135486     3.3985     41.000 6.1099e-01    21.7196    36.3127  1025.4712    25.2945    4.42530         42 0.0000e+00
       6419 166.343268      0.305     42.278    21.7529   5.141360     3.3874     42.000 5.9823e-01    21.7446    36.3379  1025.4877    25.3066    4.40513         59 0.0000e+00
       6510 166.343313      0.257     43.286    21.7041   5.154084     3.3126     43.000 4.6630e-01    21.6955    36.4803  1025.6140    25.4286    4.28306         31 0.0000e+00
       6618 166.343365      0.187     44.290    21.6100   5.155382     3.2415     44.000 4.2147e-01    21.6013    36.5700  1025.7130    25.5233    4.17164         31 0.0000e+00
       6688 166.343399      0.444     45.295    21.5702   5.153864     3.2182     45.000 3.7345e-01    21.5613    36.5914  1025.7448    25.5507    4.13623         46 0.0000e+00
       6791 166.343448      0.193     46.311    21.4347   5.137754     3.1919     46.000 4.0571e-01    21.4256    36.5776  1025.7765    25.5780    4.10352         46 0.0000e+00
       6835 166.343469      0.529     47.310    21.1883   5.109588     3.1616     47.000 3.5787e-01    21.1791    36.5615  1025.8369    25.6339    4.07185         46 0.0000e+00
       6898 166.343500      0.368     48.319    21.0637   5.095865     3.1418     48.000 3.4517e-01    21.0544    36.5571  1025.8723    25.6650    4.04846         54 0.0000e+00
       6969 166.343534      0.376     49.330    20.9212   5.078062     3.1249     49.000 3.2451e-01    20.9117    36.5351  1025.8991    25.6873    4.03150         38 0.0000e+00
       7003 166.343551      0.659     50.333    20.8146   5.066015     3.1062     50.000 3.0741e-01    20.8050    36.5286  1025.9277    25.7115    4.00848         35 0.0000e+00
       7041 166.343569      0.644     51.337    20.7485   5.057654     3.0989     51.000 3.3925e-01    20.7387    36.5172  1025.9414    25.7208    4.00180         42 0.0000e+00
       7101 166.343598      0.410     52.343    20.6900   5.050636     3.0937     52.000 3.4770e-01    20.6800    36.5101  1025.9563    25.7314    3.99794         42 0.0000e+00
       7178 166.343635      0.352     53.348    20.5530   5.032967     3.0817     53.000 3.0902e-01    20.5429    36.4838  1025.9778    25.7484    3.98860         57 0.0000e+00
       7254 166.343672      0.301     54.362    20.1682   4.984987     3.0591     54.000 2.8715e-01    20.1580    36.4228  1026.0394    25.8053    3.97960         51 0.0000e+00
       7307 166.343697      0.488     55.372    19.7120   4.930342     3.0432     55.000 2.7145e-01    19.7018    36.3670  1026.1226    25.8838    3.98673         34 0.0000e+00
       7336 166.343711      0.759     56.372    19.5361   4.911798     3.0431     56.000 2.6260e-01    19.5258    36.3657  1026.1723    25.9290    3.99966         28 0.0000e+00
       7370 166.343728      0.767     57.372    19.2067   4.880040     3.0571     57.000 2.5274e-01    19.1963    36.3880  1026.2797    26.0318    4.04733         35 0.0000e+00
       7488 166.343784      0.260     58.390    18.6426   4.821466     3.1038     58.000 2.0675e-01    18.6322    36.3903  1026.4312    26.1784    4.17038         50 0.0000e+00
       7527 166.343803      0.569     59.393    18.4997   4.805913     3.1072     59.000 2.1434e-01    18.4892    36.3842  1026.4673    26.2100    4.18776         39 0.0000e+00
       7569 166.343823      0.575     60.398    18.4173   4.797562     3.1138     60.000 2.2036e-01    18.4067    36.3857  1026.4937    26.2320    4.20625         51 0.0000e+00
       7644 166.343860      0.300     61.407    18.3915   4.795096     3.1165     61.000 2.2159e-01    18.3808    36.3872  1026.5058    26.2396    4.21332         44 0.0000e+00
       7696 166.343885      0.498     62.413    18.3289   4.788147     3.1066     62.000 2.1604e-01    18.3179    36.3831  1026.5229    26.2524    4.20153         40 0.0000e+00
       7749 166.343910      0.452     63.420    18.2613   4.780652     3.0923     63.000 2.3179e-01    18.2502    36.3787  1026.5410    26.2660    4.18239         66 0.0000e+00
       7818 166.343944      0.339     64.429    18.1106   4.763173     3.0724     64.000 2.4145e-01    18.0995    36.3626  1026.5709    26.2914    4.16005         60 0.0000e+00
       7876 166.343971      0.429     65.434    18.0003   4.750610     3.0569     65.000 2.2895e-01    17.9890    36.3526  1026.5953    26.3113    4.14199         50 0.0000e+00
       7924 166.343995      0.500     66.441    17.9558   4.745793     3.0477     66.000 2.2316e-01    17.9444    36.3505  1026.6091    26.3207    4.12988         48 0.0000e+00
       7983 166.344023      0.401     67.449    17.8885   4.738282     3.0332     67.000 2.2719e-01    17.8769    36.3455  1026.6265    26.3336    4.11012         59 0.0000e+00
       8055 166.344058      0.337     68.456    17.8192   4.730971     3.0238     68.000 2.1514e-01    17.8074    36.3440  1026.6470    26.3496    4.09937         53 0.0000e+00
       8100 166.344079      0.531     69.460    17.7095   4.719661     3.0219     69.000 1.9777e-01    17.6976    36.3440  1026.6785    26.3767    4.10485         47 0.0000e+00
       8163 166.344110      0.369     70.470    17.6324   4.711466     3.0162     70.000 1.9511e-01    17.6204    36.3417  1026.7003    26.3940    4.10113         71 0.0000e+00
       8231 166.344142      0.357     71.477    17.5860   4.706121     3.0124     71.000 1.8815e-01    17.5738    36.3366  1026.7122    26.4014    4.09861         58 0.0000e+00
       8281 166.344167      0.493     72.482    17.5358   4.700097     3.0076     72.000 1.6736e-01    17.5235    36.3288  1026.7230    26.4078    4.09462         46 0.0000e+00
       8350 166.344200      0.325     73.491    17.5301   4.699560     2.9993     73.000 1.7384e-01    17.5177    36.3289  1026.7289    26.4093    4.08080         49 0.0000e+00
       8401 166.344225      0.499     74.499    17.5229   4.698774     2.9970     74.000 1.7848e-01    17.5102    36.3282  1026.7345    26.4106    4.07800         33 0.0000e+00
       8455 166.344251      0.619     75.498    17.5201   4.698822     2.9937     75.000 1.7274e-01    17.5073    36.3307  1026.7415    26.4132    4.07270         44 0.0000e+00
       8583 166.344312      0.594     76.511    17.5045   4.697210     2.9906     76.000 1.6608e-01    17.4915    36.3303  1026.7495    26.4168    4.06900         31 0.0000e+00
       8619 166.344330      0.712     77.511    17.4969   4.696389     2.9889     77.000 1.6461e-01    17.4837    36.3296  1026.7552    26.4182    4.06709         41 0.0000e+00
       8733 166.344385      0.255     78.530    17.4962   4.696329     2.9860     78.000 1.6401e-01    17.4829    36.3293  1026.7596    26.4181    4.06262         41 0.0000e+00
       8775 166.344405      0.588     79.533    17.4913   4.695772     2.9842     79.000 1.6160e-01    17.4778    36.3285  1026.7646    26.4188    4.06027         34 0.0000e+00
       8807 166.344421      0.729     80.537    17.4897   4.695592     2.9847     80.000 1.7080e-01    17.4761    36.3279  1026.7689    26.4187    4.06187         32 0.0000e+00
       8868 166.344450      0.480     81.544    17.4633   4.692146     2.9809     81.000 1.5988e-01    17.4495    36.3213  1026.7747    26.4201    4.05772         40 0.0000e+00
       8959 166.344494      0.385     82.556    17.3209   4.673203     2.9674     82.000 1.5609e-01    17.3070    36.2839  1026.7853    26.4261    4.04582         35 0.0000e+00
       8986 166.344507      0.758     83.559    17.2271   4.662087     2.9582     83.000 1.5672e-01    17.2132    36.2708  1026.8025    26.4387    4.03738         28 0.0000e+00
       9021 166.344523      0.746     84.560    17.1347   4.651445     2.9456     84.000 1.4170e-01    17.1206    36.2605  1026.8214    26.4532    4.02259         44 0.0000e+00
       9144 166.344583      0.201     85.583    17.0640   4.642817     2.9350     85.000 1.4147e-01    17.0498    36.2482  1026.8336    26.4608    4.00956         39 0.0000e+00
       9174 166.344597      0.670     86.580    17.0094   4.636259     2.9306     86.000 1.3861e-01    16.9950    36.2396  1026.8445    26.4673    4.00659         28 0.0000e+00
       9206 166.344613      0.787     87.582    16.9826   4.633156     2.9258     87.000 1.3730e-01    16.9680    36.2361  1026.8528    26.4711    4.00052         40 0.0000e+00
       9302 166.344659      0.317     88.594    16.9276   4.626499     2.9181     88.000 1.3053e-01    16.9129    36.2268  1026.8633    26.4772    3.99157         36 0.0000e+00
       9381 166.344697      0.362     89.597    16.8700   4.619493     2.9110     89.000 1.3688e-01    16.8553    36.2168  1026.8738    26.4832    3.98388         55 0.0000e+00
       9467 166.344738      0.281     90.607    16.7242   4.601464     2.8969     90.000 1.2150e-01    16.7093    36.1892  1026.8919    26.4967    3.97040         58 0.0000e+00
       9540 166.344774      0.330     91.618    16.5701   4.583222     2.8828     91.000 1.2735e-01    16.5552    36.1670  1026.9160    26.5162    3.95755         53 0.0000e+00
       9586 166.344796      0.534     92.619    16.4896   4.572918     2.8733     92.000 1.1638e-01    16.4746    36.1482  1026.9250    26.5207    3.94715         44 0.0000e+00
       9674 166.344838      0.297     93.628    16.4098   4.563781     2.8583     93.000 1.2398e-01    16.3946    36.1390  1026.9414    26.5324    3.92666         50 0.0000e+00
       9776 166.344888      0.218     94.641    16.3384   4.554835     2.8470     94.000 1.1632e-01    16.3231    36.1239  1026.9510    26.5375    3.91219         33 0.0000e+00
