jupyter/NEMEA/cnv_final/cnv_final/out_dMCTV013.cnv
* Sea-Bird SBE 9 Data File:
* FileName = D:\ACEX\brutos\MCTV013.hex
* Software Version Seasave V 7.17
* Temperature SN = 4821
* Conductivity SN = 3367
* Number of Bytes Per Scan = 21
* Number of Voltage Words = 3
* Number of Scans Averaged by the Deck Unit = 1
* NMEA UTC (Time) = Jun 15 2012 10:45:04
* NMEA Longitude =  047 50.440W
* NMEA Latitude =  29 30.186S
** H38 
** NHo Cruzeiro do Sul 
** 222 
** MCTV ACEx 
**   013
**   29 30.186S
**   047 50.440W
**   13/06/2012 13:45Z
**   509
** 9P46375-0882 
**   PESQ. CATARINA CECILIO
# nquan = 16
# nvalues = 381                         
# units = specified
# name 0 = scan: Scan Count
# name 1 = timeJ: Julian Days
# name 2 = dz/dtM: Descent Rate [m/s]
# name 3 = prDM: Pressure, Digiquartz [db]
# name 4 = t090C: Temperature [ITS-90, deg C]
# name 5 = c0S/m: Conductivity [S/m]
# name 6 = sbeox0V: Oxygen Voltage, SBE 43
# name 7 = depSM: Depth [salt water, m]
# name 8 = flSP: Fluorescence, Seapoint
# name 9 = potemp090C: Potential Temperature [ITS-90, deg C]
# name 10 = sal00: Salinity [PSU]
# name 11 = density00: Density [density, Kg/m^3]
# name 12 = sigma-é00: Density [sigma-theta, Kg/m^3]
# name 13 = sbeox0ML/L: Oxygen, SBE 43 [ml/l], WS = 2
# name 14 = nbin: number of scans per bin
# name 15 = flag: flag
# span 0 =       4832,      21635       
# span 1 = 167.450293, 167.458395       
# span 2 =      0.166,      1.338       
# span 3 =      5.033,    387.587       
# span 4 =    12.1389,    20.7427       
# span 5 =   4.088439,   5.081391       
# span 6 =     2.4961,     3.4962       
# span 7 =      5.000,    385.000       
# span 8 = 4.5438e-02, 3.1238e-01       
# span 9 =    12.0873,    20.7414       
# span 10 =    35.5627,    36.7159      
# span 11 =  1025.8912,  1028.7297      
# span 12 =    25.8687,    27.0096      
# span 13 =    3.62440,    4.68779      
# span 14 =          1,         65      
# span 15 = 0.0000e+00, 0.0000e+00      
# interval = meters: 1                  
# start_time = Jun 15 2012 10:45:04
# bad_flag = -9.990e-29
*END*
[from data line 272]
      17060 167.456190      0.469    279.003    14.2673   4.328811     3.0316    277.000 4.8505e-02    14.2260    35.8952  1028.0586    26.8311    4.53964         35 0.0000e+00
      17102 167.456210      0.563    280.002    14.2629   4.328372     3.0332    278.000 4.8767e-02    14.2215    35.8947  1028.0636    26.8317    4.54362         40 0.0000e+00
      17175 167.456245      0.309    281.026    14.2610   4.328213     3.0301    279.000 4.8300e-02    14.2195    35.8946  1028.0684    26.8320    4.53837         33 0.0000e+00
      17201 167.456258      0.771    282.021    14.2584   4.327984     3.0277    280.000 4.8693e-02    14.2167    35.8945  1028.0733    26.8325    4.53458         27 0.0000e+00
      17236 167.456275      0.751    283.027    14.2567   4.327871     3.0307    281.000 4.8583e-02    14.2149    35.8946  1028.0782    26.8330    4.54117         42 0.0000e+00
      17287 167.456299      0.431    284.045    14.2509   4.327290     3.0313    282.000 4.8703e-02    14.2089    35.8942  1028.0836    26.8339    4.54357         41 0.0000e+00
      17316 167.456313      0.693    285.054    14.2469   4.326900     3.0304    283.000 4.8615e-02    14.2047    35.8939  1028.0888    26.8346    4.54280         22 0.0000e+00
      17336 167.456323      1.014    286.056    14.2410   4.326253     3.0292    284.000 4.8786e-02    14.1987    35.8930  1028.0938    26.8352    4.54170         20 0.0000e+00
      17366 167.456337      0.980    287.051    14.2136   4.323121     3.0265    285.000 4.8996e-02    14.1712    35.8888  1028.1010    26.8379    4.53958         31 0.0000e+00
      17434 167.456370      0.245    288.076    14.1890   4.320303     3.0188    286.000 4.8161e-02    14.1465    35.8851  1028.1080    26.8403    4.52730         34 0.0000e+00
      17464 167.456385      0.734    289.074    14.1699   4.318151     3.0179    287.000 4.8230e-02    14.1273    35.8823  1028.1144    26.8422    4.52804         30 0.0000e+00
      17510 167.456407      0.521    290.086    14.1446   4.315351     3.0227    288.000 4.8654e-02    14.1019    35.8794  1028.1222    26.8454    4.54045         48 0.0000e+00
      17541 167.456422      0.653    291.103    14.1314   4.313761     3.0227    289.000 4.9211e-02    14.0885    35.8765  1028.1273    26.8460    4.54224         21 0.0000e+00
      17562 167.456432      1.027    292.100    14.1160   4.312081     3.0219    290.000 4.9494e-02    14.0731    35.8747  1028.1337    26.8479    4.54265         24 0.0000e+00
      17594 167.456447      0.888    293.109    14.1069   4.311154     3.0208    291.000 4.8981e-02    14.0639    35.8741  1028.1396    26.8494    4.54192         41 0.0000e+00
      17633 167.456466      0.582    294.122    14.0963   4.309882     3.0221    292.000 4.8533e-02    14.0531    35.8717  1028.1446    26.8498    4.54620         33 0.0000e+00
      17665 167.456481      0.740    295.125    14.0777   4.307750     3.0228    293.000 4.8581e-02    14.0344    35.8687  1028.1507    26.8514    4.54999         33 0.0000e+00
      17709 167.456503      0.560    296.137    14.0536   4.305093     3.0212    294.000 4.8559e-02    14.0102    35.8659  1028.1583    26.8544    4.54969         48 0.0000e+00
      17747 167.456521      0.602    297.146    14.0325   4.302506     3.0176    295.000 4.8632e-02    13.9890    35.8609  1028.1635    26.8551    4.54531         29 0.0000e+00
      17774 167.456534      0.824    298.151    14.0111   4.300331     3.0163    296.000 4.8440e-02    13.9675    35.8602  1028.1720    26.8591    4.54526         25 0.0000e+00
      17802 167.456548      0.899    299.158    14.0087   4.300082     3.0154    297.000 4.8932e-02    13.9650    35.8596  1028.1766    26.8592    4.54439         30 0.0000e+00
      17836 167.456564      0.744    300.164    14.0051   4.299683     3.0149    298.000 4.8154e-02    13.9612    35.8589  1028.1812    26.8594    4.54433         34 0.0000e+00
      17877 167.456584      0.593    301.170    13.9985   4.298911     3.0127    299.000 4.8677e-02    13.9544    35.8574  1028.1860    26.8597    4.54126         41 0.0000e+00
      17916 167.456602      0.624    302.185    13.9931   4.298353     3.0120    300.000 4.8741e-02    13.9490    35.8567  1028.1911    26.8603    4.54106         36 0.0000e+00
      17952 167.456620      0.674    303.191    13.9788   4.296669     3.0115    301.000 4.8540e-02    13.9346    35.8539  1028.1965    26.8612    4.54205         37 0.0000e+00
      17992 167.456639      0.603    304.195    13.9627   4.294755     3.0081    302.000 4.8474e-02    13.9184    35.8506  1028.2018    26.8620    4.53737         37 0.0000e+00
      18033 167.456659      0.588    305.206    13.9471   4.293614     2.9320    303.000 4.7914e-02    13.9026    35.8540  1028.2124    26.8680    4.38947         46 0.0000e+00
      18075 167.456679      0.563    306.215    13.9434   4.293171     2.9039    304.000 4.8642e-02    13.8988    35.8529  1028.2167    26.8680    4.33516         34 0.0000e+00
      18117 167.456699      0.590    307.217    13.9011   4.288427     2.9125    305.000 4.8762e-02    13.8564    35.8476  1028.2262    26.8728    4.35654         44 0.0000e+00
      18178 167.456729      0.332    308.241    13.8803   4.287954     2.8388    306.000 4.8096e-02    13.8355    35.8621  1028.2465    26.8885    4.21326         38 0.0000e+00
      18210 167.456744      0.673    309.235    13.8623   4.283807     2.8801    307.000 4.8257e-02    13.8174    35.8396  1028.2374    26.8749    4.29734         40 0.0000e+00
      18267 167.456772      0.400    310.244    13.8495   4.283171     2.8473    308.000 4.8275e-02    13.8045    35.8451  1028.2489    26.8818    4.23404         54 0.0000e+00
      18363 167.456818      0.248    311.261    13.8356   4.280402     2.9050    309.000 4.8386e-02    13.7905    35.8317  1028.2460    26.8744    4.35018         35 0.0000e+00
      18401 167.456836      0.620    312.264    13.8243   4.278949     2.9604    310.000 4.7946e-02    13.7790    35.8282  1028.2502    26.8741    4.46114         29 0.0000e+00
      18429 167.456850      0.805    313.272    13.8076   4.277009     2.9747    311.000 4.7792e-02    13.7622    35.8252  1028.2559    26.8753    4.49169         27 0.0000e+00
      18459 167.456864      0.840    314.276    13.7904   4.275093     2.9649    312.000 4.8331e-02    13.7449    35.8229  1028.2622    26.8771    4.47456         35 0.0000e+00
      18509 167.456889      0.479    315.286    13.7827   4.275584     2.8254    313.000 4.8475e-02    13.7371    35.8342  1028.2771    26.8875    4.19963         47 0.0000e+00
      18559 167.456913      0.494    316.300    13.7846   4.275010     2.7964    314.000 4.8408e-02    13.7388    35.8266  1028.2753    26.8813    4.14278         37 0.0000e+00
      18598 167.456931      0.627    317.304    13.7634   4.272405     2.8756    315.000 4.8235e-02    13.7175    35.8216  1028.2805    26.8819    4.30197         41 0.0000e+00
      18634 167.456949      0.632    318.314    13.7485   4.270246     2.9295    316.000 4.8617e-02    13.7025    35.8148  1028.2829    26.8797    4.41077         31 0.0000e+00
      18663 167.456963      0.824    319.320    13.7381   4.269037     2.9376    317.000 4.8146e-02    13.6920    35.8127  1028.2880    26.8803    4.42843         27 0.0000e+00
      18738 167.456999      0.277    320.320    13.7181   4.268577     2.8073    318.000 4.8218e-02    13.6719    35.8266  1028.3074    26.8953    4.17214         45 0.0000e+00
      18787 167.457022      0.562    321.332    13.6685   4.262145     2.8264    319.000 4.8593e-02    13.6223    35.8121  1028.3113    26.8944    4.21504         42 0.0000e+00
      18832 167.457044      0.497    322.348    13.6513   4.260775     2.8324    320.000 4.8325e-02    13.6049    35.8148  1028.3216    26.9002    4.22905         32 0.0000e+00
      18859 167.457057      0.777    323.356    13.6376   4.257326     2.8964    321.000 4.8515e-02    13.5911    35.7947  1028.3135    26.8875    4.35825         26 0.0000e+00
      18883 167.457069      0.960    324.359    13.6366   4.257272     2.9257    322.000 4.8683e-02    13.5900    35.7948  1028.3182    26.8877    4.41714         23 0.0000e+00
      18912 167.457083      0.914    325.361    13.6342   4.257122     2.9075    323.000 4.8706e-02    13.5874    35.7952  1028.3234    26.8886    4.38179         37 0.0000e+00
      18961 167.457106      0.484    326.375    13.6349   4.258184     2.7720    324.000 4.8919e-02    13.5880    35.8041  1028.3347    26.8954    4.11292         50 0.0000e+00
      19006 167.457128      0.524    327.390    13.6328   4.256933     2.7814    325.000 4.8417e-02    13.5858    35.7938  1028.3317    26.8879    4.13256         31 0.0000e+00
      19030 167.457140      0.818    328.387    13.5937   4.252285     2.8540    326.000 4.7734e-02    13.5466    35.7862  1028.3386    26.8901    4.28096         24 0.0000e+00
      19067 167.457158      0.735    329.401    13.5815   4.252025     2.8315    327.000 4.8568e-02    13.5343    35.7947  1028.3522    26.8992    4.23760         49 0.0000e+00
      19106 167.457176      0.561    330.419    13.5768   4.250801     2.8622    328.000 4.8748e-02    13.5295    35.7871  1028.3518    26.8944    4.29993         26 0.0000e+00
      19127 167.457187      0.906    331.411    13.5682   4.249425     2.8945    329.000 4.8335e-02    13.5207    35.7818  1028.3540    26.8921    4.36567         19 0.0000e+00
      19181 167.457213      0.638    332.424    13.5545   4.248514     2.8550    330.000 4.8032e-02    13.5069    35.7856  1028.3643    26.8979    4.28861         38 0.0000e+00
      19243 167.457243      0.553    333.446    13.5311   4.245005     2.8585    331.000 4.9101e-02    13.4834    35.7739  1028.3648    26.8937    4.29847         20 0.0000e+00
      19261 167.457251      1.055    334.441    13.5082   4.242560     2.8886    332.000 4.8382e-02    13.4604    35.7718  1028.3725    26.8969    4.36118         16 0.0000e+00
      19292 167.457266      0.965    335.441    13.4973   4.242052     2.8597    333.000 4.8608e-02    13.4494    35.7769  1028.3831    26.9031    4.30483         34 0.0000e+00
      19355 167.457296      0.273    336.470    13.4890   4.241306     2.8290    334.000 4.8541e-02    13.4410    35.7771  1028.3896    26.9049    4.24485         29 0.0000e+00
      19375 167.457306      0.861    337.465    13.4727   4.238649     2.8749    335.000 4.7766e-02    13.4246    35.7668  1028.3896    26.9004    4.33872         18 0.0000e+00
      19401 167.457319      1.019    338.465    13.4627   4.237920     2.8555    336.000 4.7957e-02    13.4145    35.7689  1028.3977    26.9041    4.30135         38 0.0000e+00
      19460 167.457347      0.303    339.496    13.4339   4.237974     2.7778    337.000 4.8346e-02    13.3856    35.7959  1028.4293    26.9310    4.14858         38 0.0000e+00
      19488 167.457361      0.697    340.494    13.4129   4.231760     2.8507    338.000 4.9081e-02    13.3644    35.7565  1028.4077    26.9048    4.29770         22 0.0000e+00
      19513 167.457373      0.972    341.492    13.4042   4.231170     2.8535    339.000 4.9206e-02    13.3557    35.7586  1028.4156    26.9082    4.30450         30 0.0000e+00
      19579 167.457405      0.295    342.511    13.3720   4.231447     2.7648    340.000 4.8448e-02    13.3234    35.7910  1028.4519    26.9400    4.12938         31 0.0000e+00
      19613 167.457421      0.643    343.519    13.3519   4.224690     2.8408    341.000 4.7797e-02    13.3033    35.7454  1028.4254    26.9088    4.28503         24 0.0000e+00
      19636 167.457432      0.947    344.522    13.3478   4.224420     2.8692    342.000 4.7800e-02    13.2990    35.7462  1028.4314    26.9103    4.34297         27 0.0000e+00
      19667 167.457447      0.869    345.529    13.3445   4.224884     2.8220    343.000 4.8098e-02    13.2955    35.7533  1028.4420    26.9165    4.24896         35 0.0000e+00
      19707 167.457466      0.596    346.540    13.3485   4.225879     2.6970    344.000 4.8421e-02    13.2994    35.7585  1028.4497    26.9198    3.99859         37 0.0000e+00
      19741 167.457483      0.677    347.552    13.3580   4.226398     2.6047    345.000 4.8160e-02    13.3088    35.7541  1028.4487    26.9144    3.81358         31 0.0000e+00
      19773 167.457498      0.762    348.554    13.3612   4.226688     2.5507    346.000 4.7998e-02    13.3117    35.7535  1028.4520    26.9133    3.70561         36 0.0000e+00
      19812 167.457517      0.624    349.569    13.3645   4.227045     2.5243    347.000 4.7844e-02    13.3149    35.7533  1028.4557    26.9125    3.65298         37 0.0000e+00
      19846 167.457533      0.693    350.573    13.3679   4.227647     2.5227    348.000 4.8263e-02    13.3182    35.7554  1028.4610    26.9135    3.64999         34 0.0000e+00
      19883 167.457551      0.673    351.582    13.3717   4.228031     2.5099    349.000 4.7961e-02    13.3218    35.7551  1028.4644    26.9125    3.62440         35 0.0000e+00
      19916 167.457567      0.709    352.592    13.3542   4.224991     2.5659    350.000 4.7544e-02    13.3042    35.7422  1028.4626    26.9061    3.73894         31 0.0000e+00
      19946 167.457581      0.802    353.596    13.1524   4.204209     2.6539    351.000 4.7410e-02    13.1028    35.7339  1028.5032    26.9408    3.93186         29 0.0000e+00
      19983 167.457599      0.687    354.605    13.1611   4.208420     2.6289    352.000 4.7824e-02    13.1113    35.7653  1028.5301    26.9635    3.88066         42 0.0000e+00
      20021 167.457618      0.603    355.617    13.2089   4.214545     2.6140    353.000 4.8435e-02    13.1589    35.7782  1028.5345    26.9638    3.84721         32 0.0000e+00
      20051 167.457632      0.767    356.628    13.0696   4.191503     2.7310    354.000 4.8709e-02    13.0197    35.6895  1028.4996    26.9233    4.09687         27 0.0000e+00
      20076 167.457644      0.917    357.629    13.0280   4.187836     2.7912    355.000 4.8140e-02    12.9781    35.6931  1028.5156    26.9345    4.22226         26 0.0000e+00
      20112 167.457662      0.738    358.638    13.0091   4.189037     2.7477    356.000 4.7675e-02    12.9591    35.7220  1028.5463    26.9607    4.13580         46 0.0000e+00
      20161 167.457685      0.490    359.648    13.0329   4.191226     2.6232    357.000 4.7876e-02    12.9827    35.7200  1028.5443    26.9544    3.88296         48 0.0000e+00
      20207 167.457708      0.519    360.657    13.0567   4.192041     2.5510    358.000 4.8593e-02    13.0063    35.7049  1028.5322    26.9380    3.73597         41 0.0000e+00
      20245 167.457725      0.622    361.669    13.0271   4.188257     2.6214    359.000 4.8236e-02    12.9767    35.6962  1028.5361    26.9372    3.88143         31 0.0000e+00
      20269 167.457737      0.835    362.676    12.8847   4.171314     2.7335    360.000 4.8376e-02    12.8345    35.6679  1028.5483    26.9440    4.12099         21 0.0000e+00
      20296 167.457750      0.974    363.673    12.8558   4.168681     2.7659    361.000 4.8420e-02    12.8055    35.6695  1028.5599    26.9510    4.18974         32 0.0000e+00
      20366 167.457784      0.266    364.695    12.8625   4.172240     2.6327    362.000 4.9016e-02    12.8120    35.6969  1028.5843    26.9709    3.91866         41 0.0000e+00
      20406 167.457804      0.581    365.693    12.8709   4.173248     2.5501    363.000 4.8466e-02    12.8203    35.6982  1028.5879    26.9703    3.75094         39 0.0000e+00
      20465 167.457832      0.317    366.724    12.8236   4.169110     2.5867    364.000 4.8803e-02    12.7730    35.7027  1028.6058    26.9832    3.82921         33 0.0000e+00
      20484 167.457841      0.803    367.722    12.7418   4.155468     2.7018    365.000 4.7756e-02    12.6913    35.6486  1028.5852    26.9576    4.07176         17 0.0000e+00
