jupyter/NEMEA/cnv_final/cnv_final/out_dMCTV003.cnv
* Sea-Bird SBE 9 Data File:
* FileName = D:\ACEX\brutos\MCTV003.hex
* Software Version Seasave V 7.17
* Temperature SN = 4821
* Conductivity SN = 3367
* Number of Bytes Per Scan = 21
* Number of Voltage Words = 3
* Number of Scans Averaged by the Deck Unit = 1
* NMEA UTC (Time) = Jun 12 2012 15:52:10
* NMEA Longitude =  045 54.456 W
* NMEA Latitude =  25 56.592 S
** H38 
** NHo Cruzeiro do Sul 
** 222 
** MCTV ACEx 
**   003
**   25 56.592 S
**   045 54.456 W
**   12/06/2012 18:51Z
**   277
** 9P46375-0882 
**   1T Oliveira Santos
# nquan = 16
# nvalues = 246                         
# units = specified
# name 0 = scan: Scan Count
# name 1 = timeJ: Julian Days
# name 2 = dz/dtM: Descent Rate [m/s]
# name 3 = prDM: Pressure, Digiquartz [db]
# name 4 = t090C: Temperature [ITS-90, deg C]
# name 5 = c0S/m: Conductivity [S/m]
# name 6 = sbeox0V: Oxygen Voltage, SBE 43
# name 7 = depSM: Depth [salt water, m]
# name 8 = flSP: Fluorescence, Seapoint
# name 9 = potemp090C: Potential Temperature [ITS-90, deg C]
# name 10 = sal00: Salinity [PSU]
# name 11 = density00: Density [density, Kg/m^3]
# name 12 = sigma-é00: Density [sigma-theta, Kg/m^3]
# name 13 = sbeox0ML/L: Oxygen, SBE 43 [ml/l], WS = 2
# name 14 = nbin: number of scans per bin
# name 15 = flag: flag
# span 0 =       6790,      19208       
# span 1 = 164.664501, 164.670489       
# span 2 =      0.182,      1.266       
# span 3 =      5.035,    251.775       
# span 4 =    11.4260,    21.8563       
# span 5 =   3.999755,   5.128512       
# span 6 =     2.6225,     3.5071       
# span 7 =      5.000,    250.000       
# span 8 = 4.8915e-02, 5.0433e-02       
# span 9 =    11.3940,    21.8499       
# span 10 =    35.4319,    36.3494      
# span 11 =  1025.0132,  1028.1623      
# span 12 =    24.9916,    27.0394      
# span 13 =    3.64706,    4.60185      
# span 14 =         18,         70      
# span 15 = 0.0000e+00, 0.0000e+00      
# interval = meters: 1                  
# start_time = Jun 12 2012 15:52:10
# bad_flag = -9.990e-29
*END*
[from data line 181]
      14620 164.668277      0.873    187.297    12.5048   4.117628     2.8463    186.000 4.8926e-02    12.4795    35.5859  1027.7825    26.9509    4.28292         35 0.0000e+00
      14678 164.668305      0.416    188.309    12.4732   4.113967     2.8477    187.000 4.9349e-02    12.4479    35.5800  1027.7888    26.9526    4.28929         48 0.0000e+00
      14729 164.668330      0.496    189.321    12.4366   4.109795     2.8487    188.000 4.9149e-02    12.4111    35.5739  1027.7959    26.9551    4.29515         35 0.0000e+00
      14766 164.668347      0.652    190.318    12.4220   4.108312     2.8497    189.000 4.9089e-02    12.3964    35.5729  1027.8025    26.9572    4.29914         45 0.0000e+00
      14822 164.668375      0.364    191.338    12.4213   4.108293     2.8487    190.000 4.9131e-02    12.3957    35.5729  1027.8072    26.9573    4.29775         47 0.0000e+00
      14852 164.668389      0.685    192.341    12.4111   4.107172     2.8492    191.000 4.9034e-02    12.3853    35.5713  1027.8124    26.9581    4.30034         25 0.0000e+00
      14879 164.668402      0.909    193.341    12.4071   4.106795     2.8501    192.000 4.8962e-02    12.3812    35.5710  1027.8175    26.9587    4.30296         31 0.0000e+00
      14920 164.668422      0.617    194.355    12.4017   4.106249     2.8496    193.000 4.9040e-02    12.3756    35.5704  1027.8226    26.9593    4.30319         49 0.0000e+00
      14964 164.668443      0.537    195.365    12.3993   4.106038     2.8487    194.000 4.9218e-02    12.3731    35.5702  1027.8274    26.9596    4.30210         36 0.0000e+00
      14998 164.668459      0.711    196.367    12.3975   4.105862     2.8493    195.000 4.9081e-02    12.3712    35.5697  1027.8319    26.9597    4.30395         36 0.0000e+00
      15035 164.668477      0.620    197.382    12.3886   4.104766     2.8484    196.000 4.9138e-02    12.3622    35.5671  1027.8362    26.9594    4.30372         33 0.0000e+00
      15062 164.668490      0.797    198.392    12.3722   4.103047     2.8475    197.000 4.9209e-02    12.3456    35.5656  1027.8428    26.9615    4.30403         20 0.0000e+00
      15082 164.668500      1.051    199.388    12.3706   4.102886     2.8484    198.000 4.8961e-02    12.3439    35.5651  1027.8471    26.9614    4.30641         20 0.0000e+00
      15102 164.668509      1.190    200.395    12.3658   4.102399     2.8480    199.000 4.9533e-02    12.3390    35.5644  1027.8521    26.9619    4.30667         20 0.0000e+00
      15130 164.668523      0.995    201.398    12.3589   4.101639     2.8467    200.000 4.9142e-02    12.3320    35.5632  1027.8570    26.9623    4.30522         38 0.0000e+00
      15177 164.668546      0.491    202.416    12.3518   4.100847     2.8473    201.000 4.9092e-02    12.3247    35.5618  1027.8619    26.9626    4.30781         48 0.0000e+00
      15219 164.668566      0.577    203.422    12.2910   4.093681     2.8487    202.000 4.9059e-02    12.2639    35.5495  1027.8689    26.9649    4.31690         39 0.0000e+00
      15256 164.668584      0.652    204.430    12.2469   4.088786     2.8528    203.000 4.8944e-02    12.2197    35.5434  1027.8774    26.9688    4.32966         35 0.0000e+00
      15293 164.668602      0.661    205.436    12.1919   4.082503     2.8551    204.000 4.9002e-02    12.1646    35.5340  1027.8856    26.9723    4.34009         38 0.0000e+00
      15333 164.668621      0.600    206.447    12.1009   4.072246     2.8573    205.000 4.9039e-02    12.0737    35.5201  1027.8973    26.9791    4.35363         37 0.0000e+00
      15367 164.668637      0.685    207.455    12.0625   4.068016     2.8611    206.000 4.8917e-02    12.0352    35.5149  1027.9053    26.9825    4.36530         30 0.0000e+00
      15395 164.668651      0.820    208.456    12.0267   4.063926     2.8621    207.000 4.9056e-02    11.9993    35.5086  1027.9119    26.9844    4.37139         28 0.0000e+00
      15427 164.668666      0.808    209.464    11.9872   4.059772     2.8638    208.000 4.9110e-02    11.9598    35.5051  1027.9214    26.9893    4.37903         36 0.0000e+00
      15466 164.668685      0.618    210.475    11.9714   4.058158     2.8639    209.000 4.8972e-02    11.9438    35.5040  1027.9282    26.9915    4.38126         36 0.0000e+00
      15501 164.668702      0.673    211.483    11.9519   4.055919     2.8640    210.000 4.9105e-02    11.9242    35.5002  1027.9335    26.9923    4.38400         33 0.0000e+00
      15536 164.668719      0.697    212.487    11.9352   4.054236     2.8617    211.000 4.9291e-02    11.9074    35.4992  1027.9405    26.9948    4.38147         38 0.0000e+00
      15576 164.668738      0.601    213.498    11.9175   4.052233     2.8604    212.000 4.9133e-02    11.8896    35.4960  1027.9460    26.9957    4.38111         41 0.0000e+00
      15622 164.668760      0.540    214.501    11.9015   4.050632     2.8605    213.000 4.9023e-02    11.8735    35.4951  1027.9530    26.9981    4.38332         55 0.0000e+00
      15684 164.668790      0.354    215.517    11.8911   4.049491     2.8595    214.000 4.9403e-02    11.8629    35.4934  1027.9582    26.9988    4.38286         51 0.0000e+00
      15725 164.668810      0.571    216.515    11.8734   4.047586     2.8595    215.000 4.9146e-02    11.8452    35.4911  1027.9643    27.0004    4.38504         40 0.0000e+00
      15772 164.668832      0.510    217.530    11.8648   4.046673     2.8587    216.000 4.8971e-02    11.8364    35.4900  1027.9697    27.0012    4.38492         43 0.0000e+00
      15807 164.668850      0.653    218.538    11.8479   4.044834     2.8598    217.000 4.8915e-02    11.8195    35.4876  1027.9756    27.0025    4.38923         32 0.0000e+00
      15837 164.668864      0.788    219.545    11.8438   4.044439     2.8572    218.000 4.9191e-02    11.8152    35.4872  1027.9805    27.0030    4.38497         28 0.0000e+00
      15866 164.668878      0.844    220.547    11.8366   4.043666     2.8562    219.000 4.9173e-02    11.8079    35.4860  1027.9855    27.0036    4.38425         33 0.0000e+00
      15905 164.668896      0.626    221.562    11.8253   4.042449     2.8553    220.000 4.9216e-02    11.7965    35.4844  1027.9910    27.0044    4.38407         36 0.0000e+00
      15934 164.668911      0.737    222.570    11.8206   4.041998     2.8545    221.000 4.9299e-02    11.7917    35.4840  1027.9961    27.0050    4.38353         24 0.0000e+00
      15955 164.668921      0.985    223.576    11.8094   4.040617     2.8536    222.000 4.9355e-02    11.7803    35.4807  1028.0003    27.0047    4.38334         19 0.0000e+00
      15976 164.668931      1.150    224.570    11.7942   4.039004     2.8518    223.000 4.9178e-02    11.7651    35.4789  1028.0062    27.0062    4.38169         22 0.0000e+00
      16009 164.668947      0.873    225.584    11.7805   4.037663     2.8507    224.000 4.9159e-02    11.7513    35.4784  1028.0130    27.0083    4.38127         46 0.0000e+00
      16056 164.668969      0.433    226.605    11.7745   4.037046     2.8499    225.000 4.9015e-02    11.7452    35.4776  1028.0181    27.0089    4.38071         32 0.0000e+00
      16081 164.668981      0.777    227.602    11.7707   4.036691     2.8513    226.000 4.9258e-02    11.7411    35.4774  1028.0231    27.0095    4.38468         24 0.0000e+00
      16106 164.668993      0.969    228.606    11.7662   4.036165     2.8515    227.000 4.9263e-02    11.7365    35.4760  1028.0275    27.0093    4.38604         26 0.0000e+00
      16135 164.669008      0.891    229.614    11.7542   4.034934     2.8517    228.000 4.8952e-02    11.7244    35.4749  1028.0335    27.0108    4.38820         34 0.0000e+00
      16182 164.669030      0.512    230.625    11.7446   4.033945     2.8527    229.000 4.9054e-02    11.7147    35.4739  1028.0391    27.0118    4.39169         52 0.0000e+00
      16228 164.669052      0.529    231.637    11.7431   4.033852     2.8525    230.000 4.8995e-02    11.7131    35.4739  1028.0439    27.0121    4.39192         39 0.0000e+00
      16264 164.669070      0.659    232.643    11.7361   4.033090     2.8509    231.000 4.9318e-02    11.7060    35.4727  1028.0488    27.0125    4.38996         31 0.0000e+00
      16299 164.669087      0.695    233.647    11.7147   4.030738     2.8496    232.000 4.8964e-02    11.6845    35.4696  1028.0550    27.0142    4.39003         44 0.0000e+00
      16350 164.669111      0.443    234.662    11.6997   4.029163     2.8496    233.000 4.9000e-02    11.6694    35.4680  1028.0612    27.0158    4.39202         47 0.0000e+00
      16385 164.669128      0.639    235.669    11.6859   4.027570     2.8493    234.000 4.9285e-02    11.6555    35.4650  1028.0660    27.0161    4.39332         28 0.0000e+00
      16411 164.669141      0.871    236.668    11.6673   4.025496     2.8485    235.000 4.9079e-02    11.6368    35.4619  1028.0717    27.0172    4.39406         26 0.0000e+00
      16444 164.669156      0.802    237.678    11.6446   4.023212     2.8472    236.000 4.8995e-02    11.6140    35.4607  1028.0796    27.0205    4.39397         40 0.0000e+00
      16488 164.669178      0.532    238.689    11.6312   4.021666     2.8434    237.000 4.9205e-02    11.6005    35.4578  1028.0845    27.0209    4.38811         44 0.0000e+00
      16529 164.669198      0.589    239.693    11.6133   4.019819     2.8386    238.000 4.9031e-02    11.5824    35.4563  1028.0913    27.0231    4.38049         39 0.0000e+00
      16585 164.669224      0.428    240.704    11.6033   4.018735     2.8315    239.000 4.8964e-02    11.5723    35.4547  1028.0965    27.0238    4.36753         70 0.0000e+00
      16645 164.669253      0.400    241.721    11.5938   4.017789     2.8241    240.000 4.9043e-02    11.5628    35.4540  1028.1023    27.0250    4.35384         37 0.0000e+00
      16673 164.669267      0.728    242.723    11.5762   4.015843     2.8173    241.000 4.9096e-02    11.5451    35.4511  1028.1079    27.0261    4.34218         24 0.0000e+00
      16694 164.669277      0.989    243.725    11.5677   4.014969     2.8153    242.000 4.9073e-02    11.5364    35.4502  1028.1134    27.0270    4.33930         21 0.0000e+00
      16718 164.669289      1.073    244.726    11.5610   4.014332     2.8134    243.000 4.9174e-02    11.5297    35.4499  1028.1188    27.0280    4.33673         29 0.0000e+00
      16770 164.669314      0.492    245.741    11.5487   4.013023     2.8090    244.000 4.9059e-02    11.5172    35.4483  1028.1245    27.0291    4.32930         49 0.0000e+00
      16826 164.669341      0.461    246.751    11.5293   4.010861     2.8053    245.000 4.9280e-02    11.4977    35.4450  1028.1302    27.0303    4.32417         40 0.0000e+00
      16911 164.669382      0.289    247.760    11.5223   4.010104     2.8045    246.000 4.9017e-02    11.4906    35.4439  1028.1352    27.0307    4.32390         51 0.0000e+00
      16968 164.669409      0.602    248.764    11.5088   4.008683     2.8023    247.000 4.9168e-02    11.4770    35.4423  1028.1411    27.0320    4.32120         26 0.0000e+00
      16998 164.669424      0.838    249.768    11.4917   4.006726     2.7995    248.000 4.9257e-02    11.4598    35.4389  1028.1462    27.0326    4.31751         35 0.0000e+00
      17083 164.669465      0.296    250.780    11.4674   4.003929     2.7991    249.000 4.9044e-02    11.4354    35.4340  1028.1516    27.0333    4.31965         53 0.0000e+00
      19208 164.670489      0.206    251.775    11.4260   3.999755     2.7942    250.000 4.9160e-02    11.3940    35.4319  1028.1623    27.0394    4.31386         38 0.0000e+00
