jupyter/NEMEA/cnv_final/cnv_final/out_dMCTV002.cnv
* Sea-Bird SBE 9 Data File:
* FileName = D:\ACEX\brutos\MCTV002.hex
* Software Version Seasave V 7.17
* Temperature SN = 4821
* Conductivity SN = 3367
* Number of Bytes Per Scan = 18
* Number of Voltage Words = 2
* Number of Scans Averaged by the Deck Unit = 1
* NMEA UTC (Time) = Jun 12 2012 12:58:01
* NMEA Longitude =  045 37.816 W
* NMEA Latitude =  25 58.320 S
** H38 
** NHo Cruzeiro do Sul 
** 222 
** MCTV ACEx 
**   002
**   25 58.320 S
**   045 37.816 W
**   12/06/2012 15:55 Z
**   401
** 9P46375-0882 
**   CT Fernandes
# nquan = 16
# nvalues = 355                         
# units = specified
# name 0 = scan: Scan Count
# name 1 = timeJ: Julian Days
# name 2 = dz/dtM: Descent Rate [m/s]
# name 3 = prDM: Pressure, Digiquartz [db]
# name 4 = t090C: Temperature [ITS-90, deg C]
# name 5 = c0S/m: Conductivity [S/m]
# name 6 = sbeox0V: Oxygen Voltage, SBE 43
# name 7 = depSM: Depth [salt water, m]
# name 8 = flSP: Fluorescence, Seapoint
# name 9 = potemp090C: Potential Temperature [ITS-90, deg C]
# name 10 = sal00: Salinity [PSU]
# name 11 = density00: Density [density, Kg/m^3]
# name 12 = sigma-é00: Density [sigma-theta, Kg/m^3]
# name 13 = sbeox0ML/L: Oxygen, SBE 43 [ml/l], WS = 2
# name 14 = nbin: number of scans per bin
# name 15 = flag: flag
# span 0 =       3151,      12788       
# span 1 = 164.541808, 164.546456       
# span 2 =      0.135,      1.701       
# span 3 =      5.035,    361.654       
# span 4 =     9.1695,    21.9663       
# span 5 =   3.759870,   5.171914       
# span 6 =     2.5340,     3.4879       
# span 7 =      5.000,    359.000       
# span 8 = 4.3377e-02, 5.0185e-02       
# span 9 =     9.1295,    21.9609       
# span 10 =    35.1357,    36.5443      
# span 11 =  1025.1235,  1028.8330      
# span 12 =    25.1019,    27.2037      
# span 13 =    3.44904,    4.54443      
# span 14 =         14,         60      
# span 15 = 0.0000e+00, 0.0000e+00      
# interval = meters: 1                  
# start_time = Jun 12 2012 12:58:01
# bad_flag = -9.990e-29
*END*
       3151 164.541808      0.761      5.035    21.8348   5.118635     3.4859      5.000 4.9562e-02    21.8338    36.1017  1025.1235    25.1019    4.54369         17 0.0000e+00
       3186 164.541825      0.724      6.039    21.8322   5.119989     3.4804      6.000 4.9542e-02    21.8310    36.1143  1025.1382    25.1123    4.53517         40 0.0000e+00
       3223 164.541843      0.636      7.049    21.8320   5.121070     3.4826      7.000 4.9691e-02    21.8306    36.1227  1025.1490    25.1188    4.53925         33 0.0000e+00
       3252 164.541857      0.771      8.057    21.8277   5.122126     3.4812      8.000 4.9787e-02    21.8261    36.1343  1025.1634    25.1289    4.53759         22 0.0000e+00
       3275 164.541868      0.958      9.055    21.8386   5.125846     3.4837      9.000 4.9923e-02    21.8369    36.1543  1025.1799    25.1411    4.54084         27 0.0000e+00
       3302 164.541881      0.954     10.063    21.8655   5.131583     3.4789     10.000 4.9524e-02    21.8635    36.1770  1025.1939    25.1508    4.53102         25 0.0000e+00
       3331 164.541895      0.839     11.072    21.8848   5.136840     3.4879     11.000 4.9644e-02    21.8826    36.2021  1025.2120    25.1646    4.54409         26 0.0000e+00
       3358 164.541908      0.892     12.076    21.8820   5.139123     3.4879     12.000 4.9886e-02    21.8796    36.2222  1025.2324    25.1807    4.54443         27 0.0000e+00
       3387 164.541922      0.852     13.083    21.8836   5.141710     3.4866     13.000 4.9705e-02    21.8810    36.2411  1025.2507    25.1947    4.54232         28 0.0000e+00
       3418 164.541937      0.791     14.090    21.8970   5.145962     3.4835     14.000 4.9728e-02    21.8942    36.2631  1025.2681    25.2078    4.53616         33 0.0000e+00
       3447 164.541951      0.804     15.098    21.9085   5.148993     3.4816     15.000 5.0165e-02    21.9055    36.2771  1025.2799    25.2152    4.53245         24 0.0000e+00
       3471 164.541963      0.923     16.108    21.9161   5.151763     3.4818     16.000 4.9853e-02    21.9129    36.2924  1025.2937    25.2248    4.53249         24 0.0000e+00
       3493 164.541973      1.050     17.111    21.9200   5.153685     3.4798     17.000 4.9731e-02    21.9167    36.3040  1025.3058    25.2325    4.52919         22 0.0000e+00
       3516 164.541985      1.070     18.119    21.9232   5.155040     3.4819     18.000 4.9705e-02    21.9196    36.3117  1025.3151    25.2375    4.53281         24 0.0000e+00
       3542 164.541997      0.985     19.124    21.9243   5.156274     3.4841     19.000 4.9448e-02    21.9205    36.3202  1025.3256    25.2437    4.53667         26 0.0000e+00
       3568 164.542009      0.934     20.127    21.9245   5.157121     3.4797     20.000 4.9475e-02    21.9205    36.3264  1025.3347    25.2485    4.52985         25 0.0000e+00
       3595 164.542023      0.903     21.138    21.9262   5.158034     3.4790     21.000 4.9641e-02    21.9220    36.3318  1025.3426    25.2521    4.52913         29 0.0000e+00
       3622 164.542035      0.881     22.153    21.9303   5.159468     3.4785     22.000 4.9907e-02    21.9259    36.3394  1025.3517    25.2569    4.52832         23 0.0000e+00
       3642 164.542045      1.023     23.156    21.9382   5.161110     3.4733     23.000 4.9674e-02    21.9336    36.3454  1025.3584    25.2592    4.51975         19 0.0000e+00
       3661 164.542054      1.209     24.161    21.9402   5.161571     3.4746     24.000 5.0185e-02    21.9354    36.3470  1025.3634    25.2599    4.52223         15 0.0000e+00
       3680 164.542063      1.290     25.147    21.9491   5.163492     3.4745     25.000 4.9775e-02    21.9441    36.3544  1025.3707    25.2631    4.52177         22 0.0000e+00
       3705 164.542076      1.103     26.167    21.9637   5.167021     3.4722     26.000 4.9779e-02    21.9586    36.3697  1025.3827    25.2707    4.51724         26 0.0000e+00
       3732 164.542088      0.909     27.176    21.9663   5.168716     3.4678     27.000 4.9756e-02    21.9609    36.3806  1025.3946    25.2783    4.51014         24 0.0000e+00
       3754 164.542099      0.971     28.190    21.9466   5.171914     3.4575     28.000 4.9630e-02    21.9411    36.4222  1025.4362    25.3155    4.49436         20 0.0000e+00
       3774 164.542109      1.138     29.194    21.8730   5.168001     3.4446     29.000 4.9695e-02    21.8672    36.4529  1025.4847    25.3597    4.47882         20 0.0000e+00
       3793 164.542118      1.247     30.191    21.8277   5.164655     3.4329     30.000 4.9864e-02    21.8217    36.4643  1025.5104    25.3811    4.46352         19 0.0000e+00
       3816 164.542129      1.174     31.202    21.7956   5.164961     3.4195     31.000 4.9451e-02    21.7895    36.4935  1025.5460    25.4124    4.44382         29 0.0000e+00
       3845 164.542143      0.882     32.209    21.7152   5.157016     3.4036     32.000 4.9567e-02    21.7088    36.4980  1025.5764    25.4385    4.42445         30 0.0000e+00
       3877 164.542159      0.745     33.221    21.5988   5.144954     3.3883     33.000 4.9469e-02    21.5923    36.5002  1025.6150    25.4727    4.40876         27 0.0000e+00
       3901 164.542170      0.889     34.232    21.5390   5.139576     3.3832     34.000 4.9662e-02    21.5322    36.5077  1025.6418    25.4951    4.40541         21 0.0000e+00
       3922 164.542180      1.081     35.233    21.5478   5.144295     3.3763     35.000 4.9633e-02    21.5409    36.5376  1025.6664    25.5155    4.39325         20 0.0000e+00
       3942 164.542190      1.187     36.234    21.5456   5.143942     3.3714     36.000 4.9532e-02    21.5385    36.5362  1025.6704    25.5151    4.38594         23 0.0000e+00
       3964 164.542201      1.142     37.247    21.4869   5.136804     3.3669     37.000 4.9064e-02    21.4796    36.5287  1025.6854    25.5258    4.38380         21 0.0000e+00
       3987 164.542212      1.050     38.248    21.4537   5.135261     3.3603     38.000 4.9447e-02    21.4462    36.5443  1025.7109    25.5470    4.37557         24 0.0000e+00
       4010 164.542223      1.048     39.262    21.3547   5.121727     3.3492     39.000 4.9580e-02    21.3471    36.5197  1025.7241    25.5557    4.36609         23 0.0000e+00
       4032 164.542233      1.069     40.263    21.2301   5.106988     3.3428     40.000 4.9822e-02    21.2222    36.5074  1025.7535    25.5809    4.36576         21 0.0000e+00
       4056 164.542245      1.075     41.270    21.2011   5.104042     3.3411     41.000 4.9449e-02    21.1931    36.5080  1025.7664    25.5894    4.36583         22 0.0000e+00
       4080 164.542256      1.020     42.277    21.1913   5.102728     3.3373     42.000 4.9426e-02    21.1831    36.5055  1025.7716    25.5902    4.36098         25 0.0000e+00
       4105 164.542268      0.971     43.287    21.1738   5.100538     3.3339     43.000 4.9475e-02    21.1654    36.5024  1025.7784    25.5927    4.35726         25 0.0000e+00
       4129 164.542280      0.991     44.293    21.1534   5.098043     3.3285     44.000 4.9299e-02    21.1448    36.4994  1025.7862    25.5961    4.35048         21 0.0000e+00
       4154 164.542292      0.983     45.292    21.0620   5.087370     3.3272     45.000 4.9523e-02    21.0532    36.4911  1025.8094    25.6150    4.35619         27 0.0000e+00
       4184 164.542306      0.865     46.304    20.8926   5.067814     3.3176     46.000 4.9491e-02    20.8837    36.4777  1025.8501    25.6512    4.35392         30 0.0000e+00
       4213 164.542321      0.804     47.316    20.6490   5.036221     3.3032     47.000 4.9727e-02    20.6400    36.4298  1025.8844    25.6810    4.35034         25 0.0000e+00
       4236 164.542332      0.933     48.323    20.2965   4.996759     3.2855     48.000 4.9279e-02    20.2874    36.4109  1025.9697    25.7617    4.34870         22 0.0000e+00
       4256 164.542341      1.107     49.325    20.0759   4.965897     3.2565     49.000 4.9361e-02    20.0667    36.3471  1025.9843    25.7718    4.31881         21 0.0000e+00
       4278 164.542352      1.149     50.332    19.0329   4.845593     3.2242     50.000 4.9330e-02    19.0239    36.2535  1026.1908    25.9732    4.34746         20 0.0000e+00
       4299 164.542362      1.152     51.331    18.6683   4.810796     3.2065     51.000 4.9344e-02    18.6593    36.2798  1026.3093    26.0870    4.34538         17 0.0000e+00
       4334 164.542379      0.791     52.330    18.6459   4.806987     3.2016     52.000 4.9075e-02    18.6367    36.2669  1026.3094    26.0828    4.33951         36 0.0000e+00
       4366 164.542395      0.692     53.360    18.5943   4.800728     3.1996     53.000 4.9066e-02    18.5849    36.2589  1026.3209    26.0898    4.34097         27 0.0000e+00
       4388 164.542405      0.920     54.364    18.5455   4.795987     3.1917     54.000 4.9314e-02    18.5360    36.2613  1026.3395    26.1040    4.33152         18 0.0000e+00
       4406 164.542414      1.170     55.372    18.4732   4.787740     3.1833     55.000 4.9562e-02    18.4634    36.2546  1026.3572    26.1173    4.32343         17 0.0000e+00
       4423 164.542422      1.355     56.368    18.3569   4.776282     3.1798     56.000 4.9270e-02    18.3470    36.2594  1026.3947    26.1503    4.32690         17 0.0000e+00
       4444 164.542432      1.337     57.370    18.2807   4.769570     3.1758     57.000 4.9150e-02    18.2707    36.2691  1026.4257    26.1769    4.32623         24 0.0000e+00
       4473 164.542446      0.958     58.387    18.1864   4.762147     3.1737     58.000 4.9145e-02    18.1763    36.2888  1026.4689    26.2157    4.33014         32 0.0000e+00
       4504 164.542461      0.739     59.402    18.1262   4.757956     3.1730     59.000 4.9310e-02    18.1158    36.3061  1026.5017    26.2440    4.33385         29 0.0000e+00
       4527 164.542472      0.896     60.411    18.0495   4.754008     3.1744     60.000 4.9045e-02    18.0390    36.3400  1026.5513    26.2891    4.34207         17 0.0000e+00
       4544 164.542480      1.158     61.411    17.9863   4.750214     3.1684     61.000 4.9111e-02    17.9757    36.3633  1026.5893    26.3227    4.33667         18 0.0000e+00
       4560 164.542488      1.373     62.411    17.8479   4.729539     3.1582     62.000 4.9102e-02    17.8372    36.3083  1026.5860    26.3149    4.33164         14 0.0000e+00
       4578 164.542497      1.468     63.417    17.5249   4.692648     3.1418     63.000 4.9040e-02    17.5142    36.2776  1026.6466    26.3708    4.32980         18 0.0000e+00
       4600 164.542507      1.265     64.416    17.3825   4.677412     3.1234     64.000 4.9330e-02    17.3716    36.2724  1026.6819    26.4016    4.30918         27 0.0000e+00
       4632 164.542523      0.820     65.438    17.2387   4.657582     3.0973     65.000 4.9270e-02    17.2278    36.2281  1026.6874    26.4024    4.27602         31 0.0000e+00
       4662 164.542537      0.755     66.446    17.0429   4.634578     3.0674     66.000 4.9017e-02    17.0319    36.2026  1026.7196    26.4301    4.23931         25 0.0000e+00
       4684 164.542548      0.944     67.450    16.5554   4.569811     3.0288     67.000 4.9149e-02    16.5445    36.0711  1026.7393    26.4448    4.21221         20 0.0000e+00
       4704 164.542557      1.140     68.457    16.1321   4.524991     2.9882     68.000 4.8961e-02    16.1211    36.0557  1026.8315    26.5321    4.17289         20 0.0000e+00
       4724 164.542567      1.238     69.456    15.9761   4.507088     2.9530     69.000 4.8842e-02    15.9650    36.0369  1026.8577    26.5537    4.12188         21 0.0000e+00
       4748 164.542579      1.082     70.468    15.8055   4.487899     2.9208     70.000 4.8980e-02    15.7944    36.0196  1026.8882    26.5796    4.07720         26 0.0000e+00
       4773 164.542591      0.976     71.476    15.7365   4.480156     2.8951     71.000 4.9243e-02    15.7252    36.0125  1026.9030    26.5899    4.03613         24 0.0000e+00
       4799 164.542603      0.953     72.481    15.6956   4.475739     2.8754     72.000 4.8931e-02    15.6843    36.0096  1026.9145    26.5969    4.00345         28 0.0000e+00
       4834 164.542620      0.764     73.489    15.6693   4.473158     2.8561     73.000 4.8966e-02    15.6578    36.0099  1026.9253    26.6032    3.97053         39 0.0000e+00
       4871 164.542638      0.588     74.505    15.6550   4.471277     2.8423     74.000 4.9013e-02    15.6434    36.0056  1026.9297    26.6032    3.94683         29 0.0000e+00
       4892 164.542648      0.870     75.516    15.5648   4.460235     2.8283     75.000 4.8836e-02    15.5531    35.9879  1026.9411    26.6100    3.92863         18 0.0000e+00
       4908 164.542656      1.203     76.518    15.4998   4.453239     2.8129     76.000 4.8840e-02    15.4879    35.9837  1026.9572    26.6216    3.90581         14 0.0000e+00
       4923 164.542663      1.454     77.506    15.4664   4.449244     2.8006     77.000 4.8840e-02    15.4544    35.9776  1026.9644    26.6244    3.88612         16 0.0000e+00
       4942 164.542672      1.504     78.514    15.4241   4.444760     2.7837     78.000 4.8782e-02    15.4120    35.9753  1026.9767    26.6322    3.85862         21 0.0000e+00
       4973 164.542687      0.968     79.526    15.4013   4.442505     2.7629     79.000 4.8726e-02    15.3890    35.9754  1026.9864    26.6374    3.82225         42 0.0000e+00
       5010 164.542705      0.596     80.549    15.3902   4.441257     2.7479     80.000 4.8750e-02    15.3777    35.9738  1026.9921    26.6387    3.79574         27 0.0000e+00
       5031 164.542715      0.887     81.557    15.3594   4.436965     2.7402     81.000 4.8840e-02    15.3468    35.9626  1026.9950    26.6371    3.78452         17 0.0000e+00
       5048 164.542723      1.195     82.554    15.2935   4.429784     2.7279     82.000 4.8763e-02    15.2808    35.9574  1027.0102    26.6479    3.76707         16 0.0000e+00
       5064 164.542731      1.411     83.558    15.2502   4.424735     2.7157     83.000 4.8768e-02    15.2374    35.9507  1027.0193    26.6525    3.74820         17 0.0000e+00
       5081 164.542739      1.479     84.557    15.2265   4.422382     2.7048     84.000 4.8697e-02    15.2135    35.9507  1027.0290    26.6578    3.73018         17 0.0000e+00
       5106 164.542751      1.216     85.563    15.2101   4.420626     2.6933     85.000 4.8677e-02    15.1970    35.9493  1027.0361    26.6604    3.71036         30 0.0000e+00
       5150 164.542772      0.552     86.581    15.1947   4.419018     2.6775     86.000 4.8744e-02    15.1814    35.9484  1027.0433    26.6632    3.68263         49 0.0000e+00
       5188 164.542791      0.601     87.586    15.1436   4.412261     2.6624     87.000 4.8713e-02    15.1302    35.9333  1027.0476    26.6630    3.65890         29 0.0000e+00
       5215 164.542804      0.823     88.594    15.0649   4.403459     2.6434     88.000 4.8594e-02    15.0513    35.9249  1027.0632    26.6740    3.62966         25 0.0000e+00
       5239 164.542816      0.940     89.603    14.9890   4.394422     2.6227     89.000 4.8791e-02    14.9754    35.9116  1027.0743    26.6805    3.59695         23 0.0000e+00
       5262 164.542827      1.043     90.608    14.9406   4.389628     2.6039     90.000 4.8612e-02    14.9269    35.9118  1027.0897    26.6914    3.56566         22 0.0000e+00
       5287 164.542839      1.017     91.612    14.9139   4.386307     2.5888     91.000 4.8880e-02    14.9000    35.9056  1027.0953    26.6926    3.53978         28 0.0000e+00
       5315 164.542852      0.911     92.625    14.8799   4.382498     2.5727     92.000 4.8839e-02    14.8659    35.9016  1027.1042    26.6970    3.51244         25 0.0000e+00
       5341 164.542865      0.890     93.627    14.8610   4.380275     2.5549     93.000 4.8600e-02    14.8468    35.8982  1027.1102    26.6985    3.48084         26 0.0000e+00
       5367 164.542877      0.920     94.634    14.8107   4.374322     2.5407     94.000 4.8496e-02    14.7964    35.8894  1027.1191    26.7029    3.45818         25 0.0000e+00
