jupyter/NEMEA/cnv_final/cnv_final/out_dMCTV025a.cnv
* Sea-Bird SBE 19plus V2 Data File:
* FileName = D:\ACEX_ctd\brutos\MCTV025a.hex
* Software Version Seasave V 7.17
* Temperature SN = 6161
* Conductivity SN = 6161
* System UpLoad Time = Jun 19 2012 10:59:36
* NMEA UTC (Time) = Jun 19 2012 10:59:36
* NMEA Longitude =  051 07.44 W
* NMEA Latitude =  33 46.65 S
** H38 
** NHo Cruzeiro do Sul 
** 222 
** MCT V 
**   025a
**   33 46.65 S
**   051 07.44 W
**   19/06/2012 13:13 Z
**   670
** 9P46375-0882 
**   CT Fernandes
# nquan = 14
# nvalues = 461                         
# units = specified
# name 0 = scan: Scan Count
# name 1 = timeJ: Julian Days
# name 2 = dz/dtM: Descent Rate [m/s]
# name 3 = prdM: Pressure, Strain Gauge [db]
# name 4 = tv290C: Temperature [ITS-90, deg C]
# name 5 = c0S/m: Conductivity [S/m]
# name 6 = depSM: Depth [salt water, m]
# name 7 = oxsatML/L: Oxygen Saturation [ml/l]
# name 8 = flSP: Fluorescence, Seapoint
# name 9 = potemp090C: Potential Temperature [ITS-90, deg C]
# name 10 = sal00: Salinity [PSU]
# name 11 = density00: Density [density, Kg/m^3]
# name 12 = oxsatML/L: Oxygen Saturation [ml/l]
# name 13 = flag: flag
# span 0 =       1721,       5252       
# span 1 = 171.463033, 171.473249       
# span 2 =     -0.167,      1.698       
# span 3 =      2.017,    464.795       
# span 4 =     7.4711,    20.3826       
# span 5 =   3.548377,   4.995159       
# span 6 =      2.000,    462.000       
# span 7 =    5.08935,    6.70892       
# span 8 = 2.2441e-02, 4.8890e+00       
# span 9 =     7.4254,    20.3693       
# span 10 =    34.5028,    36.3399      
# span 11 =  1025.2551,  1029.0895      
# span 12 =    5.08928,    6.70899      
# span 13 = 0.0000e+00, 0.0000e+00      
# interval = meters: 1                  
# start_time = Jun 19 2012 10:59:36
# bad_flag = -9.990e-29
*END*
       1721 171.463033      0.208      2.017    18.2338   4.618334      2.000    5.33776 2.2441e-02    18.2335    35.0418  1025.2551    5.33777 0.0000e+00
       1810 171.463290      0.216      3.060    18.2406   4.619613      3.000    5.33693 2.4309e+00    18.2401    35.0465  1025.2615    5.33693 0.0000e+00
       1839 171.463375      0.319      4.043    18.2436   4.620107      4.000    5.33659 4.6570e+00    18.2429    35.0478  1025.2661    5.33659 0.0000e+00
       1855 171.463421      0.304      5.163    18.2460   4.620686      5.000    5.33627 4.8890e+00    18.2451    35.0503  1025.2723    5.33627 0.0000e+00
       1861 171.463439      0.586      6.000    18.2478   4.620740      6.000    5.33614 4.8826e+00    18.2467    35.0489  1025.2745    5.33613 0.0000e+00
       1871 171.463468      0.248      7.199    18.2598   4.623621      7.000    5.33445 4.8834e+00    18.2586    35.0626  1025.2872    5.33446 0.0000e+00
       1879 171.463490      0.461      8.003    18.2679   4.623768      8.000    5.33384 4.8834e+00    18.2665    35.0567  1025.2842    5.33384 0.0000e+00
       1892 171.463527      0.399      9.157    18.2671   4.623496      9.000    5.33402 4.8835e+00    18.2655    35.0546  1025.2879    5.33398 0.0000e+00
       1898 171.463544      0.639      9.979    18.2657   4.623093     10.000    5.33422 4.8836e+00    18.2639    35.0521  1025.2899    5.33421 0.0000e+00
       1909 171.463576      0.270     11.241    18.2689   4.625107     11.000    5.33344 4.8835e+00    18.2669    35.0660  1025.3053    5.33344 0.0000e+00
       1913 171.463589      0.727     11.978    18.2893   4.629485     12.000    5.33076 4.8834e+00    18.2872    35.0854  1025.3183    5.33075 0.0000e+00
       1923 171.463616      0.425     13.015    18.3080   4.629933     13.000    5.32929 4.8835e+00    18.3057    35.0729  1025.3086    5.32926 0.0000e+00
       1936 171.463654      0.347     14.185    18.2909   4.627546     14.000    5.33119 4.8835e+00    18.2884    35.0668  1025.3134    5.33119 0.0000e+00
       1944 171.463677      0.458     15.311    18.2848   4.626737     15.000    5.33191 4.8834e+00    18.2821    35.0647  1025.3183    5.33187 0.0000e+00
       1946 171.463684      0.936     15.931    18.3005   4.636611     16.000    5.32801 4.8835e+00    18.2977    35.1349  1025.3708    5.32804 0.0000e+00
       1959 171.463720      0.630     17.013    18.3886   4.647172     17.000    5.31875 4.8834e+00    18.3856    35.1487  1025.3640    5.31869 0.0000e+00
       1970 171.463752      0.881     18.040    18.4381   4.660899     18.000    5.31146 4.8833e+00    18.4349    35.2223  1025.4125    5.31137 0.0000e+00
       1976 171.463770      0.704     19.053    18.6077   4.688682     19.000    5.29170 4.8834e+00    18.6043    35.3116  1025.4425    5.29154 0.0000e+00
       1984 171.463793      0.456     20.129    18.7754   4.735440     20.000    5.26761 4.8835e+00    18.7718    35.5615  1025.5959    5.26696 0.0000e+00
       1996 171.463829      0.301     21.208    19.3737   4.855499     21.000    5.19314 4.8834e+00    19.3699    36.0517  1025.8216    5.19301 0.0000e+00
       2006 171.463856      0.675     22.134    19.7514   4.920758     22.000    5.14983 4.8833e+00    19.7474    36.2659  1025.8901    5.15025 0.0000e+00
       2012 171.463876      0.584     23.081    19.9449   4.920436     23.000    5.13753 4.8833e+00    19.9406    36.0958  1025.7131    5.13706 0.0000e+00
       2023 171.463905      0.382     24.243    20.0222   4.934600     24.000    5.12852 4.8834e+00    20.0177    36.1455  1025.7356    5.12822 0.0000e+00
       2027 171.463918      0.831     24.967    20.0636   4.935409     25.000    5.12559 4.8834e+00    20.0589    36.1164  1025.7055    5.12519 0.0000e+00
       2040 171.463956      0.234     26.228    20.0621   4.934051     26.000    5.12590 4.8834e+00    20.0573    36.1059  1025.7035    5.12565 0.0000e+00
       2050 171.463983      0.459     27.331    20.0671   4.934624     27.000    5.12535 4.8835e+00    20.0620    36.1060  1025.7070    5.12517 0.0000e+00
       2053 171.463994      0.869     28.023    20.0648   4.933992     28.000    5.12567 4.8834e+00    20.0596    36.1025  1025.7080    5.12550 0.0000e+00
       2064 171.464025      0.454     29.117    20.0595   4.933819     29.000    5.12602 4.8833e+00    20.0541    36.1053  1025.7162    5.12592 0.0000e+00
       2074 171.464053      0.625     30.088    20.0643   4.934474     30.000    5.12551 4.8834e+00    20.0587    36.1061  1025.7198    5.12543 0.0000e+00
       2085 171.464086      0.288     31.327    20.0674   4.934913     31.000    5.12518 4.8834e+00    20.0615    36.1067  1025.7249    5.12513 0.0000e+00
       2090 171.464100      0.694     32.108    20.0677   4.934847     32.000    5.12518 4.8834e+00    20.0617    36.1056  1025.7273    5.12513 0.0000e+00
       2099 171.464126      0.444     33.167    20.0639   4.934454     33.000    5.12553 4.8834e+00    20.0577    36.1052  1025.7327    5.12550 0.0000e+00
       2109 171.464154      0.465     34.216    20.0647   4.934575     34.000    5.12545 4.8833e+00    20.0583    36.1051  1025.7370    5.12543 0.0000e+00
       2118 171.464182      0.389     35.228    20.0626   4.934393     35.000    5.12564 4.8834e+00    20.0560    36.1050  1025.7419    5.12563 0.0000e+00
       2128 171.464211      0.505     36.316    20.0640   4.934736     36.000    5.12546 4.8836e+00    20.0573    36.1062  1025.7472    5.12546 0.0000e+00
       2133 171.464225      0.852     37.119    20.0651   4.934836     37.000    5.12538 4.8836e+00    20.0582    36.1058  1025.7500    5.12536 0.0000e+00
       2141 171.464249      0.557     38.141    20.0638   4.934699     38.000    5.12551 4.8836e+00    20.0567    36.1054  1025.7545    5.12550 0.0000e+00
       2157 171.464294      0.182     39.482    20.0618   4.934511     39.000    5.12570 4.8835e+00    20.0544    36.1051  1025.7607    5.12570 0.0000e+00
       2160 171.464304      0.804     40.149    20.0616   4.934361     40.000    5.12576 4.8835e+00    20.0541    36.1038  1025.7627    5.12576 0.0000e+00
       2168 171.464325      0.625     41.182    20.0596   4.934262     41.000    5.12593 4.8836e+00    20.0520    36.1043  1025.7681    5.12593 0.0000e+00
       2176 171.464348      0.489     42.202    20.0612   4.934703     42.000    5.12572 4.8835e+00    20.0533    36.1062  1025.7735    5.12572 0.0000e+00
       2186 171.464379      0.346     43.252    20.0620   4.934782     43.000    5.12566 4.8836e+00    20.0539    36.1058  1025.7776    5.12566 0.0000e+00
       2197 171.464410      0.463     44.351    20.0631   4.934980     44.000    5.12555 4.8835e+00    20.0549    36.1061  1025.7823    5.12555 0.0000e+00
       2202 171.464425      0.695     45.224    20.0638   4.935137     45.000    5.12548 4.8836e+00    20.0553    36.1065  1025.7863    5.12547 0.0000e+00
       2209 171.464444      0.632     46.131    20.0643   4.935261     46.000    5.12542 4.8836e+00    20.0557    36.1067  1025.7902    5.12542 0.0000e+00
       2224 171.464488      0.052     47.541    20.0642   4.935479     47.000    5.12539 4.8836e+00    20.0554    36.1080  1025.7974    5.12538 0.0000e+00
       2227 171.464496      0.734     48.167    20.0697   4.936516     48.000    5.12475 4.8836e+00    20.0608    36.1116  1025.8014    5.12475 0.0000e+00
       2239 171.464530      0.362     49.328    20.0715   4.936666     49.000    5.12461 4.8834e+00    20.0624    36.1108  1025.8054    5.12461 0.0000e+00
       2247 171.464555      0.635     50.348    20.0730   4.936868     50.000    5.12447 4.8835e+00    20.0637    36.1109  1025.8095    5.12447 0.0000e+00
       2252 171.464569      0.907     51.153    20.0734   4.936988     51.000    5.12442 4.8835e+00    20.0639    36.1112  1025.8131    5.12442 0.0000e+00
       2264 171.464602      0.386     52.329    20.0742   4.937171     52.000    5.12434 4.8834e+00    20.0644    36.1117  1025.8184    5.12433 0.0000e+00
       2276 171.464638      0.431     53.547    20.0755   4.937340     53.000    5.12422 4.8834e+00    20.0656    36.1114  1025.8231    5.12421 0.0000e+00
       2279 171.464646      0.950     54.196    20.0756   4.937520     54.000    5.12417 4.8833e+00    20.0656    36.1126  1025.8268    5.12417 0.0000e+00
       2289 171.464675      0.567     55.287    20.0782   4.938117     55.000    5.12386 4.8835e+00    20.0679    36.1149  1025.8326    5.12386 0.0000e+00
       2300 171.464709      0.555     56.478    20.0879   4.940440     56.000    5.12264 4.8835e+00    20.0774    36.1253  1025.8431    5.12263 0.0000e+00
       2304 171.464718      1.046     57.138    20.0968   4.942470     57.000    5.12153 4.8835e+00    20.0861    36.1341  1025.8504    5.12153 0.0000e+00
       2317 171.464756      0.451     58.352    20.1094   4.943964     58.000    5.12032 4.8835e+00    20.0985    36.1350  1025.8530    5.12031 0.0000e+00
       2326 171.464782      0.743     59.370    20.1133   4.944546     59.000    5.11992 4.8835e+00    20.1022    36.1361  1025.8573    5.11991 0.0000e+00
       2331 171.464796      0.910     60.226    20.1166   4.945812     60.000    5.11940 4.8834e+00    20.1054    36.1434  1025.8656    5.11938 0.0000e+00
       2340 171.464824      0.509     61.295    20.1299   4.947976     61.000    5.11796 4.8835e+00    20.1185    36.1493  1025.8713    5.11795 0.0000e+00
       2352 171.464860      0.416     62.467    20.1377   4.948988     62.000    5.11719 4.8834e+00    20.1261    36.1505  1025.8752    5.11717 0.0000e+00
       2358 171.464875      0.762     63.278    20.1400   4.949362     63.000    5.11694 4.8834e+00    20.1282    36.1512  1025.8787    5.11693 0.0000e+00
       2366 171.464899      0.491     64.328    20.1419   4.949503     64.000    5.11680 4.8833e+00    20.1299    36.1504  1025.8821    5.11678 0.0000e+00
       2376 171.464929      0.396     65.463    20.1452   4.950958     65.000    5.11622 4.8834e+00    20.1330    36.1591  1025.8928    5.11621 0.0000e+00
       2383 171.464947      0.627     66.400    20.1659   4.956401     66.000    5.11348 4.8835e+00    20.1535    36.1856  1025.9116    5.11346 0.0000e+00
       2388 171.464963      0.699     67.277    20.1982   4.962253     67.000    5.10986 4.8835e+00    20.1856    36.2057  1025.9220    5.10982 0.0000e+00
       2403 171.465006      0.276     68.512    20.2262   4.970287     68.000    5.10605 4.8833e+00    20.2134    36.2470  1025.9514    5.10595 0.0000e+00
       2410 171.465027      0.816     69.384    20.3094   4.990245     69.000    5.09535 4.8833e+00    20.2964    36.3386  1026.0027    5.09541 0.0000e+00
       2415 171.465040      0.986     70.215    20.3826   4.995159     70.000    5.08935 4.8832e+00    20.3693    36.3156  1025.9691    5.08928 0.0000e+00
       2424 171.465067      0.439     71.328    20.3157   4.984505     71.000    5.09649 4.8833e+00    20.3023    36.2855  1025.9690    5.09642 0.0000e+00
       2440 171.465114      0.172     72.648    20.2653   4.984738     72.000    5.09976 4.8834e+00    20.2517    36.3303  1026.0224    5.09979 0.0000e+00
       2446 171.465129      0.628     73.552    20.3479   4.994628     73.000    5.09182 4.8834e+00    20.3340    36.3399  1026.0115    5.09178 0.0000e+00
       2449 171.465140      0.964     74.324    20.3370   4.992072     74.000    5.09322 4.8834e+00    20.3230    36.3281  1026.0087    5.09315 0.0000e+00
       2460 171.465170      0.622     75.403    20.3220   4.990813     75.000    5.09451 4.8832e+00    20.3078    36.3302  1026.0191    5.09448 0.0000e+00
       2476 171.465216      0.430     76.786    20.3146   4.989681     76.000    5.09529 4.8833e+00    20.3002    36.3269  1026.0245    5.09528 0.0000e+00
       2479 171.465227      0.906     77.580    20.3080   4.988676     77.000    5.09599 4.8834e+00    20.2934    36.3239  1026.0275    5.09598 0.0000e+00
       2482 171.465234      1.296     78.260    20.3016   4.987885     78.000    5.09655 4.8835e+00    20.2869    36.3228  1026.0314    5.09662 0.0000e+00
       2485 171.465243      1.445     78.994    20.2725   4.980909     79.000    5.10032 4.8835e+00    20.2577    36.2904  1026.0177    5.10031 0.0000e+00
       2510 171.465314      0.468     80.727    20.1629   4.966381     80.000    5.11127 4.8833e+00    20.1478    36.2650  1026.0353    5.11135 0.0000e+00
       2512 171.465320      1.138     81.384    20.1007   4.954364     81.000    5.11849 4.8834e+00    20.0855    36.2195  1026.0201    5.11857 0.0000e+00
       2515 171.465329      1.286     82.153    19.9823   4.943663     82.000    5.12923 4.8833e+00    19.9671    36.2332  1026.0654    5.12934 0.0000e+00
       2532 171.465378      0.253     83.584    19.9249   4.937405     83.000    5.13471 4.8833e+00    19.9094    36.2306  1026.0850    5.13485 0.0000e+00
       2539 171.465400      0.711     84.478    19.8107   4.922236     84.000    5.14639 4.8832e+00    19.7951    36.2037  1026.0987    5.14652 0.0000e+00
       2545 171.465418      0.741     85.424    19.7397   4.917090     85.000    5.15252 4.8832e+00    19.7240    36.2220  1026.1356    5.15271 0.0000e+00
       2553 171.465439      0.554     86.425    19.6743   4.910746     86.000    5.15868 4.8832e+00    19.6585    36.2257  1026.1600    5.15885 0.0000e+00
       2567 171.465479      0.244     87.630    19.6406   4.908509     87.000    5.16162 4.8834e+00    19.6245    36.2359  1026.1819    5.16176 0.0000e+00
       2575 171.465504      0.565     88.650    19.6224   4.906889     88.000    5.16338 4.8834e+00    19.6062    36.2379  1026.1927    5.16344 0.0000e+00
       2579 171.465515      0.940     89.412    19.6177   4.908197     89.000    5.16329 4.8835e+00    19.6013    36.2525  1026.2084    5.16344 0.0000e+00
       2585 171.465533      0.770     90.329    19.6144   4.907283     90.000    5.16382 4.8835e+00    19.5979    36.2475  1026.2094    5.16391 0.0000e+00
       2610 171.465604     -0.125     92.114    19.5662   4.899918     91.000    5.16903 4.8832e+00    19.5493    36.2274  1026.2146    5.16915 0.0000e+00
       2610 171.465604      0.682     92.696    19.5358   4.885421     92.000    5.17477 4.8832e+00    19.5188    36.1331  1026.1531    5.17496 0.0000e+00
       2612 171.465611      1.214     93.337    19.4006   4.861991     93.000    5.19030 4.8833e+00    19.3836    36.0549  1026.1316    5.19041 0.0000e+00
       2623 171.465641      0.793     94.385    19.0959   4.829702     94.000    5.22008 4.8833e+00    19.0789    36.0488  1026.2108    5.22023 0.0000e+00
       2636 171.465679      0.690     95.573    18.8937   4.813323     95.000    5.23855 4.8833e+00    18.8767    36.0868  1026.2972    5.23883 0.0000e+00
       2642 171.465696      0.737     96.480    18.8502   4.809359     96.000    5.24268 4.8833e+00    18.8330    36.0911  1026.3156    5.24299 0.0000e+00
       2650 171.465720      0.506     97.482    18.8168   4.806582     97.000    5.24587 4.8833e+00    18.7995    36.0964  1026.3327    5.24611 0.0000e+00
       2664 171.465761      0.169     98.760    18.8001   4.803374     98.000    5.24798 4.8833e+00    18.7825    36.0835  1026.3326    5.24816 0.0000e+00
       2669 171.465776      0.589     99.503    18.7301   4.794812     99.000    5.25529 4.8834e+00    18.7124    36.0721  1026.3451    5.25544 0.0000e+00
       2680 171.465809      0.218    100.744    18.6905   4.790580    100.000    5.25925 4.8834e+00    18.6726    36.0705  1026.3594    5.25941 0.0000e+00
       2686 171.465824      0.662    101.523    18.6579   4.787644    101.000    5.26238 4.8835e+00    18.6400    36.0738  1026.3737    5.26253 0.0000e+00
       2694 171.465848      0.476    102.547    18.5836   4.775587    102.000    5.27094 4.8834e+00    18.5655    36.0364  1026.3685    5.27109 0.0000e+00
       2705 171.465880      0.383    103.600    18.3418   4.744704    103.000    5.29666 4.8833e+00    18.3237    35.9855  1026.3954    5.29689 0.0000e+00
       2717 171.465913      0.291    104.831    18.1664   4.723788    104.000    5.31495 4.8833e+00    18.1482    35.9606  1026.4260    5.31532 0.0000e+00
