jupyter/NEMEA/cnv_final/cnv_final/out_dMCTV025a.cnv
* Sea-Bird SBE 19plus V2 Data File:
* FileName = D:\ACEX_ctd\brutos\MCTV025a.hex
* Software Version Seasave V 7.17
* Temperature SN = 6161
* Conductivity SN = 6161
* System UpLoad Time = Jun 19 2012 10:59:36
* NMEA UTC (Time) = Jun 19 2012 10:59:36
* NMEA Longitude =  051 07.44 W
* NMEA Latitude =  33 46.65 S
** H38 
** NHo Cruzeiro do Sul 
** 222 
** MCT V 
**   025a
**   33 46.65 S
**   051 07.44 W
**   19/06/2012 13:13 Z
**   670
** 9P46375-0882 
**   CT Fernandes
# nquan = 14
# nvalues = 461                         
# units = specified
# name 0 = scan: Scan Count
# name 1 = timeJ: Julian Days
# name 2 = dz/dtM: Descent Rate [m/s]
# name 3 = prdM: Pressure, Strain Gauge [db]
# name 4 = tv290C: Temperature [ITS-90, deg C]
# name 5 = c0S/m: Conductivity [S/m]
# name 6 = depSM: Depth [salt water, m]
# name 7 = oxsatML/L: Oxygen Saturation [ml/l]
# name 8 = flSP: Fluorescence, Seapoint
# name 9 = potemp090C: Potential Temperature [ITS-90, deg C]
# name 10 = sal00: Salinity [PSU]
# name 11 = density00: Density [density, Kg/m^3]
# name 12 = oxsatML/L: Oxygen Saturation [ml/l]
# name 13 = flag: flag
# span 0 =       1721,       5252       
# span 1 = 171.463033, 171.473249       
# span 2 =     -0.167,      1.698       
# span 3 =      2.017,    464.795       
# span 4 =     7.4711,    20.3826       
# span 5 =   3.548377,   4.995159       
# span 6 =      2.000,    462.000       
# span 7 =    5.08935,    6.70892       
# span 8 = 2.2441e-02, 4.8890e+00       
# span 9 =     7.4254,    20.3693       
# span 10 =    34.5028,    36.3399      
# span 11 =  1025.2551,  1029.0895      
# span 12 =    5.08928,    6.70899      
# span 13 = 0.0000e+00, 0.0000e+00      
# interval = meters: 1                  
# start_time = Jun 19 2012 10:59:36
# bad_flag = -9.990e-29
*END*
[from data line 310]
       4204 171.470216      0.346    314.386    11.4442   3.959706    312.000    6.12361 4.8835e+00    11.4042    34.9912  1028.0966    6.12365 0.0000e+00
       4206 171.470222      0.993    315.000    11.4230   3.957507    313.000    6.12642 4.8835e+00    11.3830    34.9892  1028.1019    6.12651 0.0000e+00
       4208 171.470229      1.460    315.659    11.4044   3.955952    314.000    6.12881 4.8835e+00    11.3643    34.9912  1028.1099    6.12887 0.0000e+00
       4217 171.470254      0.690    316.891    11.3918   3.955017    315.000    6.13038 4.8834e+00    11.3516    34.9933  1028.1195    6.13045 0.0000e+00
       4227 171.470284      0.542    318.152    11.3594   3.950916    316.000    6.13505 4.8834e+00    11.3191    34.9829  1028.1232    6.13511 0.0000e+00
       4231 171.470296      0.904    319.000    11.3401   3.949811    317.000    6.13727 4.8836e+00    11.2997    34.9898  1028.1361    6.13739 0.0000e+00
       4236 171.470309      0.970    319.905    11.3271   3.947997    318.000    6.13926 4.8835e+00    11.2867    34.9838  1028.1379    6.13933 0.0000e+00
       4242 171.470327      0.691    321.028    11.3029   3.945270    319.000    6.14258 4.8834e+00    11.2624    34.9792  1028.1439    6.14269 0.0000e+00
       4247 171.470342      0.712    321.954    11.2713   3.941184    320.000    6.14719 4.8834e+00    11.2308    34.9682  1028.1455    6.14728 0.0000e+00
       4255 171.470363      0.551    322.989    11.2293   3.937488    321.000    6.15261 4.8835e+00    11.1887    34.9709  1028.1603    6.15273 0.0000e+00
       4265 171.470395      0.289    324.376    11.2068   3.934770    322.000    6.15586 4.8835e+00    11.1661    34.9647  1028.1659    6.15596 0.0000e+00
       4269 171.470404      0.808    325.198    11.1841   3.932835    323.000    6.15878 4.8836e+00    11.1433    34.9666  1028.1754    6.15889 0.0000e+00
       4272 171.470413      1.121    325.984    11.1786   3.933008    324.000    6.15925 4.8835e+00    11.1378    34.9731  1028.1850    6.15935 0.0000e+00
       4275 171.470421      1.300    326.745    11.1792   3.933074    325.000    6.15919 4.8835e+00    11.1383    34.9729  1028.1881    6.15929 0.0000e+00
       4287 171.470458      0.457    328.113    11.1776   3.932907    326.000    6.15946 4.8834e+00    11.1365    34.9722  1028.1940    6.15953 0.0000e+00
       4295 171.470480      0.859    329.123    11.1752   3.932846    327.000    6.15974 4.8834e+00    11.1340    34.9734  1028.1999    6.15980 0.0000e+00
       4299 171.470492      1.152    330.012    11.1734   3.932784    328.000    6.15997 4.8834e+00    11.1320    34.9741  1028.2048    6.16001 0.0000e+00
       4304 171.470505      1.003    331.017    11.1730   3.932840    329.000    6.16000 4.8834e+00    11.1316    34.9745  1028.2096    6.16004 0.0000e+00
       4308 171.470519      0.873    331.945    11.1723   3.932698    330.000    6.16016 4.8834e+00    11.1307    34.9735  1028.2131    6.16019 0.0000e+00
       4316 171.470541      0.554    333.074    11.1676   3.932149    331.000    6.16083 4.8835e+00    11.1259    34.9720  1028.2179    6.16087 0.0000e+00
       4324 171.470564      0.489    334.206    11.1552   3.930088    332.000    6.16283 4.8836e+00    11.1134    34.9627  1028.2181    6.16287 0.0000e+00
       4329 171.470578      0.781    335.057    11.1295   3.926788    333.000    6.16657 4.8834e+00    11.0876    34.9539  1028.2199    6.16661 0.0000e+00
       4335 171.470597      0.669    336.065    11.0924   3.923175    334.000    6.17153 4.8834e+00    11.0505    34.9527  1028.2305    6.17159 0.0000e+00
       4344 171.470621      0.452    337.262    11.0726   3.920977    335.000    6.17428 4.8836e+00    11.0306    34.9491  1028.2368    6.17437 0.0000e+00
       4349 171.470636      0.680    338.254    11.0283   3.914555    336.000    6.18105 4.8836e+00    10.9863    34.9267  1028.2322    6.18114 0.0000e+00
       4353 171.470648      0.912    339.132    10.9874   3.911257    337.000    6.18628 4.8834e+00    10.9454    34.9323  1028.2481    6.18638 0.0000e+00
       4356 171.470658      1.074    339.896    10.9707   3.910119    338.000    6.18833 4.8834e+00    10.9286    34.9365  1028.2579    6.18846 0.0000e+00
       4369 171.470695      0.154    341.375    10.9860   3.911756    339.000    6.18628 4.8834e+00    10.9438    34.9376  1028.2625    6.18636 0.0000e+00
       4375 171.470711      0.749    342.267    10.9621   3.907597    340.000    6.19023 4.8834e+00    10.9197    34.9185  1028.2561    6.19031 0.0000e+00
       4378 171.470719      1.233    342.970    10.9299   3.904435    341.000    6.19458 4.8833e+00    10.8875    34.9171  1028.2643    6.19466 0.0000e+00
       4384 171.470739      0.784    344.057    10.9049   3.903444    342.000    6.19738 4.8834e+00    10.8625    34.9306  1028.2842    6.19749 0.0000e+00
       4394 171.470767      0.395    345.341    10.8906   3.899870    343.000    6.20017 4.8834e+00    10.8481    34.9078  1028.2750    6.20029 0.0000e+00
       4398 171.470778      0.825    346.111    10.8249   3.889989    344.000    6.21054 4.8834e+00    10.7824    34.8712  1028.2622    6.21056 0.0000e+00
       4405 171.470799      0.631    347.217    10.7290   3.883765    345.000    6.22216 4.8835e+00    10.6866    34.8995  1028.3070    6.22236 0.0000e+00
       4412 171.470819      0.495    348.348    10.7047   3.878680    346.000    6.22655 4.8835e+00    10.6623    34.8711  1028.2945    6.22676 0.0000e+00
       4415 171.470829      0.936    349.069    10.6324   3.869850    347.000    6.23709 4.8834e+00    10.5900    34.8511  1028.2954    6.23735 0.0000e+00
       4423 171.470852      0.557    350.173    10.5314   3.861656    348.000    6.25030 4.8834e+00    10.4891    34.8644  1028.3293    6.25054 0.0000e+00
       4434 171.470882      0.385    351.474    10.4637   3.851382    349.000    6.26105 4.8836e+00    10.4215    34.8249  1028.3167    6.26133 0.0000e+00
       4438 171.470893      0.812    352.336    10.3634   3.840444    350.000    6.27540 4.8835e+00    10.3214    34.8098  1028.3271    6.27564 0.0000e+00
       4441 171.470904      1.017    353.213    10.2970   3.834148    351.000    6.28443 4.8835e+00    10.2550    34.8090  1028.3425    6.28478 0.0000e+00
       4445 171.470915      1.053    354.112    10.2278   3.826633    352.000    6.29444 4.8835e+00    10.1859    34.7988  1028.3510    6.29473 0.0000e+00
       4450 171.470929      0.928    354.982    10.1725   3.823330    353.000    6.30123 4.8835e+00    10.1306    34.8178  1028.3797    6.30160 0.0000e+00
       4467 171.470979      0.271    356.623    10.1634   3.822500    354.000    6.30268 4.8834e+00    10.1213    34.8173  1028.3883    6.30287 0.0000e+00
       4471 171.470988      0.906    357.356    10.1521   3.821849    355.000    6.30406 4.8834e+00    10.1100    34.8212  1028.3966    6.30428 0.0000e+00
       4473 171.470996      1.368    358.066    10.1440   3.820691    356.000    6.30536 4.8834e+00    10.1018    34.8169  1028.3979    6.30557 0.0000e+00
       4478 171.471009      1.210    358.965    10.1160   3.817877    357.000    6.30935 4.8834e+00    10.0738    34.8147  1028.4052    6.30952 0.0000e+00
       4492 171.471051     -0.167    360.671    10.0970   3.816892    358.000    6.31172 4.8835e+00    10.0547    34.8221  1028.4221    6.31186 0.0000e+00
       4495 171.471060      0.728    361.366    10.0808   3.813931    359.000    6.31457 4.8835e+00    10.0384    34.8072  1028.4165    6.31470 0.0000e+00
       4499 171.471071      1.046    362.141    10.0551   3.811208    360.000    6.31830 4.8835e+00    10.0127    34.8038  1028.4219    6.31840 0.0000e+00
       4507 171.471094      0.561    363.267    10.0382   3.810724    361.000    6.32019 4.8834e+00     9.9957    34.8146  1028.4384    6.32032 0.0000e+00
       4516 171.471121      0.431    364.485    10.0326   3.809867    362.000    6.32116 4.8835e+00     9.9899    34.8107  1028.4419    6.32126 0.0000e+00
       4521 171.471133      0.857    365.279    10.0238   3.809060    363.000    6.32239 4.8834e+00     9.9811    34.8106  1028.4469    6.32249 0.0000e+00
       4526 171.471150      0.763    366.284    10.0062   3.806783    364.000    6.32512 4.8834e+00     9.9634    34.8038  1028.4492    6.32520 0.0000e+00
       4533 171.471170      0.562    367.406     9.9806   3.804258    365.000    6.32874 4.8836e+00     9.9378    34.8021  1028.4575    6.32883 0.0000e+00
       4538 171.471184      0.760    368.291     9.9672   3.802954    366.000    6.33064 4.8835e+00     9.9244    34.8012  1028.4632    6.33072 0.0000e+00
       4545 171.471202      0.693    369.279     9.9550   3.801981    367.000    6.33228 4.8834e+00     9.9120    34.8026  1028.4709    6.33237 0.0000e+00
       4553 171.471227      0.483    370.371     9.9463   3.801297    368.000    6.33348 4.8834e+00     9.9032    34.8035  1028.4780    6.33355 0.0000e+00
       4562 171.471252      0.434    371.605     9.9386   3.799766    369.000    6.33489 4.8835e+00     9.8954    34.7948  1028.4781    6.33498 0.0000e+00
       4566 171.471263      0.762    372.466     9.9107   3.793990    370.000    6.34003 4.8835e+00     9.8675    34.7622  1028.4615    6.34019 0.0000e+00
       4569 171.471273      1.100    373.206     9.8449   3.785254    371.000    6.35048 4.8834e+00     9.8017    34.7357  1028.4559    6.35046 0.0000e+00
       4576 171.471293      0.831    374.158     9.7747   3.779423    372.000    6.35998 4.8834e+00     9.7316    34.7430  1028.4782    6.36000 0.0000e+00
       4630 171.471450      0.370    375.328     9.7299   3.777213    373.000    6.36541 4.8835e+00     9.6868    34.7630  1028.5069    6.36549 0.0000e+00
       4766 171.471842      0.600    376.365     9.7516   3.779867    374.000    6.36220 4.8836e+00     9.7084    34.7688  1028.5123    6.36220 0.0000e+00
       4760 171.471825      0.678    377.284     9.7138   3.776034    375.000    6.36760 4.8834e+00     9.6705    34.7655  1028.5205    6.36765 0.0000e+00
       4775 171.471870      0.059    378.673     9.6693   3.771735    376.000    6.37393 4.8835e+00     9.6260    34.7636  1028.5330    6.37399 0.0000e+00
       4780 171.471885      0.618    379.589     9.6542   3.768576    377.000    6.37678 4.8835e+00     9.6109    34.7452  1028.5255    6.37687 0.0000e+00
       4783 171.471893      0.980    380.290     9.6093   3.762389    378.000    6.38398 4.8835e+00     9.5660    34.7246  1028.5204    6.38406 0.0000e+00
       4792 171.471918      0.510    381.413     9.5468   3.758733    379.000    6.39186 4.8836e+00     9.5035    34.7468  1028.5536    6.39200 0.0000e+00
       4802 171.471948      0.437    382.640     9.5189   3.753096    380.000    6.39710 4.8837e+00     9.4756    34.7150  1028.5392    6.39725 0.0000e+00
       4806 171.471958      0.911    383.388     9.4522   3.746340    381.000    6.40685 4.8836e+00     9.4090    34.7093  1028.5497    6.40696 0.0000e+00
       4812 171.471976      0.744    384.358     9.4004   3.742728    382.000    6.41365 4.8836e+00     9.3572    34.7216  1028.5725    6.41384 0.0000e+00
       4823 171.472007      0.250    385.745     9.3663   3.738962    383.000    6.41876 4.8835e+00     9.3231    34.7150  1028.5794    6.41897 0.0000e+00
       4827 171.472019      0.692    386.618     9.3160   3.732702    384.000    6.42673 4.8835e+00     9.2728    34.6985  1028.5792    6.42685 0.0000e+00
       4830 171.472027      1.059    387.339     9.2927   3.731847    385.000    6.42945 4.8836e+00     9.2495    34.7119  1028.5968    6.42964 0.0000e+00
       4837 171.472049      0.628    388.492     9.2904   3.732776    386.000    6.42930 4.8836e+00     9.2471    34.7231  1028.6112    6.42949 0.0000e+00
       4847 171.472078      0.270    390.045     9.3096   3.731975    387.000    6.42792 4.8836e+00     9.2660    34.6956  1028.5935    6.42788 0.0000e+00
       4849 171.472082      0.987    390.682     9.2782   3.728569    388.000    6.43209 4.8836e+00     9.2347    34.6903  1028.5976    6.43259 0.0000e+00
       4851 171.472089      1.489    391.388     9.2473   3.719918    389.000    6.43981 4.8836e+00     9.2038    34.6301  1028.5591    6.43949 0.0000e+00
       4853 171.472096      1.698    392.158     9.1618   3.714896    390.000    6.45040 4.8836e+00     9.1185    34.6604  1028.6007    6.45055 0.0000e+00
       4859 171.472113      0.987    393.350     9.1076   3.712789    391.000    6.45689 4.8835e+00     9.0642    34.6905  1028.6388    6.45712 0.0000e+00
       4868 171.472137      0.418    394.669     9.0931   3.711209    392.000    6.45915 4.8836e+00     9.0496    34.6875  1028.6449    6.45934 0.0000e+00
       4872 171.472151      0.725    395.598     9.0770   3.710045    393.000    6.46136 4.8836e+00     9.0335    34.6906  1028.6541    6.46154 0.0000e+00
       4877 171.472165      0.866    396.559     9.0697   3.707910    394.000    6.46300 4.8835e+00     9.0261    34.6750  1028.6475    6.46324 0.0000e+00
       4883 171.472181      0.753    397.721     8.9772   3.693917    395.000    6.47891 4.8835e+00     8.9338    34.6183  1028.6240    6.47899 0.0000e+00
       4887 171.472192      0.855    398.692     8.8935   3.689950    396.000    6.48923 4.8836e+00     8.8502    34.6577  1028.6732    6.48952 0.0000e+00
       4890 171.472201      1.131    399.509     8.8830   3.689299    397.000    6.49065 4.8835e+00     8.8396    34.6607  1028.6810    6.49093 0.0000e+00
       4893 171.472210      1.294    400.348     8.8716   3.688440    398.000    6.49226 4.8836e+00     8.8282    34.6624  1028.6881    6.49252 0.0000e+00
       4899 171.472229      0.794    401.488     8.8618   3.687806    399.000    6.49362 4.8834e+00     8.8183    34.6648  1028.6967    6.49385 0.0000e+00
       4908 171.472255      0.335    402.916     8.8520   3.686056    400.000    6.49551 4.8835e+00     8.8083    34.6554  1028.6974    6.49567 0.0000e+00
       4912 171.472265      0.811    403.710     8.8314   3.683129    401.000    6.49898 4.8835e+00     8.7877    34.6444  1028.6958    6.49914 0.0000e+00
       4915 171.472273      1.184    404.460     8.8052   3.680389    402.000    6.50288 4.8835e+00     8.7615    34.6408  1028.7008    6.50311 0.0000e+00
       4920 171.472289      0.915    405.522     8.7605   3.676999    403.000    6.50916 4.8836e+00     8.7168    34.6483  1028.7189    6.50935 0.0000e+00
       4930 171.472317      0.165    407.142     8.7683   3.676686    404.000    6.50851 4.8835e+00     8.7245    34.6366  1028.7158    6.50868 0.0000e+00
       4932 171.472323      0.808    407.823     8.7273   3.671892    405.000    6.51499 4.8835e+00     8.6835    34.6259  1028.7173    6.51514 0.0000e+00
       4934 171.472329      1.318    408.522     8.7046   3.670342    406.000    6.51809 4.8835e+00     8.6608    34.6315  1028.7285    6.51824 0.0000e+00
       4937 171.472338      1.572    409.327     8.6854   3.668772    407.000    6.52081 4.8836e+00     8.6415    34.6333  1028.7367    6.52098 0.0000e+00
       4943 171.472356      0.864    410.534     8.6601   3.667064    408.000    6.52426 4.8836e+00     8.6162    34.6394  1028.7511    6.52444 0.0000e+00
       4951 171.472378      0.463    411.802     8.6461   3.665000    409.000    6.52673 4.8836e+00     8.6021    34.6308  1028.7525    6.52687 0.0000e+00
       4956 171.472393      0.725    412.799     8.6099   3.659635    410.000    6.53294 4.8836e+00     8.5659    34.6092  1028.7460    6.53310 0.0000e+00
       4960 171.472405      0.898    413.747     8.5540   3.653754    411.000    6.54150 4.8835e+00     8.5101    34.6012  1028.7533    6.54168 0.0000e+00
       4964 171.472415      1.049    414.623     8.5080   3.649547    412.000    6.54829 4.8834e+00     8.4641    34.6014  1028.7649    6.54848 0.0000e+00
       4967 171.472426      1.126    415.465     8.4756   3.647150    413.000    6.55280 4.8834e+00     8.4317    34.6073  1028.7786    6.55302 0.0000e+00
