jupyter/NEMEA/cnv_final/cnv_final/out_dMCTV013.cnv
* Sea-Bird SBE 9 Data File:
* FileName = D:\ACEX\brutos\MCTV013.hex
* Software Version Seasave V 7.17
* Temperature SN = 4821
* Conductivity SN = 3367
* Number of Bytes Per Scan = 21
* Number of Voltage Words = 3
* Number of Scans Averaged by the Deck Unit = 1
* NMEA UTC (Time) = Jun 15 2012 10:45:04
* NMEA Longitude =  047 50.440W
* NMEA Latitude =  29 30.186S
** H38 
** NHo Cruzeiro do Sul 
** 222 
** MCTV ACEx 
**   013
**   29 30.186S
**   047 50.440W
**   13/06/2012 13:45Z
**   509
** 9P46375-0882 
**   PESQ. CATARINA CECILIO
# nquan = 16
# nvalues = 381                         
# units = specified
# name 0 = scan: Scan Count
# name 1 = timeJ: Julian Days
# name 2 = dz/dtM: Descent Rate [m/s]
# name 3 = prDM: Pressure, Digiquartz [db]
# name 4 = t090C: Temperature [ITS-90, deg C]
# name 5 = c0S/m: Conductivity [S/m]
# name 6 = sbeox0V: Oxygen Voltage, SBE 43
# name 7 = depSM: Depth [salt water, m]
# name 8 = flSP: Fluorescence, Seapoint
# name 9 = potemp090C: Potential Temperature [ITS-90, deg C]
# name 10 = sal00: Salinity [PSU]
# name 11 = density00: Density [density, Kg/m^3]
# name 12 = sigma-é00: Density [sigma-theta, Kg/m^3]
# name 13 = sbeox0ML/L: Oxygen, SBE 43 [ml/l], WS = 2
# name 14 = nbin: number of scans per bin
# name 15 = flag: flag
# span 0 =       4832,      21635       
# span 1 = 167.450293, 167.458395       
# span 2 =      0.166,      1.338       
# span 3 =      5.033,    387.587       
# span 4 =    12.1389,    20.7427       
# span 5 =   4.088439,   5.081391       
# span 6 =     2.4961,     3.4962       
# span 7 =      5.000,    385.000       
# span 8 = 4.5438e-02, 3.1238e-01       
# span 9 =    12.0873,    20.7414       
# span 10 =    35.5627,    36.7159      
# span 11 =  1025.8912,  1028.7297      
# span 12 =    25.8687,    27.0096      
# span 13 =    3.62440,    4.68779      
# span 14 =          1,         65      
# span 15 = 0.0000e+00, 0.0000e+00      
# interval = meters: 1                  
# start_time = Jun 15 2012 10:45:04
# bad_flag = -9.990e-29
*END*
[from data line 181]
      13401 167.454425      0.786    187.300    15.8434   4.506695     3.0810    186.000 5.2747e-02    15.8137    36.1067  1027.4613    26.6422    4.43558         40 0.0000e+00
      13442 167.454445      0.584    188.314    15.8175   4.503652     3.0778    187.000 5.1693e-02    15.7876    36.1026  1027.4687    26.6450    4.43240         36 0.0000e+00
      13472 167.454459      0.739    189.314    15.7761   4.498612     3.0775    188.000 5.1745e-02    15.7462    36.0946  1027.4765    26.6483    4.43615         29 0.0000e+00
      13513 167.454479      0.645    190.318    15.7241   4.492567     3.0783    189.000 5.1809e-02    15.6941    36.0873  1027.4874    26.6546    4.44285         44 0.0000e+00
      13576 167.454509      0.338    191.336    15.6629   4.485601     3.0839    190.000 5.0832e-02    15.6328    36.0801  1027.5004    26.6630    4.45938         39 0.0000e+00
      13605 167.454524      0.708    192.335    15.6537   4.484469     3.0841    191.000 5.1354e-02    15.6234    36.0779  1027.5053    26.6634    4.46118         28 0.0000e+00
      13643 167.454542      0.684    193.344    15.6383   4.482683     3.0843    192.000 5.1310e-02    15.6079    36.0755  1027.5114    26.6651    4.46355         48 0.0000e+00
      13691 167.454565      0.468    194.351    15.6149   4.480061     3.0824    193.000 5.1352e-02    15.5844    36.0728  1027.5191    26.6683    4.46276         36 0.0000e+00
      13728 167.454583      0.657    195.362    15.6017   4.478598     3.0787    194.000 4.9828e-02    15.5711    36.0712  1027.5254    26.6702    4.45757         34 0.0000e+00
      13761 167.454599      0.700    196.370    15.5837   4.476571     3.0746    195.000 4.9903e-02    15.5529    36.0690  1027.5323    26.6726    4.45208         31 0.0000e+00
      13790 167.454613      0.811    197.376    15.5661   4.474685     3.0719    196.000 5.0434e-02    15.5351    36.0677  1027.5398    26.6756    4.44911         29 0.0000e+00
      13826 167.454630      0.727    198.374    15.5549   4.473443     3.0746    197.000 5.0476e-02    15.5238    36.0663  1027.5456    26.6771    4.45588         41 0.0000e+00
      13890 167.454661      0.319    199.397    15.5398   4.471829     3.0718    198.000 4.9964e-02    15.5086    36.0651  1027.5527    26.6796    4.45241         44 0.0000e+00
      13925 167.454678      0.643    200.397    15.5334   4.471144     3.0714    199.000 4.9993e-02    15.5021    36.0643  1027.5580    26.6805    4.45286         36 0.0000e+00
      13962 167.454696      0.648    201.408    15.5282   4.470576     3.0713    200.000 4.9995e-02    15.4967    36.0636  1027.5631    26.6811    4.45383         37 0.0000e+00
      14000 167.454714      0.637    202.417    15.5193   4.469539     3.0738    201.000 5.0292e-02    15.4876    36.0620  1027.5683    26.6820    4.45996         38 0.0000e+00
      14032 167.454730      0.699    203.428    15.4982   4.467096     3.0760    202.000 5.0008e-02    15.4664    36.0588  1027.5751    26.6843    4.46658         26 0.0000e+00
      14055 167.454740      0.923    204.432    15.4844   4.465675     3.0756    203.000 5.0328e-02    15.4525    36.0582  1027.5823    26.6869    4.46764         19 0.0000e+00
      14099 167.454762      0.736    205.430    15.4802   4.465357     3.0744    204.000 5.0646e-02    15.4482    36.0587  1027.5880    26.6883    4.46627         37 0.0000e+00
      14172 167.454797      0.435    206.452    15.4818   4.465894     3.0755    205.000 5.0672e-02    15.4495    36.0617  1027.5945    26.6903    4.46876         20 0.0000e+00
      14210 167.454815      0.711    207.446    15.4747   4.465148     3.0798    206.000 4.9661e-02    15.4423    36.0610  1027.6000    26.6914    4.47808         35 0.0000e+00
      14291 167.454854      0.436    208.466    15.4629   4.463750     3.0817    207.000 4.9603e-02    15.4303    36.0588  1027.6055    26.6925    4.48340         24 0.0000e+00
      14312 167.454865      0.975    209.457    15.4434   4.461614     3.0819    208.000 5.0223e-02    15.4108    36.0569  1027.6128    26.6954    4.48599         19 0.0000e+00
      14402 167.454908      0.241    210.470    15.4243   4.459440     3.0860    209.000 4.9574e-02    15.3916    36.0543  1027.6196    26.6977    4.49603         29 0.0000e+00
      14426 167.454919      0.858    211.477    15.3961   4.456192     3.0836    210.000 5.0419e-02    15.3632    36.0503  1027.6275    26.7010    4.49466         24 0.0000e+00
      14462 167.454937      0.751    212.484    15.3778   4.454179     3.0805    211.000 5.0017e-02    15.3448    36.0484  1027.6346    26.7037    4.49110         50 0.0000e+00
      14513 167.454962      0.400    213.505    15.3706   4.453291     3.0792    212.000 4.9737e-02    15.3374    36.0466  1027.6393    26.7039    4.48991         36 0.0000e+00
      14540 167.454975      0.769    214.503    15.3546   4.451107     3.0779    213.000 5.0016e-02    15.3213    36.0410  1027.6431    26.7033    4.48969         25 0.0000e+00
      14583 167.454995      0.637    215.508    15.3348   4.448657     3.0748    214.000 4.9781e-02    15.3013    36.0366  1027.6486    26.7043    4.48625         44 0.0000e+00
      14647 167.455026      0.339    216.521    15.2824   4.441881     3.0705    215.000 4.9379e-02    15.2489    36.0227  1027.6543    26.7054    4.48368         36 0.0000e+00
      14678 167.455041      0.708    217.520    15.2587   4.439144     3.0671    216.000 4.9453e-02    15.2251    36.0191  1027.6614    26.7079    4.47993         30 0.0000e+00
      14718 167.455060      0.637    218.529    15.1232   4.422231     3.0576    217.000 4.9915e-02    15.0897    35.9891  1027.6735    26.7150    4.47498         42 0.0000e+00
      14756 167.455079      0.607    219.547    15.0723   4.415721     3.0511    218.000 4.8498e-02    15.0386    35.9762  1027.6795    26.7163    4.46799         31 0.0000e+00
      14785 167.455093      0.805    220.544    15.0254   4.410353     3.0453    219.000 4.9226e-02    14.9916    35.9699  1027.6896    26.7219    4.46186         33 0.0000e+00
      14838 167.455118      0.444    221.560    14.9889   4.405606     3.0405    220.000 4.8938e-02    14.9551    35.9597  1027.6944    26.7221    4.45668         61 0.0000e+00
      14886 167.455141      0.523    222.564    14.9673   4.402908     3.0351    221.000 4.9133e-02    14.9334    35.9544  1027.6997    26.7229    4.44911         38 0.0000e+00
      14924 167.455160      0.624    223.568    14.9430   4.399606     3.0296    222.000 4.8652e-02    14.9089    35.9461  1027.7032    26.7219    4.44140         38 0.0000e+00
      14961 167.455178      0.644    224.582    14.7778   4.378287     3.0152    223.000 4.8455e-02    14.7438    35.9024  1027.7109    26.7244    4.42996         35 0.0000e+00
      14997 167.455195      0.677    225.590    14.6932   4.368548     3.0039    224.000 4.9028e-02    14.6592    35.8905  1027.7250    26.7338    4.41650         35 0.0000e+00
      15030 167.455211      0.713    226.593    14.6795   4.366853     2.9963    225.000 4.8649e-02    14.6454    35.8872  1027.7299    26.7342    4.40390         27 0.0000e+00
      15061 167.455226      0.768    227.603    14.6678   4.365373     2.9936    226.000 4.9027e-02    14.6336    35.8839  1027.7344    26.7342    4.40033         33 0.0000e+00
      15092 167.455241      0.788    228.611    14.6248   4.359878     2.9885    227.000 4.8750e-02    14.5905    35.8726  1027.7397    26.7349    4.39504         28 0.0000e+00
      15124 167.455256      0.768    229.617    14.5758   4.354117     2.9848    228.000 4.7737e-02    14.5414    35.8643  1027.7486    26.7391    4.39308         33 0.0000e+00
      15157 167.455272      0.730    230.630    14.5449   4.350495     2.9813    229.000 4.8285e-02    14.5104    35.8589  1027.7558    26.7417    4.38977         33 0.0000e+00
      15188 167.455287      0.768    231.629    14.5091   4.346632     2.9798    230.000 4.9031e-02    14.4746    35.8559  1027.7658    26.7472    4.39054         30 0.0000e+00
      15237 167.455310      0.500    232.644    14.4802   4.343797     2.9875    231.000 4.8262e-02    14.4455    35.8560  1027.7767    26.7536    4.40844         58 0.0000e+00
      15280 167.455331      0.545    233.648    14.4698   4.342686     2.9923    232.000 4.7732e-02    14.4349    35.8550  1027.7826    26.7550    4.41923         29 0.0000e+00
      15311 167.455347      0.758    234.650    14.4465   4.340240     2.9934    233.000 4.7877e-02    14.4116    35.8534  1027.7910    26.7589    4.42406         33 0.0000e+00
      15349 167.455365      0.660    235.662    14.4355   4.339121     2.9947    234.000 4.8633e-02    14.4004    35.8529  1027.7975    26.7609    4.42813         40 0.0000e+00
      15391 167.455385      0.583    236.672    14.4242   4.337962     2.9975    235.000 4.8292e-02    14.3890    35.8522  1027.8039    26.7628    4.43506         38 0.0000e+00
      15431 167.455404      0.598    237.679    14.4150   4.337007     2.9984    236.000 4.8580e-02    14.3796    35.8514  1027.8098    26.7642    4.43821         37 0.0000e+00
      15473 167.455425      0.573    238.690    14.3979   4.335093     2.9984    237.000 4.7910e-02    14.3625    35.8491  1027.8162    26.7661    4.44050         48 0.0000e+00
      15512 167.455443      0.585    239.701    14.3828   4.333433     2.9995    238.000 4.8609e-02    14.3472    35.8473  1027.8226    26.7681    4.44454         29 0.0000e+00
      15539 167.455456      0.838    240.700    14.3647   4.331534     3.0005    239.000 4.8646e-02    14.3290    35.8460  1027.8300    26.7710    4.44860         25 0.0000e+00
      15575 167.455473      0.735    241.703    14.3639   4.331691     3.0023    240.000 4.8520e-02    14.3281    35.8478  1027.8360    26.7725    4.45275         42 0.0000e+00
      15619 167.455495      0.539    242.718    14.3733   4.333170     3.0059    241.000 4.8117e-02    14.3373    35.8524  1027.8420    26.7741    4.45934         41 0.0000e+00
      15662 167.455515      0.572    243.727    14.3753   4.333530     3.0084    242.000 4.8525e-02    14.3391    35.8535  1027.8468    26.7745    4.46458         40 0.0000e+00
      15702 167.455535      0.573    244.738    14.3780   4.334040     3.0095    243.000 4.8426e-02    14.3417    35.8553  1027.8520    26.7754    4.46707         30 0.0000e+00
      15729 167.455548      0.796    245.737    14.3783   4.334180     3.0094    244.000 4.8798e-02    14.3418    35.8559  1027.8569    26.7758    4.46750         27 0.0000e+00
      15786 167.455575      0.466    246.749    14.3799   4.334500     3.0096    245.000 4.8236e-02    14.3432    35.8570  1027.8618    26.7763    4.46834         40 0.0000e+00
      15845 167.455604      0.488    247.758    14.4310   4.342548     3.0138    246.000 4.9020e-02    14.3941    35.8838  1027.8757    26.7861    4.47190         30 0.0000e+00
      15897 167.455629      0.432    248.761    14.5525   4.359205     3.0302    247.000 4.8935e-02    14.5153    35.9248  1027.8850    26.7915    4.49240         50 0.0000e+00
      15930 167.455645      0.638    249.777    14.6449   4.372730     3.0466    248.000 4.8783e-02    14.6073    35.9636  1027.8989    26.8015    4.51540         23 0.0000e+00
      15952 167.455655      0.989    250.780    14.6623   4.374623     3.0523    249.000 4.8416e-02    14.6245    35.9646  1027.9002    26.7985    4.52540         25 0.0000e+00
      15987 167.455672      0.819    251.781    14.6642   4.374868     3.0583    250.000 4.9392e-02    14.6263    35.9647  1027.9042    26.7982    4.53741         37 0.0000e+00
      16055 167.455705      0.238    252.807    14.6763   4.376652     3.0673    251.000 4.9170e-02    14.6382    35.9695  1027.9098    26.7994    4.55418         43 0.0000e+00
      16081 167.455718      0.716    253.804    14.6771   4.376795     3.0681    252.000 4.8274e-02    14.6388    35.9697  1027.9142    26.7993    4.55621         25 0.0000e+00
      16111 167.455732      0.835    254.807    14.6715   4.376037     3.0688    253.000 4.8734e-02    14.6331    35.9675  1027.9181    26.7989    4.55871         40 0.0000e+00
      16161 167.455756      0.464    255.824    14.6475   4.373019     3.0690    254.000 4.8767e-02    14.6090    35.9614  1027.9233    26.7994    4.56204         49 0.0000e+00
      16204 167.455777      0.563    256.829    14.6474   4.373470     3.0705    255.000 4.9109e-02    14.6087    35.9652  1027.9307    26.8025    4.56540         39 0.0000e+00
      16245 167.455797      0.585    257.832    14.6468   4.373353     3.0707    256.000 4.8837e-02    14.6080    35.9644  1027.9346    26.8020    4.56652         44 0.0000e+00
      16287 167.455817      0.567    258.846    14.6094   4.368692     3.0689    257.000 4.9151e-02    14.5705    35.9556  1027.9406    26.8033    4.56726         37 0.0000e+00
      16322 167.455834      0.675    259.850    14.5684   4.363555     3.0649    258.000 4.8838e-02    14.5294    35.9457  1027.9466    26.8047    4.56422         35 0.0000e+00
      16358 167.455851      0.681    260.861    14.5341   4.359546     3.0616    259.000 4.8451e-02    14.4950    35.9400  1027.9542    26.8077    4.56153         35 0.0000e+00
      16388 167.455866      0.751    261.869    14.5310   4.359265     3.0592    260.000 4.7752e-02    14.4918    35.9399  1027.9593    26.8083    4.55783         27 0.0000e+00
      16420 167.455881      0.785    262.869    14.5133   4.357100     3.0588    261.000 4.8207e-02    14.4739    35.9359  1027.9645    26.8091    4.55936         41 0.0000e+00
      16473 167.455907      0.401    263.885    14.4845   4.353785     3.0543    262.000 4.9218e-02    14.4451    35.9314  1027.9719    26.8119    4.55408         45 0.0000e+00
      16507 167.455923      0.661    264.890    14.4588   4.350618     3.0503    263.000 4.8019e-02    14.4193    35.9256  1027.9775    26.8129    4.54932         31 0.0000e+00
      16540 167.455939      0.750    265.895    14.4342   4.347717     3.0464    264.000 4.8696e-02    14.3946    35.9211  1027.9839    26.8148    4.54470         34 0.0000e+00
      16577 167.455957      0.624    266.905    14.4214   4.346088     3.0419    265.000 4.9531e-02    14.3816    35.9175  1027.9885    26.8149    4.53786         30 0.0000e+00
      16603 167.455969      0.850    267.914    14.4051   4.344024     3.0387    266.000 4.8261e-02    14.3652    35.9131  1027.9931    26.8150    4.53390         24 0.0000e+00
      16633 167.455984      0.884    268.911    14.3757   4.340482     3.0359    267.000 4.8625e-02    14.3358    35.9070  1027.9993    26.8167    4.53172         33 0.0000e+00
      16701 167.456017      0.251    269.944    14.2968   4.331137     3.0238    268.000 4.8430e-02    14.2569    35.8931  1028.0105    26.8229    4.51618         37 0.0000e+00
      16727 167.456029      0.720    270.930    14.2947   4.331014     3.0223    269.000 4.9697e-02    14.2546    35.8935  1028.0156    26.8236    4.51408         25 0.0000e+00
      16764 167.456047      0.723    271.943    14.2944   4.331203     3.0227    270.000 4.8974e-02    14.2542    35.8951  1028.0214    26.8250    4.51540         46 0.0000e+00
      16808 167.456068      0.518    272.953    14.2940   4.331331     3.0249    271.000 4.8583e-02    14.2536    35.8963  1028.0268    26.8260    4.52044         35 0.0000e+00
      16840 167.456084      0.740    273.958    14.2934   4.331346     3.0269    272.000 4.8167e-02    14.2528    35.8966  1028.0316    26.8264    4.52489         29 0.0000e+00
      16879 167.456103      0.637    274.970    14.2939   4.331485     3.0255    273.000 4.8881e-02    14.2531    35.8970  1028.0363    26.8267    4.52285         41 0.0000e+00
      16913 167.456119      0.678    275.978    14.2923   4.331374     3.0264    274.000 4.8409e-02    14.2515    35.8970  1028.0411    26.8270    4.52533         29 0.0000e+00
      16946 167.456135      0.758    276.981    14.2884   4.330972     3.0286    275.000 4.8637e-02    14.2474    35.8965  1028.0460    26.8275    4.53056         36 0.0000e+00
