jupyter/NEMEA/cnv_final/cnv_final/out_dMCTV011.cnv
* Sea-Bird SBE 9 Data File:
* FileName = D:\ACEX\brutos\MCTV011.hex
* Software Version Seasave V 7.17
* Temperature SN = 4821
* Conductivity SN = 3367
* Number of Bytes Per Scan = 21
* Number of Voltage Words = 3
* Number of Scans Averaged by the Deck Unit = 1
* NMEA UTC (Time) = Jun 14 2012 13:21:17
* NMEA Longitude =  046  28.96W
* NMEA Latitude =  27 00.12 S
** H38 
** NHo Cruzeiro do Sul 
** 222 
** MCTV ACEx 
**   011
**   27 00.12 S
**   046  28.96W
**   14/06/2012 16:20Z
**   409
** 9P46375-0882 
**   1T Germano Filho
# nquan = 16
# nvalues = 383                         
# units = specified
# name 0 = scan: Scan Count
# name 1 = timeJ: Julian Days
# name 2 = dz/dtM: Descent Rate [m/s]
# name 3 = prDM: Pressure, Digiquartz [db]
# name 4 = t090C: Temperature [ITS-90, deg C]
# name 5 = c0S/m: Conductivity [S/m]
# name 6 = sbeox0V: Oxygen Voltage, SBE 43
# name 7 = depSM: Depth [salt water, m]
# name 8 = flSP: Fluorescence, Seapoint
# name 9 = potemp090C: Potential Temperature [ITS-90, deg C]
# name 10 = sal00: Salinity [PSU]
# name 11 = density00: Density [density, Kg/m^3]
# name 12 = sigma-é00: Density [sigma-theta, Kg/m^3]
# name 13 = sbeox0ML/L: Oxygen, SBE 43 [ml/l], WS = 2
# name 14 = nbin: number of scans per bin
# name 15 = flag: flag
# span 0 =       4442,      16020       
# span 1 = 166.558588, 166.564172       
# span 2 =     -0.005,      1.733       
# span 3 =      5.039,    389.874       
# span 4 =    12.2989,    23.2553       
# span 5 =   4.106598,   5.424422       
# span 6 =     1.7737,     3.4549       
# span 7 =      5.000,    387.000       
# span 8 = 4.7874e-02, 3.3124e-01       
# span 9 =    12.2468,    23.2542       
# span 10 =    35.5770,    37.3241      
# span 11 =  1025.6205,  1028.8029      
# span 12 =    25.5990,    27.0742      
# span 13 =    2.20776,    4.41001      
# span 14 =          8,         46      
# span 15 = 0.0000e+00, 0.0000e+00      
# interval = meters: 1                  
# start_time = Jun 14 2012 13:21:17
# bad_flag = -9.990e-29
*END*
[from data line 272]
      10778 166.561644      0.847    279.010    14.0112   4.291230     2.9338    277.000 5.0343e-02    13.9705    35.7831  1028.0279    26.7988    4.37401         22 0.0000e+00
      10797 166.561653      1.079    280.012    14.0038   4.290503     2.9344    278.000 4.8952e-02    13.9629    35.7827  1028.0337    26.8002    4.37639         18 0.0000e+00
      10814 166.561661      1.300    281.015    14.0015   4.290273     2.9363    279.000 4.9448e-02    13.9604    35.7823  1028.0383    26.8004    4.38101         16 0.0000e+00
      10833 166.561670      1.361    282.022    13.9992   4.290010     2.9360    280.000 4.9389e-02    13.9581    35.7815  1028.0426    26.8002    4.38118         20 0.0000e+00
      10852 166.561680      1.304    283.030    13.9841   4.288288     2.9354    281.000 4.9209e-02    13.9428    35.7791  1028.0485    26.8016    4.38189         20 0.0000e+00
      10874 166.561690      1.189    284.038    13.9786   4.287794     2.9350    282.000 4.8944e-02    13.9371    35.7792  1028.0542    26.8029    4.38230         23 0.0000e+00
      10899 166.561703      1.030    285.044    13.9767   4.287631     2.9335    283.000 4.9318e-02    13.9351    35.7790  1028.0589    26.8032    4.38014         28 0.0000e+00
      10930 166.561718      0.835    286.055    13.9723   4.287185     2.9319    284.000 4.9397e-02    13.9306    35.7785  1028.0640    26.8037    4.37790         35 0.0000e+00
      10964 166.561734      0.705    287.067    13.9538   4.284928     2.9313    285.000 4.9219e-02    13.9120    35.7742  1028.0691    26.8043    4.37906         29 0.0000e+00
      10991 166.561746      0.835    288.075    13.9316   4.282480     2.9291    286.000 5.0268e-02    13.8897    35.7714  1028.0762    26.8069    4.37733         22 0.0000e+00
      11013 166.561757      0.998    289.080    13.9064   4.279654     2.9283    287.000 4.9143e-02    13.8643    35.7681  1028.0836    26.8096    4.37859         23 0.0000e+00
      11036 166.561769      1.061    290.085    13.8772   4.276421     2.9286    288.000 4.8843e-02    13.8351    35.7645  1028.0915    26.8130    4.38249         24 0.0000e+00
      11064 166.561782      0.959    291.093    13.8437   4.272703     2.9265    289.000 4.9424e-02    13.8015    35.7604  1028.1000    26.8169    4.38190         31 0.0000e+00
      11097 166.561798      0.749    292.105    13.7976   4.267590     2.9248    290.000 4.9349e-02    13.7554    35.7550  1028.1103    26.8224    4.38335         36 0.0000e+00
      11130 166.561814      0.704    293.119    13.7820   4.265954     2.9250    291.000 4.9196e-02    13.7396    35.7538  1028.1172    26.8248    4.38569         27 0.0000e+00
      11153 166.561825      0.895    294.120    13.7743   4.265053     2.9248    292.000 4.9556e-02    13.7318    35.7521  1028.1219    26.8251    4.38656         22 0.0000e+00
      11176 166.561836      1.072    295.125    13.7605   4.263590     2.9246    293.000 4.9853e-02    13.7179    35.7508  1028.1283    26.8270    4.38801         24 0.0000e+00
      11203 166.561849      0.964    296.137    13.7427   4.261826     2.9264    294.000 4.9489e-02    13.7000    35.7504  1028.1363    26.8304    4.39370         28 0.0000e+00
      11230 166.561862      0.896    297.144    13.7327   4.260862     2.9277    295.000 4.9169e-02    13.6899    35.7502  1028.1428    26.8324    4.39782         26 0.0000e+00
      11256 166.561875      0.917    298.152    13.7269   4.260320     2.9304    296.000 4.9021e-02    13.6840    35.7501  1028.1484    26.8336    4.40412         27 0.0000e+00
      11285 166.561888      0.870    299.160    13.7238   4.260058     2.9315    297.000 4.9534e-02    13.6807    35.7502  1028.1536    26.8343    4.40730         30 0.0000e+00
      11313 166.561902      0.842    300.171    13.7103   4.258505     2.9310    298.000 4.9165e-02    13.6671    35.7477  1028.1590    26.8352    4.40809         26 0.0000e+00
      11337 166.561914      0.923    301.178    13.6504   4.251624     2.9289    299.000 4.8889e-02    13.6072    35.7384  1028.1691    26.8405    4.41001         23 0.0000e+00
      11359 166.561924      1.042    302.184    13.6043   4.246103     2.9243    300.000 4.9504e-02    13.5610    35.7290  1028.1761    26.8428    4.40585         22 0.0000e+00
      11383 166.561936      1.073    303.190    13.5611   4.241653     2.9203    301.000 4.9605e-02    13.5177    35.7270  1028.1883    26.8503    4.40233         24 0.0000e+00
      11409 166.561948      0.962    304.199    13.5528   4.240729     2.9159    302.000 4.9472e-02    13.5093    35.7256  1028.1934    26.8510    4.39503         27 0.0000e+00
      11436 166.561961      0.907    305.209    13.5396   4.239077     2.9101    303.000 5.0065e-02    13.4960    35.7220  1028.1979    26.8509    4.38521         26 0.0000e+00
      11461 166.561974      0.936    306.217    13.5237   4.237476     2.9069    304.000 4.9500e-02    13.4800    35.7213  1028.2052    26.8537    4.38102         26 0.0000e+00
      11487 166.561986      0.946    307.226    13.4997   4.234473     2.9052    305.000 4.8995e-02    13.4559    35.7149  1028.2098    26.8537    4.38042         26 0.0000e+00
      11511 166.561998      0.969    308.233    13.4630   4.230492     2.9034    306.000 4.9170e-02    13.4192    35.7112  1028.2192    26.8584    4.38068         22 0.0000e+00
      11534 166.562009      1.024    309.242    13.4437   4.228322     2.9019    307.000 4.9059e-02    13.3998    35.7083  1028.2255    26.8602    4.38019         22 0.0000e+00
      11555 166.562019      1.086    310.248    13.4368   4.227586     2.9008    308.000 4.9528e-02    13.3927    35.7074  1028.2308    26.8609    4.37922         21 0.0000e+00
      11576 166.562029      1.138    311.254    13.4237   4.225987     2.8980    309.000 4.9708e-02    13.3795    35.7041  1028.2354    26.8611    4.37548         21 0.0000e+00
      11598 166.562040      1.134    312.263    13.3997   4.223263     2.8929    310.000 4.8861e-02    13.3554    35.7004  1028.2421    26.8632    4.36803         23 0.0000e+00
      11623 166.562051      1.055    313.269    13.3804   4.221244     2.8913    311.000 4.9080e-02    13.3361    35.6988  1028.2494    26.8660    4.36720         25 0.0000e+00
      11651 166.562065      0.913    314.281    13.3611   4.219062     2.8921    312.000 5.0110e-02    13.3166    35.6959  1028.2557    26.8677    4.37116         30 0.0000e+00
      11680 166.562079      0.827    315.291    13.3460   4.217317     2.8904    313.000 4.9182e-02    13.3014    35.6930  1028.2611    26.8686    4.36966         27 0.0000e+00
      11706 166.562091      0.891    316.298    13.3095   4.213157     2.8873    314.000 4.9310e-02    13.2648    35.6874  1028.2690    26.8717    4.36741         26 0.0000e+00
      11730 166.562103      0.972    317.305    13.2799   4.209805     2.8828    315.000 4.9265e-02    13.2352    35.6828  1028.2761    26.8743    4.36179         23 0.0000e+00
      11755 166.562115      0.993    318.313    13.2536   4.206979     2.8804    316.000 4.9216e-02    13.2088    35.6802  1028.2841    26.8776    4.35992         26 0.0000e+00
      11779 166.562127      0.970    319.323    13.2467   4.206261     2.8784    317.000 4.9428e-02    13.2018    35.6794  1028.2894    26.8784    4.35718         23 0.0000e+00
      11803 166.562139      0.991    320.328    13.2424   4.205806     2.8777    318.000 4.9127e-02    13.1973    35.6788  1028.2943    26.8789    4.35668         25 0.0000e+00
      11828 166.562150      0.993    321.336    13.2370   4.205245     2.8767    319.000 4.9084e-02    13.1918    35.6780  1028.2993    26.8794    4.35575         25 0.0000e+00
      11854 166.562163      0.959    322.349    13.2327   4.204811     2.8746    320.000 4.9486e-02    13.1873    35.6775  1028.3043    26.8800    4.35258         25 0.0000e+00
      11877 166.562174      0.983    323.356    13.2310   4.204689     2.8753    321.000 4.9661e-02    13.1855    35.6775  1028.3091    26.8803    4.35475         21 0.0000e+00
      11898 166.562184      1.095    324.355    13.2300   4.204598     2.8759    322.000 4.9618e-02    13.1843    35.6772  1028.3135    26.8803    4.35661         22 0.0000e+00
      11921 166.562195      1.088    325.374    13.2243   4.203800     2.8748    323.000 4.9153e-02    13.1785    35.6745  1028.3171    26.8794    4.35544         23 0.0000e+00
      11943 166.562206      1.079    326.383    13.1933   4.200349     2.8749    324.000 4.8228e-02    13.1475    35.6703  1028.3249    26.8825    4.35905         20 0.0000e+00
      11962 166.562215      1.162    327.383    13.1808   4.199155     2.8746    325.000 4.9688e-02    13.1349    35.6702  1028.3319    26.8850    4.36022         20 0.0000e+00
      11982 166.562225      1.218    328.394    13.1779   4.198888     2.8729    326.000 4.7874e-02    13.1318    35.6700  1028.3368    26.8855    4.35762         19 0.0000e+00
      12003 166.562235      1.220    329.398    13.1760   4.198677     2.8713    327.000 4.8818e-02    13.1298    35.6693  1028.3411    26.8853    4.35516         23 0.0000e+00
      12027 166.562246      1.101    330.406    13.1710   4.198172     2.8708    328.000 4.8885e-02    13.1246    35.6689  1028.3463    26.8860    4.35519         26 0.0000e+00
      12056 166.562260      0.873    331.421    13.1616   4.197161     2.8697    329.000 4.9975e-02    13.1152    35.6676  1028.3517    26.8870    4.35444         29 0.0000e+00
      12084 166.562274      0.819    332.432    13.1503   4.195853     2.8673    330.000 4.9452e-02    13.1037    35.6653  1028.3569    26.8875    4.35132         27 0.0000e+00
      12108 166.562285      0.948    333.434    13.1388   4.194721     2.8663    331.000 4.9265e-02    13.0921    35.6649  1028.3634    26.8896    4.35098         23 0.0000e+00
      12132 166.562297      1.014    334.442    13.1362   4.194449     2.8664    332.000 4.8984e-02    13.0894    35.6643  1028.3680    26.8897    4.35195         26 0.0000e+00
      12157 166.562309      0.980    335.455    13.1310   4.193936     2.8656    333.000 4.9158e-02    13.0840    35.6639  1028.3732    26.8905    4.35141         23 0.0000e+00
      12179 166.562320      1.020    336.462    13.1264   4.193402     2.8663    334.000 4.9425e-02    13.0793    35.6627  1028.3777    26.8904    4.35381         21 0.0000e+00
      12200 166.562330      1.126    337.470    13.1156   4.192149     2.8666    335.000 4.8779e-02    13.0684    35.6605  1028.3827    26.8909    4.35605         20 0.0000e+00
      12219 166.562339      1.214    338.476    13.0861   4.188484     2.8645    336.000 4.9342e-02    13.0388    35.6528  1028.3874    26.8910    4.35525         19 0.0000e+00
      12237 166.562348      1.279    339.483    13.0458   4.184289     2.8636    337.000 4.9316e-02    12.9985    35.6503  1028.3983    26.8972    4.35758         18 0.0000e+00
      12256 166.562357      1.295    340.490    13.0366   4.183490     2.8626    338.000 4.9087e-02    12.9891    35.6509  1028.4052    26.8996    4.35696         20 0.0000e+00
      12277 166.562367      1.215    341.497    13.0329   4.183088     2.8629    339.000 4.9007e-02    12.9853    35.6501  1028.4098    26.8997    4.35843         22 0.0000e+00
      12302 166.562379      1.070    342.505    13.0293   4.182671     2.8627    340.000 4.9096e-02    12.9815    35.6491  1028.4142    26.8997    4.35903         24 0.0000e+00
      12329 166.562392      0.928    343.514    13.0200   4.181766     2.8619    341.000 4.9389e-02    12.9721    35.6487  1028.4204    26.9013    4.35876         29 0.0000e+00
      12359 166.562406      0.837    344.526    13.0147   4.181177     2.8603    342.000 4.9696e-02    12.9668    35.6476  1028.4251    26.9015    4.35670         30 0.0000e+00
      12386 166.562420      0.840    345.538    13.0083   4.180509     2.8600    343.000 4.8533e-02    12.9602    35.6469  1028.4304    26.9023    4.35731         25 0.0000e+00
      12409 166.562431      0.964    346.545    12.9992   4.179501     2.8594    344.000 4.8665e-02    12.9510    35.6453  1028.4355    26.9030    4.35752         21 0.0000e+00
      12429 166.562440      1.122    347.552    12.9979   4.179408     2.8584    345.000 4.9677e-02    12.9496    35.6452  1028.4402    26.9032    4.35609         19 0.0000e+00
      12449 166.562450      1.213    348.555    12.9894   4.178409     2.8567    346.000 4.9024e-02    12.9410    35.6433  1028.4449    26.9034    4.35417         21 0.0000e+00
      12471 166.562460      1.180    349.559    12.9664   4.175717     2.8558    347.000 4.9627e-02    12.9179    35.6388  1028.4506    26.9045    4.35503         23 0.0000e+00
      12499 166.562474      0.949    350.573    12.9449   4.173439     2.8538    348.000 5.0808e-02    12.8962    35.6368  1028.4581    26.9074    4.35357         32 0.0000e+00
      12529 166.562488      0.804    351.587    12.9062   4.168936     2.8514    349.000 4.9574e-02    12.8575    35.6297  1028.4651    26.9097    4.35276         28 0.0000e+00
      12554 166.562500      0.895    352.595    12.8775   4.165856     2.8507    350.000 4.8888e-02    12.8287    35.6268  1028.4733    26.9132    4.35465         22 0.0000e+00
      12575 166.562511      1.039    353.601    12.8648   4.164546     2.8505    351.000 4.9153e-02    12.8159    35.6258  1028.4796    26.9150    4.35595         20 0.0000e+00
      12595 166.562520      1.164    354.612    12.8577   4.163788     2.8493    352.000 4.9162e-02    12.8087    35.6247  1028.4847    26.9156    4.35475         19 0.0000e+00
      12614 166.562529      1.247    355.611    12.8551   4.163585     2.8489    353.000 4.9022e-02    12.8059    35.6249  1028.4898    26.9163    4.35473         20 0.0000e+00
      12634 166.562539      1.238    356.619    12.8493   4.162889     2.8499    354.000 4.8845e-02    12.8000    35.6232  1028.4942    26.9162    4.35786         23 0.0000e+00
      12661 166.562552      1.031    357.631    12.8409   4.162054     2.8503    355.000 4.9422e-02    12.7915    35.6227  1028.5000    26.9175    4.36008         32 0.0000e+00
      12692 166.562567      0.775    358.644    12.8348   4.161441     2.8492    356.000 4.9025e-02    12.7852    35.6222  1028.5054    26.9183    4.35906         26 0.0000e+00
      12717 166.562579      0.897    359.651    12.8156   4.159099     2.8483    357.000 4.9713e-02    12.7660    35.6173  1028.5101    26.9184    4.35964         24 0.0000e+00
      12740 166.562590      1.002    360.657    12.8036   4.157964     2.8480    358.000 4.8995e-02    12.7539    35.6173  1028.5170    26.9208    4.36065         23 0.0000e+00
      12763 166.562601      1.047    361.667    12.7885   4.156190     2.8462    359.000 4.8835e-02    12.7387    35.6141  1028.5221    26.9214    4.35893         22 0.0000e+00
      12786 166.562613      1.053    362.668    12.7753   4.154772     2.8451    360.000 4.9042e-02    12.7253    35.6125  1028.5281    26.9228    4.35858         24 0.0000e+00
      12815 166.562627      0.925    363.681    12.7649   4.153713     2.8452    361.000 4.8947e-02    12.7149    35.6117  1028.5341    26.9243    4.36018         35 0.0000e+00
      12848 166.562642      0.726    364.688    12.7467   4.151594     2.8441    362.000 4.9212e-02    12.6966    35.6081  1028.5395    26.9251    4.36033         32 0.0000e+00
      12880 166.562658      0.755    365.710    12.7336   4.150320     2.8441    363.000 4.9115e-02    12.6834    35.6077  1028.5465    26.9275    4.36210         26 0.0000e+00
      12902 166.562668      0.915    366.704    12.7321   4.150157     2.8437    364.000 4.9074e-02    12.6817    35.6072  1028.5507    26.9274    4.36191         21 0.0000e+00
      12924 166.562679      1.114    367.717    12.7301   4.149972     2.8423    365.000 4.9587e-02    12.6796    35.6069  1028.5554    26.9275    4.35990         21 0.0000e+00
