jupyter/NEMEA/cnv_final/cnv_final/out_dMCTV013.cnv
* Sea-Bird SBE 9 Data File:
* FileName = D:\ACEX\brutos\MCTV013.hex
* Software Version Seasave V 7.17
* Temperature SN = 4821
* Conductivity SN = 3367
* Number of Bytes Per Scan = 21
* Number of Voltage Words = 3
* Number of Scans Averaged by the Deck Unit = 1
* NMEA UTC (Time) = Jun 15 2012 10:45:04
* NMEA Longitude =  047 50.440W
* NMEA Latitude =  29 30.186S
** H38 
** NHo Cruzeiro do Sul 
** 222 
** MCTV ACEx 
**   013
**   29 30.186S
**   047 50.440W
**   13/06/2012 13:45Z
**   509
** 9P46375-0882 
**   PESQ. CATARINA CECILIO
# nquan = 16
# nvalues = 381                         
# units = specified
# name 0 = scan: Scan Count
# name 1 = timeJ: Julian Days
# name 2 = dz/dtM: Descent Rate [m/s]
# name 3 = prDM: Pressure, Digiquartz [db]
# name 4 = t090C: Temperature [ITS-90, deg C]
# name 5 = c0S/m: Conductivity [S/m]
# name 6 = sbeox0V: Oxygen Voltage, SBE 43
# name 7 = depSM: Depth [salt water, m]
# name 8 = flSP: Fluorescence, Seapoint
# name 9 = potemp090C: Potential Temperature [ITS-90, deg C]
# name 10 = sal00: Salinity [PSU]
# name 11 = density00: Density [density, Kg/m^3]
# name 12 = sigma-é00: Density [sigma-theta, Kg/m^3]
# name 13 = sbeox0ML/L: Oxygen, SBE 43 [ml/l], WS = 2
# name 14 = nbin: number of scans per bin
# name 15 = flag: flag
# span 0 =       4832,      21635       
# span 1 = 167.450293, 167.458395       
# span 2 =      0.166,      1.338       
# span 3 =      5.033,    387.587       
# span 4 =    12.1389,    20.7427       
# span 5 =   4.088439,   5.081391       
# span 6 =     2.4961,     3.4962       
# span 7 =      5.000,    385.000       
# span 8 = 4.5438e-02, 3.1238e-01       
# span 9 =    12.0873,    20.7414       
# span 10 =    35.5627,    36.7159      
# span 11 =  1025.8912,  1028.7297      
# span 12 =    25.8687,    27.0096      
# span 13 =    3.62440,    4.68779      
# span 14 =          1,         65      
# span 15 = 0.0000e+00, 0.0000e+00      
# interval = meters: 1                  
# start_time = Jun 15 2012 10:45:04
# bad_flag = -9.990e-29
*END*
       4832 167.450293      0.576      5.033    20.7412   5.078861     3.4945      5.000 8.7851e-02    20.7402    36.7129  1025.8912    25.8696    4.62842         33 0.0000e+00
       4920 167.450335      0.255      6.038    20.7420   5.078963     3.4932      6.000 8.7960e-02    20.7408    36.7127  1025.8952    25.8693    4.62680         60 0.0000e+00
       5021 167.450384      0.333      7.044    20.7427   5.079141     3.4919      7.000 8.7518e-02    20.7414    36.7131  1025.8997    25.8694    4.62525         51 0.0000e+00
       5093 167.450418      0.324      8.053    20.7416   5.078882     3.4878      8.000 8.7186e-02    20.7400    36.7116  1025.9033    25.8687    4.61925         65 0.0000e+00
       5148 167.450445      0.444      9.060    20.7380   5.078634     3.4893      9.000 9.1302e-02    20.7363    36.7123  1025.9091    25.8702    4.62259         44 0.0000e+00
       5200 167.450470      0.452     10.066    20.7377   5.078638     3.4927     10.000 9.5390e-02    20.7357    36.7123  1025.9136    25.8704    4.62891         55 0.0000e+00
       5255 167.450497      0.463     11.068    20.7369   5.078577     3.4962     11.000 9.4049e-02    20.7348    36.7121  1025.9180    25.8705    4.63539         42 0.0000e+00
       5351 167.450543      0.254     12.084    20.7358   5.078501     3.4911     12.000 9.7374e-02    20.7335    36.7120  1025.9227    25.8708    4.62762         44 0.0000e+00
       5405 167.450569      0.461     13.082    20.7351   5.078539     3.4888     13.000 9.8906e-02    20.7326    36.7126  1025.9277    25.8715    4.62446         41 0.0000e+00
       5451 167.450591      0.525     14.089    20.7352   5.078599     3.4887     14.000 1.0194e-01    20.7325    36.7126  1025.9320    25.8715    4.62491         54 0.0000e+00
       5521 167.450625      0.306     15.104    20.7373   5.078940     3.4875     15.000 1.0290e-01    20.7344    36.7132  1025.9363    25.8714    4.62337         41 0.0000e+00
       5556 167.450642      0.645     16.096    20.7374   5.079150     3.4926     16.000 1.0250e-01    20.7343    36.7145  1025.9416    25.8724    4.63243         38 0.0000e+00
       5632 167.450679      0.274     17.119    20.7370   5.079001     3.4914     17.000 1.0870e-01    20.7337    36.7132  1025.9452    25.8716    4.63119         44 0.0000e+00
       5672 167.450698      0.584     18.117    20.7364   5.079133     3.4863     18.000 1.0981e-01    20.7330    36.7144  1025.9506    25.8728    4.62337         35 0.0000e+00
       5709 167.450716      0.661     19.125    20.7358   5.079148     3.4865     19.000 1.1316e-01    20.7322    36.7147  1025.9553    25.8732    4.62442         39 0.0000e+00
       5747 167.450734      0.642     20.127    20.7360   5.079188     3.4854     20.000 1.1124e-01    20.7321    36.7145  1025.9595    25.8731    4.62314         38 0.0000e+00
       5837 167.450778      0.234     21.146    20.7363   5.079210     3.4904     21.000 1.1688e-01    20.7322    36.7140  1025.9635    25.8727    4.63201         35 0.0000e+00
       5895 167.450805      0.396     22.138    20.7364   5.079321     3.4879     22.000 1.1920e-01    20.7322    36.7144  1025.9681    25.8730    4.62855         42 0.0000e+00
       5971 167.450842      0.351     23.151    20.7364   5.079353     3.4866     23.000 1.2056e-01    20.7320    36.7144  1025.9725    25.8730    4.62699         28 0.0000e+00
       6052 167.450881      0.279     24.147    20.7367   5.079429     3.4847     24.000 1.2176e-01    20.7321    36.7143  1025.9767    25.8729    4.62435         46 0.0000e+00
       6106 167.450907      0.595     25.157    20.7368   5.079494     3.4857     25.000 1.2230e-01    20.7320    36.7144  1025.9811    25.8731    4.62670         38 0.0000e+00
       6193 167.450949      0.281     26.177    20.7352   5.079217     3.4874     26.000 1.2809e-01    20.7302    36.7132  1025.9850    25.8726    4.63038         48 0.0000e+00
       6232 167.450968      0.594     27.180    20.7354   5.079430     3.4887     27.000 1.2522e-01    20.7303    36.7143  1025.9902    25.8734    4.63301         28 0.0000e+00
       6271 167.450986      0.638     28.177    20.7359   5.079552     3.4847     28.000 1.3099e-01    20.7306    36.7145  1025.9946    25.8735    4.62707         51 0.0000e+00
       6321 167.451011      0.460     29.191    20.7365   5.079563     3.4820     29.000 1.3103e-01    20.7309    36.7138  1025.9982    25.8728    4.62314         44 0.0000e+00
       6366 167.451032      0.551     30.192    20.7336   5.079261     3.4820     30.000 1.3641e-01    20.7278    36.7135  1026.0032    25.8735    4.62396         42 0.0000e+00
       6444 167.451070      0.300     31.209    20.7318   5.079052     3.4797     31.000 1.4133e-01    20.7258    36.7130  1026.0077    25.8736    4.62088         53 0.0000e+00
       6493 167.451094      0.505     32.214    20.7353   5.079573     3.4829     32.000 1.3740e-01    20.7291    36.7138  1026.0118    25.8734    4.62659         39 0.0000e+00
       6527 167.451110      0.662     33.222    20.7355   5.079668     3.4812     33.000 1.3537e-01    20.7291    36.7140  1026.0162    25.8735    4.62437         31 0.0000e+00
       6554 167.451123      0.840     34.226    20.7355   5.079769     3.4806     34.000 1.3786e-01    20.7289    36.7145  1026.0210    25.8739    4.62402         23 0.0000e+00
       6583 167.451137      0.885     35.223    20.7347   5.079711     3.4804     35.000 1.4051e-01    20.7279    36.7143  1026.0254    25.8741    4.62434         40 0.0000e+00
       6665 167.451177      0.353     36.238    20.7344   5.079612     3.4775     36.000 1.4597e-01    20.7275    36.7134  1026.0292    25.8735    4.62022         46 0.0000e+00
       6741 167.451213      0.294     37.249    20.7349   5.079838     3.4759     37.000 1.5393e-01    20.7278    36.7144  1026.0342    25.8742    4.61812         40 0.0000e+00
       6781 167.451233      0.568     38.253    20.7349   5.080009     3.4746     38.000 1.5138e-01    20.7276    36.7154  1026.0393    25.8750    4.61648         25 0.0000e+00
       6810 167.451247      0.824     39.244    20.7350   5.080077     3.4782     39.000 1.5876e-01    20.7275    36.7155  1026.0437    25.8751    4.62309         34 0.0000e+00
       6870 167.451275      0.362     40.268    20.7327   5.079667     3.4754     40.000 1.6336e-01    20.7250    36.7138  1026.0475    25.8745    4.61936         52 0.0000e+00
       6914 167.451297      0.554     41.270    20.7322   5.079648     3.4737     41.000 1.6055e-01    20.7243    36.7138  1026.0519    25.8746    4.61721         45 0.0000e+00
       6969 167.451323      0.429     42.281    20.7321   5.079629     3.4764     42.000 1.6489e-01    20.7240    36.7133  1026.0560    25.8743    4.62239         55 0.0000e+00
       7017 167.451346      0.510     43.286    20.7340   5.080013     3.4754     43.000 1.6388e-01    20.7257    36.7144  1026.0607    25.8748    4.62103         41 0.0000e+00
       7061 167.451368      0.542     44.290    20.7353   5.080283     3.4747     44.000 1.6772e-01    20.7268    36.7152  1026.0653    25.8750    4.62052         44 0.0000e+00
       7111 167.451392      0.486     45.298    20.7355   5.080332     3.4755     45.000 1.6773e-01    20.7268    36.7150  1026.0695    25.8749    4.62232         61 0.0000e+00
       7169 167.451420      0.403     46.311    20.7356   5.080356     3.4722     46.000 1.6899e-01    20.7267    36.7147  1026.0736    25.8747    4.61750         45 0.0000e+00
       7203 167.451436      0.655     47.314    20.7358   5.080569     3.4707     47.000 1.6542e-01    20.7268    36.7159  1026.0788    25.8755    4.61556         31 0.0000e+00
       7241 167.451455      0.662     48.316    20.7359   5.080588     3.4718     48.000 1.6915e-01    20.7267    36.7156  1026.0829    25.8754    4.61803         47 0.0000e+00
       7307 167.451486      0.323     49.327    20.7365   5.080618     3.4715     49.000 1.7723e-01    20.7271    36.7149  1026.0866    25.8747    4.61817         48 0.0000e+00
       7354 167.451509      0.534     50.333    20.7360   5.080696     3.4725     50.000 1.7009e-01    20.7264    36.7156  1026.0916    25.8755    4.62048         39 0.0000e+00
       7392 167.451527      0.632     51.340    20.7360   5.080744     3.4733     51.000 1.7014e-01    20.7262    36.7157  1026.0961    25.8756    4.62243         41 0.0000e+00
       7429 167.451545      0.631     52.346    20.7357   5.080744     3.4734     52.000 1.6961e-01    20.7257    36.7156  1026.1005    25.8756    4.62333         32 0.0000e+00
       7466 167.451563      0.675     53.349    20.7348   5.080637     3.4687     53.000 1.7283e-01    20.7246    36.7151  1026.1047    25.8755    4.61621         45 0.0000e+00
       7531 167.451594      0.331     54.361    20.7349   5.080599     3.4707     54.000 1.7419e-01    20.7245    36.7143  1026.1085    25.8750    4.62007         59 0.0000e+00
       7585 167.451620      0.474     55.367    20.7351   5.080740     3.4638     55.000 1.7099e-01    20.7245    36.7149  1026.1133    25.8754    4.60914         45 0.0000e+00
       7636 167.451645      0.464     56.368    20.7354   5.080789     3.4676     56.000 1.7123e-01    20.7246    36.7147  1026.1174    25.8753    4.61612         51 0.0000e+00
       7686 167.451669      0.484     57.380    20.7353   5.080834     3.4642     57.000 1.7286e-01    20.7244    36.7148  1026.1218    25.8754    4.61107         43 0.0000e+00
       7723 167.451687      0.636     58.392    20.7362   5.081056     3.4659     58.000 1.6856e-01    20.7251    36.7154  1026.1265    25.8757    4.61442         33 0.0000e+00
       7763 167.451706      0.636     59.385    20.7367   5.081114     3.4676     59.000 1.7554e-01    20.7253    36.7152  1026.1305    25.8754    4.61786         39 0.0000e+00
       7839 167.451743      0.283     60.408    20.7357   5.080982     3.4706     60.000 1.7567e-01    20.7242    36.7145  1026.1347    25.8753    4.62368         44 0.0000e+00
       7872 167.451759      0.639     61.402    20.7354   5.081047     3.4691     61.000 1.7255e-01    20.7236    36.7150  1026.1395    25.8758    4.62175         40 0.0000e+00
       7929 167.451786      0.386     62.422    20.7348   5.080962     3.4633     62.000 1.8504e-01    20.7229    36.7144  1026.1436    25.8755    4.61279         53 0.0000e+00
       7963 167.451803      0.638     63.418    20.7357   5.081193     3.4641     63.000 1.6919e-01    20.7236    36.7152  1026.1483    25.8759    4.61469         25 0.0000e+00
       8053 167.451846      0.414     64.431    20.7362   5.081254     3.4658     64.000 1.7424e-01    20.7239    36.7149  1026.1523    25.8756    4.61810         31 0.0000e+00
       8102 167.451870      0.732     65.422    20.7362   5.081316     3.4644     65.000 1.6997e-01    20.7237    36.7150  1026.1567    25.8758    4.61634         37 0.0000e+00
       8153 167.451894      0.460     66.438    20.7361   5.081306     3.4615     66.000 1.7965e-01    20.7234    36.7147  1026.1609    25.8756    4.61221         46 0.0000e+00
       8194 167.451914      0.587     67.443    20.7363   5.081391     3.4635     67.000 1.7015e-01    20.7234    36.7148  1026.1653    25.8757    4.61612         37 0.0000e+00
       8282 167.451957      0.286     68.452    20.7303   5.080514     3.4631     68.000 1.7534e-01    20.7172    36.7125  1026.1696    25.8756    4.61671         48 0.0000e+00
       8345 167.451987      0.427     69.462    20.7223   5.079329     3.4618     69.000 1.7461e-01    20.7090    36.7094  1026.1737    25.8754    4.61584         47 0.0000e+00
       8386 167.452007      0.583     70.470    20.7166   5.078624     3.4624     70.000 1.7708e-01    20.7032    36.7082  1026.1788    25.8761    4.61796         39 0.0000e+00
       8433 167.452029      0.517     71.476    20.7137   5.078262     3.4636     71.000 1.8496e-01    20.7000    36.7074  1026.1834    25.8764    4.62082         59 0.0000e+00
       8490 167.452057      0.433     72.482    20.7209   5.079356     3.4626     72.000 1.7951e-01    20.7070    36.7097  1026.1875    25.8763    4.61916         51 0.0000e+00
       8558 167.452090      0.289     73.499    20.7281   5.080415     3.4608     73.000 1.8069e-01    20.7140    36.7118  1026.1915    25.8759    4.61617         32 0.0000e+00
       8595 167.452107      0.602     74.491    20.7276   5.080444     3.4587     74.000 1.6789e-01    20.7133    36.7120  1026.1962    25.8763    4.61323         30 0.0000e+00
       8626 167.452122      0.783     75.500    20.7285   5.080651     3.4609     75.000 1.7568e-01    20.7141    36.7125  1026.2007    25.8765    4.61746         39 0.0000e+00
       8692 167.452154      0.268     76.519    20.7217   5.079592     3.4567     76.000 1.7659e-01    20.7071    36.7094  1026.2046    25.8760    4.61175         40 0.0000e+00
       8725 167.452170      0.662     77.509    20.7258   5.080255     3.4581     77.000 1.7639e-01    20.7110    36.7110  1026.2090    25.8761    4.61432         30 0.0000e+00
       8766 167.452190      0.607     78.520    20.7208   5.079532     3.4611     78.000 1.8086e-01    20.7058    36.7090  1026.2132    25.8760    4.62038         45 0.0000e+00
       8806 167.452209      0.570     79.535    20.7132   5.078269     3.4630     79.000 1.7448e-01    20.6981    36.7049  1026.2166    25.8750    4.62498         30 0.0000e+00
       8832 167.452222      0.845     80.532    20.6848   5.074364     3.4638     80.000 1.7992e-01    20.6695    36.6974  1026.2229    25.8770    4.62936         24 0.0000e+00
       8890 167.452250      0.473     81.545    20.6750   5.073084     3.4580     81.000 1.9025e-01    20.6595    36.6950  1026.2282    25.8780    4.62123         36 0.0000e+00
       8946 167.452277      0.479     82.552    20.6705   5.072510     3.4582     82.000 1.8202e-01    20.6548    36.6939  1026.2329    25.8784    4.62259         26 0.0000e+00
       8972 167.452289      0.844     83.544    20.6618   5.071562     3.4575     83.000 1.8868e-01    20.6458    36.6934  1026.2392    25.8804    4.62266         29 0.0000e+00
       9015 167.452310      0.577     84.561    20.6602   5.071487     3.4557     84.000 1.9450e-01    20.6441    36.6937  1026.2443    25.8811    4.62049         42 0.0000e+00
       9051 167.452327      0.644     85.564    20.6593   5.071432     3.4558     85.000 1.8793e-01    20.6430    36.6937  1026.2489    25.8814    4.62137         30 0.0000e+00
       9105 167.452353      0.427     86.563    20.6591   5.071391     3.4552     86.000 2.1624e-01    20.6426    36.6932  1026.2530    25.8812    4.62092         44 0.0000e+00
       9148 167.452374      0.570     87.589    20.6428   5.069331     3.4546     87.000 1.8497e-01    20.6262    36.6901  1026.2595    25.8833    4.62202         33 0.0000e+00
       9181 167.452390      0.722     88.592    20.5840   5.062487     3.4541     88.000 1.9056e-01    20.5672    36.6849  1026.2759    25.8953    4.62674         38 0.0000e+00
       9227 167.452412      0.528     89.603    20.5019   5.052408     3.4380     89.000 2.0652e-01    20.4849    36.6734  1026.2938    25.9087    4.60724         45 0.0000e+00
       9268 167.452432      0.577     90.597    20.0899   5.005936     3.4242     90.000 2.5905e-01    20.0730    36.6499  1026.3914    26.0015    4.61870         34 0.0000e+00
       9313 167.452454      0.543     91.609    19.7039   4.961674     3.4165     91.000 2.9984e-01    19.6870    36.6206  1026.4762    26.0814    4.63871         48 0.0000e+00
       9359 167.452476      0.532     92.618    19.6187   4.953084     3.4157     92.000 2.9795e-01    19.6017    36.6235  1026.5053    26.1060    4.64496         41 0.0000e+00
       9398 167.452494      0.612     93.629    19.5196   4.941093     3.4144     93.000 3.0229e-01    19.5024    36.6102  1026.5258    26.1220    4.65183         33 0.0000e+00
       9439 167.452514      0.595     94.630    19.3371   4.921054     3.4132     94.000 3.1238e-01    19.3199    36.6029  1026.5724    26.1640    4.66591         42 0.0000e+00
