jupyter/NEMEA/cnv_final/cnv_final/out_dMCTV025a.cnv
* Sea-Bird SBE 19plus V2 Data File:
* FileName = D:\ACEX_ctd\brutos\MCTV025a.hex
* Software Version Seasave V 7.17
* Temperature SN = 6161
* Conductivity SN = 6161
* System UpLoad Time = Jun 19 2012 10:59:36
* NMEA UTC (Time) = Jun 19 2012 10:59:36
* NMEA Longitude =  051 07.44 W
* NMEA Latitude =  33 46.65 S
** H38 
** NHo Cruzeiro do Sul 
** 222 
** MCT V 
**   025a
**   33 46.65 S
**   051 07.44 W
**   19/06/2012 13:13 Z
**   670
** 9P46375-0882 
**   CT Fernandes
# nquan = 14
# nvalues = 461                         
# units = specified
# name 0 = scan: Scan Count
# name 1 = timeJ: Julian Days
# name 2 = dz/dtM: Descent Rate [m/s]
# name 3 = prdM: Pressure, Strain Gauge [db]
# name 4 = tv290C: Temperature [ITS-90, deg C]
# name 5 = c0S/m: Conductivity [S/m]
# name 6 = depSM: Depth [salt water, m]
# name 7 = oxsatML/L: Oxygen Saturation [ml/l]
# name 8 = flSP: Fluorescence, Seapoint
# name 9 = potemp090C: Potential Temperature [ITS-90, deg C]
# name 10 = sal00: Salinity [PSU]
# name 11 = density00: Density [density, Kg/m^3]
# name 12 = oxsatML/L: Oxygen Saturation [ml/l]
# name 13 = flag: flag
# span 0 =       1721,       5252       
# span 1 = 171.463033, 171.473249       
# span 2 =     -0.167,      1.698       
# span 3 =      2.017,    464.795       
# span 4 =     7.4711,    20.3826       
# span 5 =   3.548377,   4.995159       
# span 6 =      2.000,    462.000       
# span 7 =    5.08935,    6.70892       
# span 8 = 2.2441e-02, 4.8890e+00       
# span 9 =     7.4254,    20.3693       
# span 10 =    34.5028,    36.3399      
# span 11 =  1025.2551,  1029.0895      
# span 12 =    5.08928,    6.70899      
# span 13 = 0.0000e+00, 0.0000e+00      
# interval = meters: 1                  
# start_time = Jun 19 2012 10:59:36
# bad_flag = -9.990e-29
*END*
[from data line 207]
       3575 171.468397      1.170    210.088    15.5304   4.410761    209.000    5.60987 4.8833e+00    15.4977    35.5177  1027.1809    5.60998 0.0000e+00
       3582 171.468416      0.768    211.119    15.4071   4.402926    210.000    5.62222 4.8832e+00    15.3743    35.5579  1027.2445    5.62240 0.0000e+00
       3595 171.468454      0.217    212.567    15.3276   4.392723    211.000    5.63193 4.8834e+00    15.2948    35.5368  1027.2527    5.63204 0.0000e+00
       3599 171.468467      0.700    213.494    15.2849   4.389941    212.000    5.63620 4.8832e+00    15.2519    35.5499  1027.2766    5.63640 0.0000e+00
       3603 171.468477      0.974    214.361    15.2574   4.385958    213.000    5.63978 4.8831e+00    15.2244    35.5383  1027.2776    5.63989 0.0000e+00
       3606 171.468486      1.213    215.140    15.2333   4.384374    214.000    5.64218 4.8830e+00    15.2002    35.5455  1027.2921    5.64237 0.0000e+00
       3609 171.468496      1.242    215.974    15.2150   4.382149    215.000    5.64440 4.8832e+00    15.1819    35.5415  1027.2968    5.64456 0.0000e+00
       3622 171.468533      0.055    217.500    15.1762   4.378670    216.000    5.64871 4.8833e+00    15.1428    35.5445  1027.3147    5.64886 0.0000e+00
       3628 171.468550      0.691    218.481    15.1475   4.374172    217.000    5.65249 4.8833e+00    15.1140    35.5292  1027.3137    5.65263 0.0000e+00
       3632 171.468561      1.037    219.281    15.1215   4.371178    218.000    5.65559 4.8833e+00    15.0879    35.5252  1027.3200    5.65571 0.0000e+00
       3635 171.468571      1.169    220.125    15.0971   4.368743    219.000    5.65835 4.8833e+00    15.0635    35.5248  1027.3289    5.65849 0.0000e+00
       3642 171.468592      0.671    221.229    15.0657   4.365859    220.000    5.66185 4.8832e+00    15.0319    35.5266  1027.3422    5.66200 0.0000e+00
       3653 171.468622      0.332    222.568    15.0220   4.359637    221.000    5.66746 4.8833e+00    14.9881    35.5090  1027.3444    5.66757 0.0000e+00
       3657 171.468634      0.739    223.431    14.9857   4.355428    222.000    5.67175 4.8833e+00    14.9517    35.5032  1027.3519    5.67191 0.0000e+00
       3661 171.468646      0.974    224.297    14.9418   4.349032    223.000    5.67745 4.8833e+00    14.9077    35.4844  1027.3510    5.67758 0.0000e+00
       3666 171.468659      0.940    225.242    14.8851   4.343639    224.000    5.68379 4.8834e+00    14.8510    35.4861  1027.3692    5.68399 0.0000e+00
       3672 171.468679      0.622    226.375    14.8192   4.336237    225.000    5.69165 4.8832e+00    14.7850    35.4779  1027.3826    5.69183 0.0000e+00
       3678 171.468696      0.643    227.352    14.7746   4.329713    226.000    5.69743 4.8832e+00    14.7404    35.4583  1027.3817    5.69763 0.0000e+00
       3685 171.468715      0.609    228.358    14.6393   4.314010    227.000    5.71374 4.8832e+00    14.6051    35.4370  1027.3997    5.71397 0.0000e+00
       3693 171.468739      0.442    229.534    14.5624   4.307729    228.000    5.72217 4.8833e+00    14.5282    35.4488  1027.4310    5.72244 0.0000e+00
       3698 171.468752      0.774    230.366    14.5410   4.304956    229.000    5.72494 4.8833e+00    14.5067    35.4425  1027.4345    5.72515 0.0000e+00
       3703 171.468768      0.756    231.377    14.5170   4.302729    230.000    5.72768 4.8834e+00    14.4826    35.4434  1027.4450    5.72789 0.0000e+00
       3710 171.468789      0.536    232.570    14.4915   4.299402    231.000    5.73096 4.8832e+00    14.4569    35.4356  1027.4498    5.73114 0.0000e+00
       3714 171.468800      0.818    233.416    14.4679   4.296675    232.000    5.73384 4.8831e+00    14.4332    35.4316  1027.4557    5.73402 0.0000e+00
       3718 171.468811      1.036    234.233    14.4470   4.294659    233.000    5.73628 4.8831e+00    14.4123    35.4317  1027.4639    5.73644 0.0000e+00
       3726 171.468834      0.567    235.354    14.4215   4.292103    234.000    5.73928 4.8832e+00    14.3866    35.4310  1027.4739    5.73944 0.0000e+00
       3737 171.468865      0.381    236.598    14.3725   4.285720    235.000    5.74555 4.8833e+00    14.3375    35.4163  1027.4788    5.74567 0.0000e+00
       3742 171.468879      0.704    237.499    14.3498   4.284108    236.000    5.74797 4.8834e+00    14.3148    35.4217  1027.4919    5.74813 0.0000e+00
       3747 171.468894      0.794    238.521    14.3309   4.280595    237.000    5.75074 4.8836e+00    14.2957    35.4062  1027.4886    5.75090 0.0000e+00
       3751 171.468907      0.844    239.505    14.2782   4.273424    238.000    5.75761 4.8836e+00    14.2430    35.3875  1027.4900    5.75772 0.0000e+00
       3755 171.468918      0.981    240.401    14.2339   4.270340    239.000    5.76226 4.8836e+00    14.1986    35.3991  1027.5125    5.76250 0.0000e+00
       3759 171.468928      1.081    241.189    14.2090   4.266436    240.000    5.76578 4.8833e+00    14.1736    35.3853  1027.5108    5.76591 0.0000e+00
       3771 171.468965      0.585    242.547    14.1817   4.263664    241.000    5.76902 4.8832e+00    14.1461    35.3841  1027.5219    5.76917 0.0000e+00
       3779 171.468988      0.940    243.652    14.1556   4.256689    242.000    5.77361 4.8833e+00    14.1200    35.3427  1027.5004    5.77370 0.0000e+00
       3782 171.468995      1.418    244.389    14.0904   4.247855    243.000    5.78212 4.8834e+00    14.0548    35.3200  1027.5003    5.78220 0.0000e+00
       3784 171.469003      1.654    245.151    14.0121   4.240628    244.000    5.79094 4.8834e+00    13.9765    35.3242  1027.5237    5.79131 0.0000e+00
       3794 171.469032      0.668    246.460    13.9173   4.229420    245.000    5.80312 4.8833e+00    13.8816    35.3061  1027.5359    5.80321 0.0000e+00
       3806 171.469065      0.560    247.808    13.8280   4.222699    246.000    5.81284 4.8832e+00    13.7923    35.3247  1027.5755    5.81317 0.0000e+00
       3809 171.469073      1.081    248.555    13.7890   4.214068    247.000    5.81923 4.8831e+00    13.7533    35.2794  1027.5521    5.81944 0.0000e+00
       3812 171.469082      1.362    249.365    13.6901   4.202020    248.000    5.83189 4.8832e+00    13.6545    35.2570  1027.5594    5.83209 0.0000e+00
       3815 171.469092      1.272    250.243    13.5877   4.194820    249.000    5.84313 4.8833e+00    13.5521    35.2834  1027.6054    5.84345 0.0000e+00
       3825 171.469119      0.499    251.468    13.5432   4.192642    250.000    5.84777 4.8833e+00    13.5075    35.3034  1027.6356    5.84807 0.0000e+00
       3836 171.469153      0.383    252.748    13.5291   4.191341    251.000    5.84954 4.8832e+00    13.4932    35.3036  1027.6444    5.84977 0.0000e+00
       3841 171.469167      0.692    253.739    13.5151   4.189619    252.000    5.85141 4.8832e+00    13.4791    35.2999  1027.6490    5.85159 0.0000e+00
       3845 171.469177      0.946    254.618    13.5063   4.189120    253.000    5.85238 4.8832e+00    13.4702    35.3030  1027.6571    5.85255 0.0000e+00
       3848 171.469187      1.159    255.451    13.5034   4.188869    254.000    5.85272 4.8833e+00    13.4672    35.3029  1027.6613    5.85289 0.0000e+00
       3852 171.469198      1.166    256.324    13.4973   4.187926    255.000    5.85363 4.8833e+00    13.4610    35.2993  1027.6637    5.85376 0.0000e+00
       3863 171.469230      0.401    257.622    13.4765   4.185383    256.000    5.85634 4.8832e+00    13.4401    35.2940  1027.6697    5.85646 0.0000e+00
       3873 171.469260      0.471    258.913    13.4393   4.178475    257.000    5.86206 4.8832e+00    13.4027    35.2627  1027.6591    5.86211 0.0000e+00
       3876 171.469268      1.008    259.631    13.3991   4.174523    258.000    5.86663 4.8832e+00    13.3625    35.2622  1027.6704    5.86700 0.0000e+00
       3879 171.469277      1.337    260.410    13.3444   4.163188    259.000    5.87569 4.8832e+00    13.3078    35.2052  1027.6412    5.87571 0.0000e+00
       3883 171.469289      1.131    261.389    13.2041   4.150840    260.000    5.89218 4.8833e+00    13.1676    35.2176  1027.6844    5.89237 0.0000e+00
       3891 171.469312      0.486    262.665    13.1109   4.143123    261.000    5.90303 4.8833e+00    13.0744    35.2301  1027.7190    5.90331 0.0000e+00
       3897 171.469328      0.661    263.601    13.0620   4.137718    262.000    5.90929 4.8832e+00    13.0254    35.2237  1027.7283    5.90956 0.0000e+00
       3903 171.469345      0.707    264.527    13.0320   4.135428    263.000    5.91279 4.8832e+00    12.9954    35.2292  1027.7429    5.91303 0.0000e+00
       3912 171.469373      0.344    265.775    13.0176   4.134263    264.000    5.91454 4.8832e+00    12.9808    35.2310  1027.7528    5.91474 0.0000e+00
       3918 171.469389      0.643    266.743    12.9978   4.131181    265.000    5.91741 4.8833e+00    12.9610    35.2195  1027.7523    5.91759 0.0000e+00
       3922 171.469402      0.849    267.644    12.9619   4.123966    266.000    5.92321 4.8834e+00    12.9250    35.1837  1027.7360    5.92334 0.0000e+00
       3927 171.469415      0.930    268.542    12.8857   4.118431    267.000    5.93190 4.8834e+00    12.8488    35.2013  1027.7692    5.93211 0.0000e+00
       3933 171.469433      0.714    269.591    12.8710   4.118217    268.000    5.93332 4.8835e+00    12.8340    35.2125  1027.7856    5.93352 0.0000e+00
       3940 171.469453      0.553    270.655    12.8701   4.118273    269.000    5.93344 4.8835e+00    12.8330    35.2134  1027.7912    5.93359 0.0000e+00
       3948 171.469475      0.525    271.746    12.8706   4.118463    270.000    5.93339 4.8835e+00    12.8332    35.2143  1027.7967    5.93351 0.0000e+00
       3955 171.469496      0.503    272.950    12.8703   4.118434    271.000    5.93346 4.8834e+00    12.8329    35.2137  1027.8016    5.93355 0.0000e+00
       3958 171.469505      0.898    273.705    12.8698   4.118411    272.000    5.93352 4.8834e+00    12.8322    35.2137  1027.8051    5.93362 0.0000e+00
       3961 171.469513      1.254    274.423    12.8661   4.116316    273.000    5.93459 4.8834e+00    12.8284    35.1968  1027.7960    5.93470 0.0000e+00
       3970 171.469540      0.555    275.646    12.8168   4.110817    274.000    5.94100 4.8834e+00    12.7791    35.1895  1027.8058    5.94108 0.0000e+00
       3981 171.469571      0.494    276.903    12.7460   4.099870    275.000    5.95121 4.8833e+00    12.7082    35.1500  1027.7953    5.95134 0.0000e+00
       3984 171.469582      0.912    277.709    12.6580   4.090432    276.000    5.96254 4.8833e+00    12.6203    35.1410  1027.8098    5.96265 0.0000e+00
       3989 171.469595      0.972    278.652    12.5938   4.086059    277.000    5.96984 4.8835e+00    12.5561    35.1584  1027.8405    5.97003 0.0000e+00
       3994 171.469610      0.746    279.729    12.5685   4.084355    278.000    5.97271 4.8836e+00    12.5307    35.1652  1027.8556    5.97294 0.0000e+00
       3999 171.469625      0.790    280.642    12.5477   4.080915    279.000    5.97589 4.8834e+00    12.5098    35.1512  1027.8530    5.97608 0.0000e+00
       4006 171.469645      0.621    281.677    12.4939   4.075458    280.000    5.98275 4.8834e+00    12.4560    35.1483  1027.8663    5.98293 0.0000e+00
       4015 171.469671      0.394    282.863    12.4696   4.073776    281.000    5.98561 4.8835e+00    12.4316    35.1543  1027.8811    5.98577 0.0000e+00
       4021 171.469687      0.690    283.774    12.4643   4.073191    282.000    5.98633 4.8836e+00    12.4261    35.1533  1027.8854    5.98648 0.0000e+00
       4027 171.469704      0.672    284.858    12.4508   4.071264    283.000    5.98829 4.8836e+00    12.4125    35.1468  1027.8879    5.98842 0.0000e+00
       4032 171.469718      0.761    285.843    12.4311   4.067872    284.000    5.99134 4.8835e+00    12.3927    35.1321  1027.8849    5.99145 0.0000e+00
       4035 171.469728      0.998    286.637    12.3991   4.065002    285.000    5.99529 4.8834e+00    12.3607    35.1339  1027.8963    5.99541 0.0000e+00
       4041 171.469746      0.750    287.643    12.3815   4.064222    286.000    5.99719 4.8835e+00    12.3430    35.1424  1027.9108    5.99732 0.0000e+00
       4054 171.469782      0.149    289.164    12.3760   4.063109    287.000    5.99817 4.8834e+00    12.3373    35.1362  1027.9139    5.99825 0.0000e+00
       4057 171.469793      0.728    290.044    12.3587   4.061801    288.000    6.00020 4.8835e+00    12.3200    35.1393  1027.9236    6.00031 0.0000e+00
       4060 171.469801      1.095    290.824    12.3537   4.060598    289.000    6.00114 4.8834e+00    12.3148    35.1320  1027.9225    6.00122 0.0000e+00
       4063 171.469809      1.354    291.568    12.3413   4.059601    290.000    6.00265 4.8834e+00    12.3023    35.1336  1027.9296    6.00273 0.0000e+00
       4071 171.469832      0.800    292.656    12.3369   4.059074    291.000    6.00327 4.8835e+00    12.2978    35.1322  1027.9342    6.00333 0.0000e+00
       4084 171.469871      0.452    294.042    12.3157   4.056386    292.000    6.00622 4.8836e+00    12.2765    35.1254  1027.9394    6.00627 0.0000e+00
       4089 171.469883      0.848    294.936    12.2961   4.054026    293.000    6.00884 4.8835e+00    12.2568    35.1205  1027.9434    6.00893 0.0000e+00
       4093 171.469895      0.955    295.904    12.2579   4.048286    294.000    6.01445 4.8835e+00    12.2186    35.1003  1027.9397    6.01454 0.0000e+00
       4096 171.469905      1.046    296.807    12.2119   4.042863    295.000    6.02057 4.8835e+00    12.1725    35.0903  1027.9452    6.02076 0.0000e+00
       4100 171.469915      1.154    297.625    12.1561   4.035598    296.000    6.02852 4.8835e+00    12.1167    35.0718  1027.9455    6.02856 0.0000e+00
       4108 171.469940      0.505    298.829    12.1117   4.034611    297.000    6.03287 4.8834e+00    12.0723    35.1033  1027.9841    6.03303 0.0000e+00
       4118 171.469968      0.496    300.063    12.0959   4.028762    298.000    6.03629 4.8834e+00    12.0563    35.0607  1027.9598    6.03666 0.0000e+00
       4122 171.469979      0.959    300.815    11.9917   4.006042    299.000    6.05482 4.8834e+00    11.9523    34.9367  1027.8875    6.05471 0.0000e+00
       4126 171.469990      1.105    301.658    11.7519   3.987780    300.000    6.08357 4.8835e+00    11.7129    34.9829  1027.9739    6.08388 0.0000e+00
       4135 171.470017      0.372    302.974    11.6292   3.979979    301.000    6.09791 4.8834e+00    11.5903    35.0212  1028.0334    6.09833 0.0000e+00
       4142 171.470037      0.566    304.054    11.5532   3.969946    302.000    6.10894 4.8835e+00    11.5143    34.9937  1028.0315    6.10929 0.0000e+00
       4145 171.470047      0.884    304.902    11.5198   3.967955    303.000    6.11285 4.8836e+00    11.4809    35.0053  1028.0507    6.11321 0.0000e+00
       4149 171.470059      1.006    305.785    11.5011   3.966320    304.000    6.11526 4.8835e+00    11.4621    35.0064  1028.0591    6.11561 0.0000e+00
       4155 171.470076      0.755    306.846    11.4835   3.964695    305.000    6.11762 4.8834e+00    11.4444    35.0066  1028.0673    6.11791 0.0000e+00
       4162 171.470096      0.586    307.912    11.4664   3.963070    306.000    6.11992 4.8834e+00    11.4272    35.0062  1028.0751    6.12016 0.0000e+00
       4169 171.470115      0.614    308.898    11.4598   3.962817    307.000    6.12069 4.8835e+00    11.4205    35.0095  1028.0833    6.12090 0.0000e+00
       4177 171.470140      0.424    310.119    11.4613   3.963290    308.000    6.12042 4.8835e+00    11.4218    35.0122  1028.0906    6.12060 0.0000e+00
       4182 171.470153      0.713    311.036    11.4540   3.961858    309.000    6.12175 4.8833e+00    11.4145    35.0046  1028.0901    6.12185 0.0000e+00
       4185 171.470163      1.009    311.801    11.4488   3.961802    310.000    6.12225 4.8834e+00    11.4091    35.0087  1028.0977    6.12238 0.0000e+00
