jupyter/NEMEA/cnv_final/cnv_final/out_dMCTV026.cnv
* Sea-Bird SBE 19plus V2 Data File:
* FileName = D:\ACEX_ctd\brutos\MCTV026.hex
* Software Version Seasave V 7.17
* Temperature SN = 6161
* Conductivity SN = 6161
* System UpLoad Time = Jun 19 2012 12:46:47
* NMEA UTC (Time) = Jun 19 2012 12:46:47
* NMEA Longitude =  051 11.55 W
* NMEA Latitude =  33 46.02 S
** H38 
** NHo Cruzeiro do Sul 
** 222 
** MCT V 
**   026
**   33 46.02 S
**   051 11.55 W
**   19/06/2012 15:40 Z
**   216
** 9P46375-0882 
**   1T Oliveira Santos
# nquan = 14
# nvalues = 203                         
# units = specified
# name 0 = scan: Scan Count
# name 1 = timeJ: Julian Days
# name 2 = dz/dtM: Descent Rate [m/s]
# name 3 = prdM: Pressure, Strain Gauge [db]
# name 4 = tv290C: Temperature [ITS-90, deg C]
# name 5 = c0S/m: Conductivity [S/m]
# name 6 = depSM: Depth [salt water, m]
# name 7 = oxsatML/L: Oxygen Saturation [ml/l]
# name 8 = flSP: Fluorescence, Seapoint
# name 9 = potemp090C: Potential Temperature [ITS-90, deg C]
# name 10 = sal00: Salinity [PSU]
# name 11 = density00: Density [density, Kg/m^3]
# name 12 = oxsatML/L: Oxygen Saturation [ml/l]
# name 13 = flag: flag
# span 0 =        281,       3129       
# span 1 = 171.533300, 171.541541       
# span 2 =     -0.081,      1.679       
# span 3 =      2.200,    205.131       
# span 4 =    15.2958,    20.0947       
# span 5 =   4.379622,   4.961265       
# span 6 =      2.000,    204.000       
# span 7 =    5.11707,    5.63859       
# span 8 = 5.6651e-02, 7.2308e-01       
# span 9 =    15.2644,    20.0831       
# span 10 =    35.4505,    36.3415      
# span 11 =  1025.6173,  1027.2581      
# span 12 =    5.11706,    5.63854      
# span 13 = 0.0000e+00, 0.0000e+00      
# interval = meters: 1                  
# start_time = Jun 19 2012 12:46:47
# bad_flag = -9.990e-29
*END*
[from data line 104]
       1769 171.537604      1.015    106.344    18.2613   4.740058    106.000    5.30394 9.8128e-02    18.2428    36.0155  1026.4508    5.30401 0.0000e+00
       1788 171.537660      0.321    107.741    18.1498   4.727080    107.000    5.31558 8.8945e-02    18.1311    36.0022  1026.4748    5.31568 0.0000e+00
       1795 171.537680      0.560    108.685    18.0535   4.715816    108.000    5.32568 8.5715e-02    18.0347    35.9903  1026.4938    5.32581 0.0000e+00
       1801 171.537696      0.694    109.534    18.0065   4.710245    109.000    5.33064 8.5653e-02    17.9876    35.9836  1026.5042    5.33079 0.0000e+00
       1812 171.537729      0.314    110.668    17.9569   4.706025    110.000    5.33547 8.8667e-02    17.9378    35.9907  1026.5270    5.33561 0.0000e+00
       1821 171.537754      0.579    111.587    17.9432   4.703547    111.000    5.33722 8.5984e-02    17.9239    35.9812  1026.5272    5.33731 0.0000e+00
       1831 171.537784      0.372    112.691    17.8714   4.691866    112.000    5.34572 8.5632e-02    17.8521    35.9436  1026.5211    5.34584 0.0000e+00
       1839 171.537807      0.541    113.657    17.7344   4.677287    113.000    5.35986 8.0109e-02    17.7150    35.9387  1026.5555    5.36002 0.0000e+00
       1848 171.537832      0.482    114.603    17.7092   4.675314    114.000    5.36230 8.0756e-02    17.6897    35.9436  1026.5696    5.36245 0.0000e+00
       1862 171.537874      0.259    115.842    17.6998   4.674888    115.000    5.36317 7.8974e-02    17.6801    35.9477  1026.5805    5.36328 0.0000e+00
       1867 171.537888      0.702    116.584    17.6933   4.673931    116.000    5.36397 7.8713e-02    17.6735    35.9450  1026.5833    5.36404 0.0000e+00
       1877 171.537916      0.369    117.709    17.6880   4.673695    117.000    5.36445 8.0644e-02    17.6679    35.9472  1026.5912    5.36452 0.0000e+00
       1885 171.537940      0.519    118.671    17.6849   4.673425    118.000    5.36479 8.1212e-02    17.6647    35.9472  1026.5962    5.36483 0.0000e+00
       1894 171.537965      0.469    119.668    17.6856   4.673598    119.000    5.36471 8.2298e-02    17.6652    35.9477  1026.6008    5.36475 0.0000e+00
       1905 171.537999      0.309    120.728    17.6836   4.673527    120.000    5.36490 8.3892e-02    17.6630    35.9485  1026.6066    5.36493 0.0000e+00
       1918 171.538036      0.363    121.943    17.6757   4.670695    121.000    5.36620 7.8802e-02    17.6549    35.9305  1026.6000    5.36632 0.0000e+00
       1921 171.538045      0.840    122.657    17.6147   4.657251    122.000    5.37440 7.5609e-02    17.5938    35.8681  1026.5704    5.37462 0.0000e+00
       1930 171.538069      0.728    123.575    17.3864   4.628315    123.000    5.39980 7.3477e-02    17.3656    35.8189  1026.5927    5.39989 0.0000e+00
       1950 171.538126      0.291    125.002    17.1232   4.594691    124.000    5.42921 6.5244e-02    17.1024    35.7589  1026.6169    5.42934 0.0000e+00
       1952 171.538135      0.781    125.756    16.9751   4.584526    125.000    5.44325 6.4800e-02    16.9543    35.8013  1026.6886    5.44356 0.0000e+00
       1956 171.538146      0.996    126.530    16.9558   4.583714    126.000    5.44497 6.5952e-02    16.9348    35.8111  1026.7041    5.44527 0.0000e+00
       1975 171.538199      0.375    127.842    16.9386   4.582049    127.000    5.44691 6.5816e-02    16.9175    35.8113  1026.7142    5.44709 0.0000e+00
       1983 171.538222      0.734    128.793    16.9197   4.579925    128.000    5.44904 6.4426e-02    16.8985    35.8092  1026.7212    5.44915 0.0000e+00
       1987 171.538235      0.946    129.598    16.9160   4.580057    129.000    5.44928 6.4589e-02    16.8946    35.8134  1026.7289    5.44942 0.0000e+00
       2000 171.538273      0.486    130.759    16.9088   4.579298    130.000    5.45011 6.5692e-02    16.8872    35.8126  1026.7352    5.45020 0.0000e+00
       2013 171.538311      0.556    131.903    16.9049   4.578878    131.000    5.45058 6.4571e-02    16.8831    35.8120  1026.7406    5.45063 0.0000e+00
       2017 171.538321      0.976    132.603    16.9050   4.578882    132.000    5.45056 6.4889e-02    16.8831    35.8116  1026.7434    5.45063 0.0000e+00
       2028 171.538355      0.449    133.728    16.8699   4.573721    133.000    5.45478 6.6425e-02    16.8478    35.7972  1026.7457    5.45483 0.0000e+00
       2040 171.538387      0.549    134.760    16.8395   4.570501    134.000    5.45805 6.5252e-02    16.8173    35.7956  1026.7563    5.45810 0.0000e+00
       2049 171.538414      0.445    135.776    16.8195   4.568317    135.000    5.46023 6.6021e-02    16.7972    35.7939  1026.7642    5.46029 0.0000e+00
       2059 171.538443      0.399    136.838    16.7896   4.564331    136.000    5.46370 6.6752e-02    16.7671    35.7851  1026.7693    5.46376 0.0000e+00
       2067 171.538466      0.508    137.815    16.7676   4.562326    137.000    5.46598 6.6606e-02    16.7450    35.7867  1026.7801    5.46604 0.0000e+00
       2074 171.538486      0.560    138.703    16.7601   4.561516    138.000    5.46681 6.6570e-02    16.7374    35.7859  1026.7851    5.46686 0.0000e+00
       2090 171.538532      0.191    139.968    16.7540   4.561074    139.000    5.46744 6.5364e-02    16.7311    35.7869  1026.7930    5.46748 0.0000e+00
       2097 171.538552      0.573    140.904    16.7533   4.560936    140.000    5.46756 6.4268e-02    16.7301    35.7861  1026.7966    5.46759 0.0000e+00
       2101 171.538566      0.803    141.706    16.7511   4.560634    141.000    5.46783 6.4990e-02    16.7279    35.7850  1026.7999    5.46785 0.0000e+00
       2113 171.538601      0.349    142.854    16.7465   4.560251    142.000    5.46831 6.6628e-02    16.7230    35.7854  1026.8063    5.46834 0.0000e+00
       2123 171.538628      0.628    143.793    16.7428   4.559608    143.000    5.46880 6.5133e-02    16.7192    35.7826  1026.8091    5.46882 0.0000e+00
       2132 171.538655      0.420    144.836    16.7334   4.558610    144.000    5.46983 6.5347e-02    16.7097    35.7817  1026.8153    5.46984 0.0000e+00
       2141 171.538681      0.527    145.783    16.7194   4.556908    145.000    5.47142 6.4725e-02    16.6955    35.7789  1026.8207    5.47144 0.0000e+00
       2153 171.538716      0.268    146.949    16.7123   4.556629    146.000    5.47206 6.5603e-02    16.6882    35.7824  1026.8301    5.47208 0.0000e+00
       2161 171.538739      0.471    147.823    16.7139   4.556757    147.000    5.47191 6.5549e-02    16.6897    35.7817  1026.8331    5.47193 0.0000e+00
       2174 171.538775      0.202    149.076    16.7154   4.557034    148.000    5.47174 6.4388e-02    16.6910    35.7823  1026.8387    5.47175 0.0000e+00
       2178 171.538787      0.732    149.726    16.7152   4.556970    149.000    5.47179 6.5214e-02    16.6906    35.7817  1026.8411    5.47179 0.0000e+00
       2196 171.538840      0.196    151.060    16.7137   4.556955    150.000    5.47192 6.5612e-02    16.6890    35.7823  1026.8478    5.47192 0.0000e+00
       2202 171.538856      0.704    151.882    16.7137   4.556902    151.000    5.47195 6.3326e-02    16.6888    35.7816  1026.8509    5.47196 0.0000e+00
       2210 171.538881      0.531    152.853    16.7097   4.556452    152.000    5.47240 6.4955e-02    16.6846    35.7808  1026.8555    5.47241 0.0000e+00
       2225 171.538925      0.258    154.133    16.7052   4.555953    153.000    5.47291 6.4837e-02    16.6800    35.7799  1026.8615    5.47291 0.0000e+00
       2228 171.538932      0.891    154.711    16.7029   4.555741    154.000    5.47315 6.4544e-02    16.6776    35.7798  1026.8645    5.47316 0.0000e+00
       2244 171.538978      0.334    155.995    16.7006   4.555661    155.000    5.47337 6.4903e-02    16.6751    35.7807  1026.8714    5.47338 0.0000e+00
       2251 171.538998      0.745    156.819    16.6998   4.555447    156.000    5.47352 6.4876e-02    16.6741    35.7792  1026.8741    5.47352 0.0000e+00
       2261 171.539028      0.341    157.981    16.6982   4.555463    157.000    5.47364 6.5325e-02    16.6724    35.7803  1026.8804    5.47364 0.0000e+00
       2268 171.539049      0.582    158.879    16.6978   4.555409    158.000    5.47370 6.4404e-02    16.6718    35.7799  1026.8841    5.47370 0.0000e+00
       2284 171.539094      0.340    160.036    16.6952   4.555111    159.000    5.47400 6.5060e-02    16.6690    35.7791  1026.8892    5.47400 0.0000e+00
       2292 171.539117      0.804    160.900    16.6942   4.555081    160.000    5.47410 6.4122e-02    16.6678    35.7794  1026.8935    5.47411 0.0000e+00
       2299 171.539137      0.624    161.865    16.6935   4.555030    161.000    5.47418 6.5945e-02    16.6670    35.7792  1026.8977    5.47418 0.0000e+00
       2309 171.539167      0.365    162.953    16.6939   4.555196    162.000    5.47412 6.5884e-02    16.6672    35.7799  1026.9029    5.47412 0.0000e+00
       2321 171.539202      0.312    164.021    16.6966   4.555559    163.000    5.47382 6.4155e-02    16.6697    35.7802  1026.9072    5.47382 0.0000e+00
       2329 171.539225      0.605    164.935    16.6961   4.555405    164.000    5.47392 6.4192e-02    16.6691    35.7789  1026.9104    5.47392 0.0000e+00
       2339 171.539252      0.418    165.990    16.6935   4.555222    165.000    5.47418 6.5596e-02    16.6664    35.7792  1026.9158    5.47418 0.0000e+00
       2347 171.539277      0.479    166.981    16.6938   4.555268    166.000    5.47416 6.4212e-02    16.6664    35.7791  1026.9200    5.47416 0.0000e+00
       2358 171.539307      0.399    167.996    16.6894   4.554750    167.000    5.47466 6.4954e-02    16.6619    35.7780  1026.9247    5.47467 0.0000e+00
       2369 171.539339      0.475    169.115    16.6866   4.554472    168.000    5.47498 6.4560e-02    16.6589    35.7776  1026.9300    5.47498 0.0000e+00
       2373 171.539353      0.783    169.895    16.6859   4.554510    169.000    5.47502 6.5066e-02    16.6581    35.7782  1026.9340    5.47503 0.0000e+00
       2386 171.539388      0.372    171.027    16.6869   4.554687    170.000    5.47491 6.5022e-02    16.6589    35.7784  1026.9390    5.47491 0.0000e+00
       2397 171.539420      0.509    172.103    16.6861   4.554258    171.000    5.47511 6.4020e-02    16.6579    35.7750  1026.9412    5.47512 0.0000e+00
       2402 171.539436      0.753    172.945    16.6779   4.553399    172.000    5.47601 6.4833e-02    16.6496    35.7744  1026.9464    5.47601 0.0000e+00
       2412 171.539465      0.451    174.000    16.6731   4.553028    173.000    5.47650 6.5849e-02    16.6446    35.7750  1026.9527    5.47650 0.0000e+00
       2426 171.539505      0.305    175.266    16.6717   4.552952    174.000    5.47664 6.4735e-02    16.6430    35.7751  1026.9587    5.47666 0.0000e+00
       2430 171.539516      0.811    175.970    16.6708   4.552845    175.000    5.47676 6.4859e-02    16.6420    35.7747  1026.9616    5.47676 0.0000e+00
       2439 171.539544      0.533    176.996    16.6674   4.552423    176.000    5.47716 6.5429e-02    16.6384    35.7736  1026.9661    5.47716 0.0000e+00
       2453 171.539583      0.461    178.181    16.6637   4.552119    177.000    5.47754 6.4077e-02    16.6345    35.7738  1026.9724    5.47755 0.0000e+00
       2458 171.539597      0.813    178.942    16.6627   4.551979    178.000    5.47767 6.4908e-02    16.6334    35.7731  1026.9754    5.47768 0.0000e+00
       2468 171.539626      0.393    180.022    16.6611   4.551872    179.000    5.47785 6.5846e-02    16.6316    35.7732  1026.9806    5.47785 0.0000e+00
       2481 171.539664      0.345    181.225    16.6592   4.551697    180.000    5.47805 6.5607e-02    16.6296    35.7728  1026.9860    5.47806 0.0000e+00
       2487 171.539681      0.640    182.118    16.6590   4.551722    181.000    5.47807 6.6960e-02    16.6292    35.7729  1026.9901    5.47808 0.0000e+00
       2491 171.539693      0.848    182.887    16.6569   4.551222    182.000    5.47839 6.9043e-02    16.6270    35.7701  1026.9918    5.47840 0.0000e+00
       2507 171.539741      0.458    184.134    16.6385   4.547498    183.000    5.48090 6.5989e-02    16.6084    35.7532  1026.9887    5.48093 0.0000e+00
       2515 171.539762      0.942    184.980    16.5958   4.541321    184.000    5.48602 6.4375e-02    16.5656    35.7365  1026.9898    5.48606 0.0000e+00
       2544 171.539846      0.679    185.941    16.5240   4.534082    185.000    5.49370 6.4972e-02    16.4938    35.7363  1027.0109    5.49376 0.0000e+00
       2683 171.540248      0.632    187.015    16.5331   4.534935    186.000    5.49291 6.5019e-02    16.5026    35.7354  1027.0128    5.49282 0.0000e+00
       2708 171.540321      0.512    188.014    16.5028   4.532092    187.000    5.49601 6.4637e-02    16.4723    35.7369  1027.0255    5.49602 0.0000e+00
       2729 171.540381      0.315    189.112    16.4537   4.527363    188.000    5.50122 6.3926e-02    16.4230    35.7386  1027.0433    5.50125 0.0000e+00
       2743 171.540423      0.322    190.113    16.4337   4.524895    189.000    5.50352 6.4720e-02    16.4028    35.7343  1027.0491    5.50355 0.0000e+00
       2764 171.540484      0.246    191.224    16.3767   4.516831    190.000    5.51033 6.3241e-02    16.3458    35.7134  1027.0514    5.51040 0.0000e+00
       2775 171.540514      0.468    192.112    16.3069   4.509542    191.000    5.51797 6.2706e-02    16.2760    35.7109  1027.0699    5.51803 0.0000e+00
       2792 171.540563      0.328    193.133    16.2696   4.505568    192.000    5.52205 6.2340e-02    16.2386    35.7086  1027.0814    5.52215 0.0000e+00
       2807 171.540608      0.308    194.159    16.2364   4.502422    193.000    5.52565 6.1431e-02    16.2052    35.7100  1027.0949    5.52571 0.0000e+00
       2821 171.540648      0.305    195.147    16.2463   4.502895    194.000    5.52476 6.1851e-02    16.2149    35.7050  1027.0930    5.52480 0.0000e+00
       2837 171.540696      0.337    196.204    16.1895   4.496037    195.000    5.53129 6.1673e-02    16.1581    35.6945  1027.1029    5.53133 0.0000e+00
       2847 171.540724      0.406    197.149    16.1747   4.494040    196.000    5.53305 6.1897e-02    16.1432    35.6896  1027.1068    5.53310 0.0000e+00
       2866 171.540778      0.254    198.305    16.0923   4.484242    197.000    5.54247 6.1180e-02    16.0607    35.6758  1027.1206    5.54255 0.0000e+00
       2874 171.540803      0.623    199.188    16.0483   4.478403    198.000    5.54775 5.9898e-02    16.0165    35.6630  1027.1249    5.54780 0.0000e+00
       2888 171.540843      0.525    200.207    16.0169   4.476015    199.000    5.55093 6.0493e-02    15.9851    35.6694  1027.1416    5.55101 0.0000e+00
       2903 171.540884      0.851    201.162    16.0301   4.473687    200.000    5.55052 6.0859e-02    15.9981    35.6364  1027.1173    5.55068 0.0000e+00
       2907 171.540898      1.163    201.839    15.9223   4.454173    201.000    5.56505 6.0884e-02    15.8904    35.5584  1027.0855    5.56515 0.0000e+00
       2931 171.540966      0.688    203.149    15.5742   4.415130    202.000    5.60455 5.7134e-02    15.5425    35.5204  1027.1424    5.60497 0.0000e+00
       2938 171.540985      0.797    203.936    15.2958   4.379622    203.000    5.63859 5.6651e-02    15.2644    35.4505  1027.1555    5.63854 0.0000e+00
       3129 171.541541      0.033    205.131    15.5197   4.423448    204.000    5.60668 6.0064e-02    15.4877    35.6437  1027.2581    5.60698 0.0000e+00
