jupyter/NEMEA/cnv_final/cnv_final/out_dMCTV003.cnv
* Sea-Bird SBE 9 Data File:
* FileName = D:\ACEX\brutos\MCTV003.hex
* Software Version Seasave V 7.17
* Temperature SN = 4821
* Conductivity SN = 3367
* Number of Bytes Per Scan = 21
* Number of Voltage Words = 3
* Number of Scans Averaged by the Deck Unit = 1
* NMEA UTC (Time) = Jun 12 2012 15:52:10
* NMEA Longitude =  045 54.456 W
* NMEA Latitude =  25 56.592 S
** H38 
** NHo Cruzeiro do Sul 
** 222 
** MCTV ACEx 
**   003
**   25 56.592 S
**   045 54.456 W
**   12/06/2012 18:51Z
**   277
** 9P46375-0882 
**   1T Oliveira Santos
# nquan = 16
# nvalues = 246                         
# units = specified
# name 0 = scan: Scan Count
# name 1 = timeJ: Julian Days
# name 2 = dz/dtM: Descent Rate [m/s]
# name 3 = prDM: Pressure, Digiquartz [db]
# name 4 = t090C: Temperature [ITS-90, deg C]
# name 5 = c0S/m: Conductivity [S/m]
# name 6 = sbeox0V: Oxygen Voltage, SBE 43
# name 7 = depSM: Depth [salt water, m]
# name 8 = flSP: Fluorescence, Seapoint
# name 9 = potemp090C: Potential Temperature [ITS-90, deg C]
# name 10 = sal00: Salinity [PSU]
# name 11 = density00: Density [density, Kg/m^3]
# name 12 = sigma-é00: Density [sigma-theta, Kg/m^3]
# name 13 = sbeox0ML/L: Oxygen, SBE 43 [ml/l], WS = 2
# name 14 = nbin: number of scans per bin
# name 15 = flag: flag
# span 0 =       6790,      19208       
# span 1 = 164.664501, 164.670489       
# span 2 =      0.182,      1.266       
# span 3 =      5.035,    251.775       
# span 4 =    11.4260,    21.8563       
# span 5 =   3.999755,   5.128512       
# span 6 =     2.6225,     3.5071       
# span 7 =      5.000,    250.000       
# span 8 = 4.8915e-02, 5.0433e-02       
# span 9 =    11.3940,    21.8499       
# span 10 =    35.4319,    36.3494      
# span 11 =  1025.0132,  1028.1623      
# span 12 =    24.9916,    27.0394      
# span 13 =    3.64706,    4.60185      
# span 14 =         18,         70      
# span 15 = 0.0000e+00, 0.0000e+00      
# interval = meters: 1                  
# start_time = Jun 12 2012 15:52:10
# bad_flag = -9.990e-29
*END*
       6790 164.664501      0.225      5.035    21.6264   5.068844     3.5011      5.000 5.0222e-02    21.6254    35.8801  1025.0132    24.9916    4.59091         27 0.0000e+00
       6866 164.664538      0.370      6.040    21.6182   5.068733     3.5071      6.000 5.0108e-02    21.6170    35.8858  1025.0242    24.9982    4.60185         48 0.0000e+00
       6929 164.664568      0.428      7.044    21.5808   5.067441     3.5037      7.000 5.0035e-02    21.5795    35.9063  1025.0545    25.0243    4.59933         47 0.0000e+00
       7040 164.664621      0.472      8.051    21.5624   5.067440     3.5005      8.000 5.0094e-02    21.5608    35.9214  1025.0755    25.0410    4.59576         38 0.0000e+00
       7085 164.664643      0.522      9.057    21.5659   5.068585     3.4976      9.000 5.0083e-02    21.5641    35.9272  1025.0833    25.0445    4.59113         58 0.0000e+00
       7153 164.664676      0.334     10.066    21.5760   5.070732     3.4981     10.000 5.0206e-02    21.5741    35.9355  1025.0912    25.0480    4.59159         60 0.0000e+00
       7230 164.664713      0.316     11.074    21.5814   5.072122     3.5007     11.000 5.0168e-02    21.5793    35.9417  1025.0988    25.0513    4.59584         57 0.0000e+00
       7336 164.664764      0.286     12.084    21.5963   5.075064     3.4981     12.000 5.0138e-02    21.5940    35.9523  1025.1071    25.0553    4.59079         31 0.0000e+00
       7361 164.664776      0.782     13.080    21.6084   5.077518     3.5010     13.000 5.0101e-02    21.6059    35.9614  1025.1150    25.0589    4.59490         31 0.0000e+00
       7428 164.664808      0.391     14.093    21.6186   5.079591     3.4964     14.000 5.0115e-02    21.6158    35.9690  1025.1224    25.0619    4.58707         45 0.0000e+00
       7483 164.664835      0.527     15.096    21.6245   5.080956     3.4982     15.000 5.0188e-02    21.6215    35.9747  1025.1294    25.0646    4.58994         38 0.0000e+00
       7606 164.664894      0.349     16.106    21.6305   5.082351     3.4986     16.000 5.0297e-02    21.6274    35.9803  1025.1364    25.0673    4.59063         48 0.0000e+00
       7667 164.664924      0.568     17.103    21.6351   5.083317     3.5022     17.000 5.0254e-02    21.6318    35.9838  1025.1421    25.0687    4.59673         31 0.0000e+00
       7774 164.664976      0.182     18.118    21.6393   5.084241     3.4979     18.000 5.0382e-02    21.6358    35.9873  1025.1479    25.0703    4.58981         27 0.0000e+00
       7873 164.665023      0.330     19.124    21.6426   5.085143     3.4948     19.000 5.0360e-02    21.6389    35.9914  1025.1545    25.0725    4.58506         57 0.0000e+00
       7944 164.665057      0.322     20.134    21.6440   5.085506     3.4939     20.000 5.0415e-02    21.6401    35.9927  1025.1596    25.0732    4.58407         52 0.0000e+00
       7990 164.665080      0.516     21.136    21.6452   5.085899     3.4901     21.000 5.0120e-02    21.6410    35.9946  1025.1649    25.0743    4.57832         49 0.0000e+00
       8066 164.665116      0.319     22.140    21.6497   5.086862     3.4954     22.000 4.9926e-02    21.6454    35.9980  1025.1707    25.0758    4.58710         40 0.0000e+00
       8140 164.665152      0.343     23.152    21.6641   5.089791     3.4930     23.000 5.0080e-02    21.6596    36.0090  1025.1794    25.0801    4.58238         69 0.0000e+00
       8202 164.665182      0.394     24.159    21.6820   5.093248     3.4926     24.000 5.0216e-02    21.6772    36.0212  1025.1880    25.0845    4.58053         49 0.0000e+00
       8249 164.665205      0.523     25.158    21.6942   5.095841     3.4955     25.000 4.9897e-02    21.6893    36.0312  1025.1966    25.0888    4.58471         41 0.0000e+00
       8366 164.665261      0.274     26.172    21.7253   5.102111     3.4948     26.000 5.0341e-02    21.7202    36.0547  1025.2101    25.0980    4.58115         55 0.0000e+00
       8430 164.665292      0.376     27.177    21.7457   5.106129     3.4895     27.000 5.0255e-02    21.7403    36.0692  1025.2198    25.1034    4.57110         63 0.0000e+00
       8496 164.665323      0.374     28.190    21.7696   5.111020     3.4918     28.000 5.0248e-02    21.7641    36.0876  1025.2316    25.1108    4.57301         39 0.0000e+00
       8528 164.665339      0.671     29.187    21.7946   5.116084     3.4920     29.000 5.0338e-02    21.7888    36.1066  1025.2433    25.1183    4.57151         35 0.0000e+00
       8576 164.665362      0.510     30.197    21.8047   5.117956     3.4889     30.000 5.0212e-02    21.7987    36.1127  1025.2495    25.1201    4.56608         59 0.0000e+00
       8653 164.665399      0.316     31.207    21.8199   5.121207     3.4852     31.000 5.0433e-02    21.8138    36.1253  1025.2592    25.1255    4.55920         59 0.0000e+00
       8716 164.665430      0.377     32.213    21.8563   5.128512     3.4802     32.000 5.0261e-02    21.8499    36.1525  1025.2740    25.1360    4.54805         59 0.0000e+00
       8763 164.665452      0.513     33.219    21.8402   5.126566     3.4770     33.000 5.0342e-02    21.8336    36.1502  1025.2812    25.1389    4.54469         35 0.0000e+00
       8794 164.665467      0.742     34.224    21.6936   5.107656     3.4622     34.000 5.0189e-02    21.6869    36.1225  1025.3055    25.1588    4.53324         29 0.0000e+00
       8823 164.665481      0.830     35.231    21.5177   5.091073     3.4475     35.000 5.0313e-02    21.5108    36.1378  1025.3706    25.2196    4.52306         29 0.0000e+00
       8854 164.665496      0.796     36.236    21.2859   5.072296     3.4171     36.000 5.0135e-02    21.2788    36.1827  1025.4734    25.3179    4.49029         34 0.0000e+00
       8896 164.665516      0.606     37.243    20.5526   5.004799     3.3491     37.000 5.0087e-02    20.5455    36.2605  1025.7373    25.5771    4.43281         50 0.0000e+00
       8959 164.665547      0.350     38.251    19.9454   4.942354     3.2942     38.000 4.9876e-02    19.9383    36.2705  1025.9125    25.7476    4.38822         63 0.0000e+00
       9011 164.665572      0.471     39.260    19.6607   4.914204     3.2658     39.000 4.9892e-02    19.6535    36.2837  1026.0023    25.8329    4.36234         36 0.0000e+00
       9048 164.665590      0.646     40.261    19.4970   4.904607     3.2559     40.000 4.9967e-02    19.4897    36.3460  1026.0972    25.9234    4.35727         40 0.0000e+00
       9105 164.665617      0.341     41.283    19.3974   4.894643     3.2510     41.000 4.9493e-02    19.3899    36.3494  1026.1303    25.9520    4.35715         35 0.0000e+00
       9136 164.665632      0.719     42.269    19.1333   4.864570     3.2337     42.000 4.9763e-02    19.1257    36.3283  1026.1871    26.0044    4.34918         33 0.0000e+00
       9174 164.665651      0.634     43.279    18.9159   4.839403     3.2167     43.000 4.9810e-02    18.9082    36.3069  1026.2313    26.0441    4.33809         39 0.0000e+00
       9213 164.665669      0.612     44.291    18.8071   4.827061     3.2001     44.000 4.9600e-02    18.7993    36.2980  1026.2568    26.0651    4.31881         32 0.0000e+00
       9244 164.665685      0.747     45.292    18.6873   4.813291     3.1903     45.000 4.9677e-02    18.6792    36.2866  1026.2831    26.0870    4.31207         32 0.0000e+00
       9292 164.665708      0.521     46.302    18.5859   4.802940     3.1746     46.000 4.9642e-02    18.5777    36.2878  1026.3143    26.1137    4.29329         61 0.0000e+00
       9349 164.665735      0.416     47.309    18.4191   4.782590     3.1536     47.000 4.9614e-02    18.4108    36.2616  1026.3410    26.1359    4.27100         41 0.0000e+00
       9396 164.665758      0.515     48.316    18.1920   4.757190     3.1361     48.000 4.9834e-02    18.1836    36.2453  1026.3901    26.1805    4.25922         54 0.0000e+00
       9451 164.665784      0.413     49.324    18.0187   4.736455     3.1153     49.000 4.9657e-02    18.0101    36.2209  1026.4192    26.2050    4.23744         37 0.0000e+00
       9477 164.665797      0.737     50.345    17.7240   4.703281     3.1083     50.000 4.9694e-02    17.7154    36.1969  1026.4784    26.2595    4.24930         20 0.0000e+00
       9496 164.665806      1.073     51.333    17.6358   4.694185     3.1055     51.000 4.9521e-02    17.6271    36.1964  1026.5041    26.2809    4.25186         18 0.0000e+00
       9516 164.665815      1.266     52.346    17.4792   4.676380     3.1008     52.000 4.9662e-02    17.4704    36.1815  1026.5355    26.3078    4.25684         18 0.0000e+00
       9546 164.665830      0.995     53.338    17.3717   4.665708     3.0948     53.000 4.9620e-02    17.3627    36.1845  1026.5684    26.3363    4.25513         36 0.0000e+00
       9630 164.665870      0.235     54.357    17.2692   4.654333     3.0812     54.000 4.9536e-02    17.2601    36.1768  1026.5919    26.3552    4.23976         47 0.0000e+00
       9674 164.665892      0.530     55.364    17.0625   4.631769     3.0575     55.000 4.9287e-02    17.0532    36.1648  1026.6372    26.3959    4.21469         46 0.0000e+00
       9713 164.665911      0.591     56.371    16.9625   4.619854     3.0327     56.000 4.9288e-02    16.9531    36.1498  1026.6542    26.4084    4.17898         30 0.0000e+00
       9743 164.665925      0.780     57.378    16.8584   4.606801     3.0052     57.000 4.9461e-02    16.8489    36.1284  1026.6671    26.4169    4.13877         24 0.0000e+00
       9773 164.665939      0.832     58.379    16.6819   4.586501     2.9705     58.000 4.9264e-02    16.6723    36.1082  1026.6981    26.4433    4.09104         31 0.0000e+00
       9808 164.665956      0.724     59.393    16.6075   4.578489     2.9357     59.000 4.9387e-02    16.5978    36.1042  1026.7172    26.4579    4.03451         36 0.0000e+00
       9879 164.665991      0.282     60.396    16.5908   4.576118     2.9033     60.000 4.9423e-02    16.5809    36.0979  1026.7207    26.4570    3.97793         42 0.0000e+00
       9915 164.666008      0.636     61.410    16.5030   4.566148     2.8878     61.000 4.9188e-02    16.4931    36.0885  1026.7387    26.4705    3.95736         24 0.0000e+00
       9940 164.666020      0.921     62.413    16.4751   4.563125     2.8782     62.000 4.9465e-02    16.4650    36.0865  1026.7482    26.4755    3.94264         24 0.0000e+00
       9967 164.666033      0.923     63.414    16.4229   4.557080     2.8667     63.000 4.9288e-02    16.4126    36.0798  1026.7597    26.4826    3.92622         33 0.0000e+00
      10000 164.666049      0.745     64.435    16.2727   4.539570     2.8508     64.000 4.9148e-02    16.2623    36.0598  1026.7841    26.5024    3.90951         27 0.0000e+00
      10027 164.666062      0.829     65.429    16.2162   4.534123     2.8416     65.000 4.9383e-02    16.2057    36.0620  1026.8034    26.5173    3.89746         25 0.0000e+00
      10055 164.666076      0.888     66.438    16.1776   4.529533     2.8335     66.000 4.9321e-02    16.1669    36.0558  1026.8120    26.5215    3.88618         33 0.0000e+00
      10088 164.666091      0.749     67.448    16.1191   4.523203     2.8253     67.000 4.9260e-02    16.1083    36.0519  1026.8272    26.5321    3.87618         32 0.0000e+00
      10119 164.666106      0.754     68.459    16.0628   4.516825     2.8198     68.000 4.9232e-02    16.0519    36.0456  1026.8399    26.5404    3.87101         28 0.0000e+00
      10145 164.666119      0.870     69.457    16.0363   4.513876     2.8152     69.000 4.9125e-02    16.0253    36.0430  1026.8484    26.5444    3.86501         26 0.0000e+00
      10178 164.666135      0.817     70.466    15.9910   4.508908     2.8112     70.000 4.9071e-02    15.9798    36.0393  1026.8605    26.5521    3.86168         37 0.0000e+00
      10230 164.666160      0.409     71.474    15.9158   4.500772     2.8032     71.000 4.9067e-02    15.9045    36.0343  1026.8785    26.5656    3.85313         43 0.0000e+00
      10269 164.666179      0.590     72.483    15.8269   4.490010     2.7935     72.000 4.9297e-02    15.8155    36.0183  1026.8911    26.5737    3.84287         33 0.0000e+00
      10298 164.666192      0.795     73.490    15.7278   4.478328     2.7834     73.000 4.9154e-02    15.7162    36.0032  1026.9067    26.5847    3.83243         27 0.0000e+00
      10325 164.666206      0.879     74.499    15.6093   4.465265     2.7741     74.000 4.9394e-02    15.5977    35.9931  1026.9305    26.6039    3.82472         27 0.0000e+00
      10354 164.666220      0.857     75.502    15.5576   4.459732     2.7680     75.000 4.9082e-02    15.5459    35.9899  1026.9443    26.6132    3.81780         29 0.0000e+00
      10386 164.666235      0.773     76.506    15.5309   4.456942     2.7668     76.000 4.9222e-02    15.5189    35.9888  1026.9539    26.6184    3.81799         35 0.0000e+00
      10434 164.666258      0.529     77.517    15.5083   4.454906     2.7660     77.000 4.9179e-02    15.4962    35.9906  1026.9649    26.6250    3.81879         54 0.0000e+00
      10496 164.666288      0.348     78.532    15.4593   4.449011     2.7611     78.000 4.9217e-02    15.4471    35.9816  1026.9736    26.6292    3.81408         36 0.0000e+00
      10523 164.666301      0.746     79.530    15.3995   4.442628     2.7603     79.000 4.9080e-02    15.3872    35.9781  1026.9889    26.6399    3.81756         31 0.0000e+00
      10557 164.666317      0.768     80.537    15.3532   4.437251     2.7603     80.000 4.9175e-02    15.3407    35.9713  1026.9986    26.6452    3.82156         33 0.0000e+00
      10605 164.666341      0.489     81.544    15.2985   4.431396     2.7559     81.000 4.9337e-02    15.2859    35.9679  1027.0127    26.6548    3.81798         55 0.0000e+00
      10649 164.666362      0.548     82.554    15.2720   4.428352     2.7512     82.000 4.9222e-02    15.2593    35.9641  1027.0202    26.6578    3.81191         35 0.0000e+00
      10686 164.666380      0.664     83.554    15.2592   4.426994     2.7496     83.000 4.9024e-02    15.2463    35.9631  1027.0267    26.6600    3.81038         41 0.0000e+00
      10757 164.666414      0.310     84.574    15.2393   4.424761     2.7470     84.000 4.8990e-02    15.2263    35.9605  1027.0338    26.6625    3.80760         41 0.0000e+00
      10793 164.666431      0.621     85.578    15.2155   4.421834     2.7429     85.000 4.9087e-02    15.2023    35.9554  1027.0396    26.6639    3.80237         25 0.0000e+00
      10818 164.666444      0.895     86.577    15.1890   4.418803     2.7402     86.000 4.9420e-02    15.1757    35.9517  1027.0471    26.6669    3.79972         29 0.0000e+00
      10855 164.666461      0.728     87.584    15.1643   4.416175     2.7352     87.000 4.9253e-02    15.1509    35.9500  1027.0558    26.6712    3.79286         45 0.0000e+00
      10906 164.666486      0.420     88.600    15.1348   4.412669     2.7306     88.000 4.9100e-02    15.1213    35.9447  1027.0628    26.6737    3.78711         40 0.0000e+00
      10935 164.666500      0.727     89.599    15.1100   4.409953     2.7264     89.000 4.9003e-02    15.0963    35.9422  1027.0709    26.6774    3.78152         30 0.0000e+00
      10978 164.666520      0.604     90.607    15.0949   4.408389     2.7226     90.000 4.9142e-02    15.0810    35.9415  1027.0782    26.6802    3.77605         56 0.0000e+00
      11027 164.666544      0.449     91.622    15.0731   4.405612     2.7168     91.000 4.9097e-02    15.0591    35.9358  1027.0832    26.6807    3.76760         33 0.0000e+00
      11053 164.666557      0.795     92.625    15.0416   4.401934     2.7128     92.000 4.9144e-02    15.0275    35.9307  1027.0907    26.6837    3.76294         24 0.0000e+00
      11080 164.666569      0.936     93.622    15.0079   4.398230     2.7090     93.000 4.9145e-02    14.9936    35.9274  1027.1001    26.6887    3.75890         32 0.0000e+00
      11122 164.666590      0.598     94.640    14.9891   4.396232     2.7063     94.000 4.9205e-02    14.9747    35.9260  1027.1077    26.6918    3.75568         47 0.0000e+00
