jupyter/NEMEA/cnv_final/cnv_final/out_dMCTV011.cnv
* Sea-Bird SBE 9 Data File:
* FileName = D:\ACEX\brutos\MCTV011.hex
* Software Version Seasave V 7.17
* Temperature SN = 4821
* Conductivity SN = 3367
* Number of Bytes Per Scan = 21
* Number of Voltage Words = 3
* Number of Scans Averaged by the Deck Unit = 1
* NMEA UTC (Time) = Jun 14 2012 13:21:17
* NMEA Longitude =  046  28.96W
* NMEA Latitude =  27 00.12 S
** H38 
** NHo Cruzeiro do Sul 
** 222 
** MCTV ACEx 
**   011
**   27 00.12 S
**   046  28.96W
**   14/06/2012 16:20Z
**   409
** 9P46375-0882 
**   1T Germano Filho
# nquan = 16
# nvalues = 383                         
# units = specified
# name 0 = scan: Scan Count
# name 1 = timeJ: Julian Days
# name 2 = dz/dtM: Descent Rate [m/s]
# name 3 = prDM: Pressure, Digiquartz [db]
# name 4 = t090C: Temperature [ITS-90, deg C]
# name 5 = c0S/m: Conductivity [S/m]
# name 6 = sbeox0V: Oxygen Voltage, SBE 43
# name 7 = depSM: Depth [salt water, m]
# name 8 = flSP: Fluorescence, Seapoint
# name 9 = potemp090C: Potential Temperature [ITS-90, deg C]
# name 10 = sal00: Salinity [PSU]
# name 11 = density00: Density [density, Kg/m^3]
# name 12 = sigma-é00: Density [sigma-theta, Kg/m^3]
# name 13 = sbeox0ML/L: Oxygen, SBE 43 [ml/l], WS = 2
# name 14 = nbin: number of scans per bin
# name 15 = flag: flag
# span 0 =       4442,      16020       
# span 1 = 166.558588, 166.564172       
# span 2 =     -0.005,      1.733       
# span 3 =      5.039,    389.874       
# span 4 =    12.2989,    23.2553       
# span 5 =   4.106598,   5.424422       
# span 6 =     1.7737,     3.4549       
# span 7 =      5.000,    387.000       
# span 8 = 4.7874e-02, 3.3124e-01       
# span 9 =    12.2468,    23.2542       
# span 10 =    35.5770,    37.3241      
# span 11 =  1025.6205,  1028.8029      
# span 12 =    25.5990,    27.0742      
# span 13 =    2.20776,    4.41001      
# span 14 =          8,         46      
# span 15 = 0.0000e+00, 0.0000e+00      
# interval = meters: 1                  
# start_time = Jun 14 2012 13:21:17
# bad_flag = -9.990e-29
*END*
[from data line 362]
      12965 166.562699      1.159    369.731    12.7161   4.148396     2.8391    367.000 4.9871e-02    12.6653    35.6041  1028.5651    26.9282    4.35579         20 0.0000e+00
      12985 166.562708      1.177    370.743    12.6987   4.146433     2.8373    368.000 4.9455e-02    12.6479    35.6012  1028.5709    26.9294    4.35435         20 0.0000e+00
      13004 166.562717      1.236    371.751    12.6861   4.145152     2.8358    369.000 5.0276e-02    12.6351    35.6003  1028.5773    26.9313    4.35302         17 0.0000e+00
      13022 166.562726      1.298    372.754    12.6832   4.144923     2.8348    370.000 4.9466e-02    12.6322    35.6004  1028.5824    26.9319    4.35196         19 0.0000e+00
      13043 166.562736      1.266    373.758    12.6774   4.144286     2.8338    371.000 4.9850e-02    12.6262    35.5993  1028.5872    26.9323    4.35093         25 0.0000e+00
      13071 166.562750      0.992    374.778    12.6679   4.143094     2.8329    372.000 4.9238e-02    12.6166    35.5964  1028.5914    26.9319    4.35065         26 0.0000e+00
      13097 166.562762      0.895    375.781    12.6310   4.139025     2.8304    373.000 4.9428e-02    12.5797    35.5916  1028.5997    26.9355    4.34943         29 0.0000e+00
      13124 166.562776      0.884    376.792    12.5934   4.134784     2.8276    374.000 5.0538e-02    12.5420    35.5859  1028.6075    26.9386    4.34794         27 0.0000e+00
      13150 166.562788      0.912    377.802    12.5538   4.130331     2.8247    375.000 5.0009e-02    12.5024    35.5799  1028.6155    26.9418    4.34619         23 0.0000e+00
      13173 166.562799      1.006    378.804    12.5120   4.125988     2.8196    376.000 4.9810e-02    12.4605    35.5770  1028.6262    26.9478    4.34012         24 0.0000e+00
      13471 166.562943      0.636    379.811    12.4866   4.127039     2.5187    377.000 5.0303e-02    12.4350    35.6107  1028.6620    26.9790    3.72516         44 0.0000e+00
      13851 166.563126      0.493    380.822    12.4400   4.126040     2.2709    378.000 4.9792e-02    12.3884    35.6448  1028.7023    27.0146    3.21995         39 0.0000e+00
      13877 166.563139      0.645    381.835    12.3904   4.120606     2.4072    379.000 4.9300e-02    12.3388    35.6388  1028.7122    27.0197    3.50359         32 0.0000e+00
      13909 166.563154      0.731    382.837    12.3680   4.116441     2.4888    380.000 5.0092e-02    12.3164    35.6193  1028.7061    27.0089    3.67387         34 0.0000e+00
      13943 166.563170      0.720    383.850    12.3592   4.113821     2.5410    381.000 5.0744e-02    12.3074    35.6018  1028.6989    26.9971    3.78290         35 0.0000e+00
      13978 166.563187      0.697    384.858    12.3415   4.112088     2.5605    382.000 5.1027e-02    12.2897    35.6013  1028.7066    27.0002    3.82482         34 0.0000e+00
      14011 166.563203      0.709    385.869    12.3104   4.109690     2.5721    383.000 5.1038e-02    12.2585    35.6072  1028.7219    27.0108    3.85162         30 0.0000e+00
      14040 166.563217      0.806    386.875    12.3030   4.107291     2.5837    384.000 5.1286e-02    12.2510    35.5905  1028.7149    26.9993    3.87696         28 0.0000e+00
      14069 166.563231      0.854    387.881    12.2989   4.106598     2.5830    385.000 5.0808e-02    12.2468    35.5872  1028.7177    26.9976    3.87645         31 0.0000e+00
      14350 166.563367      0.479    388.886    12.3018   4.108622     2.4472    386.000 5.1109e-02    12.2496    35.6036  1028.7343    27.0098    3.59657         46 0.0000e+00
      16020 166.564172     -0.005    389.874    12.2998   4.116971     1.7737    387.000 5.0009e-02    12.2473    35.6861  1028.8029    27.0742    2.20776          8 0.0000e+00
