jupyter/NEMEA/cnv_final/cnv_final/out_dMCTV013.cnv
* Sea-Bird SBE 9 Data File:
* FileName = D:\ACEX\brutos\MCTV013.hex
* Software Version Seasave V 7.17
* Temperature SN = 4821
* Conductivity SN = 3367
* Number of Bytes Per Scan = 21
* Number of Voltage Words = 3
* Number of Scans Averaged by the Deck Unit = 1
* NMEA UTC (Time) = Jun 15 2012 10:45:04
* NMEA Longitude =  047 50.440W
* NMEA Latitude =  29 30.186S
** H38 
** NHo Cruzeiro do Sul 
** 222 
** MCTV ACEx 
**   013
**   29 30.186S
**   047 50.440W
**   13/06/2012 13:45Z
**   509
** 9P46375-0882 
**   PESQ. CATARINA CECILIO
# nquan = 16
# nvalues = 381                         
# units = specified
# name 0 = scan: Scan Count
# name 1 = timeJ: Julian Days
# name 2 = dz/dtM: Descent Rate [m/s]
# name 3 = prDM: Pressure, Digiquartz [db]
# name 4 = t090C: Temperature [ITS-90, deg C]
# name 5 = c0S/m: Conductivity [S/m]
# name 6 = sbeox0V: Oxygen Voltage, SBE 43
# name 7 = depSM: Depth [salt water, m]
# name 8 = flSP: Fluorescence, Seapoint
# name 9 = potemp090C: Potential Temperature [ITS-90, deg C]
# name 10 = sal00: Salinity [PSU]
# name 11 = density00: Density [density, Kg/m^3]
# name 12 = sigma-é00: Density [sigma-theta, Kg/m^3]
# name 13 = sbeox0ML/L: Oxygen, SBE 43 [ml/l], WS = 2
# name 14 = nbin: number of scans per bin
# name 15 = flag: flag
# span 0 =       4832,      21635       
# span 1 = 167.450293, 167.458395       
# span 2 =      0.166,      1.338       
# span 3 =      5.033,    387.587       
# span 4 =    12.1389,    20.7427       
# span 5 =   4.088439,   5.081391       
# span 6 =     2.4961,     3.4962       
# span 7 =      5.000,    385.000       
# span 8 = 4.5438e-02, 3.1238e-01       
# span 9 =    12.0873,    20.7414       
# span 10 =    35.5627,    36.7159      
# span 11 =  1025.8912,  1028.7297      
# span 12 =    25.8687,    27.0096      
# span 13 =    3.62440,    4.68779      
# span 14 =          1,         65      
# span 15 = 0.0000e+00, 0.0000e+00      
# interval = meters: 1                  
# start_time = Jun 15 2012 10:45:04
# bad_flag = -9.990e-29
*END*
[from data line 362]
      20521 167.457859      1.338    369.717    12.7316   4.154529     2.7785    367.000 4.8685e-02    12.6808    35.6483  1028.5960    26.9595    4.22980         23 0.0000e+00
      20565 167.457880      0.595    370.742    12.7210   4.156463     2.7025    368.000 4.7982e-02    12.6701    35.6765  1028.6245    26.9834    4.07578         53 0.0000e+00
      20604 167.457899      0.616    371.743    12.7353   4.157787     2.6051    369.000 4.8825e-02    12.6842    35.6752  1028.6251    26.9797    3.87685         32 0.0000e+00
      20665 167.457928      0.345    372.761    12.7299   4.160200     2.4961    370.000 4.8776e-02    12.6787    35.7030  1028.6522    27.0024    3.65498         38 0.0000e+00
      20702 167.457946      0.593    373.774    12.7355   4.156480     2.5905    371.000 4.9214e-02    12.6841    35.6617  1028.6236    26.9692    3.84850         20 0.0000e+00
      20722 167.457956      1.008    374.768    12.7203   4.153408     2.6866    372.000 4.8101e-02    12.6688    35.6461  1028.6190    26.9601    4.04637         21 0.0000e+00
      20744 167.457967      1.158    375.777    12.7104   4.152723     2.7263    373.000 4.7773e-02    12.6588    35.6484  1028.6273    26.9639    4.12869         25 0.0000e+00
      20782 167.457985      0.733    376.785    12.6923   4.153559     2.6703    374.000 4.8530e-02    12.6406    35.6731  1028.6546    26.9867    4.01589         48 0.0000e+00
      20832 167.458009      0.457    377.804    12.7176   4.154793     2.5550    375.000 4.8277e-02    12.6658    35.6606  1028.6443    26.9720    3.77953         40 0.0000e+00
      20862 167.458023      0.690    378.808    12.6969   4.150896     2.6117    376.000 4.7880e-02    12.6449    35.6423  1028.6388    26.9619    3.89794         23 0.0000e+00
      20888 167.458036      0.927    379.809    12.6116   4.141738     2.6856    377.000 4.8787e-02    12.5597    35.6343  1028.6546    26.9726    4.05628         29 0.0000e+00
      20942 167.458062      0.436    380.831    12.5926   4.139723     2.7772    378.000 4.8190e-02    12.5406    35.6324  1028.6616    26.9749    4.24586         34 0.0000e+00
      20980 167.458080      0.547    381.839    12.5700   4.136058     2.8197    379.000 4.8753e-02    12.5180    35.6180  1028.6595    26.9682    4.33585         22 0.0000e+00
      20999 167.458089      1.026    382.826    12.4962   4.127416     2.8300    380.000 4.8402e-02    12.4442    35.6040  1028.6682    26.9719    4.36440         19 0.0000e+00
      21039 167.458109      0.754    383.847    12.4330   4.121347     2.8294    381.000 4.8280e-02    12.3811    35.6047  1028.6861    26.9849    4.36944         37 0.0000e+00
      21096 167.458136      0.367    384.863    12.3943   4.115959     2.8368    382.000 4.7832e-02    12.3423    35.5888  1028.6862    26.9801    4.38899         29 0.0000e+00
      21158 167.458166      0.460    385.859    12.3245   4.108372     2.8356    383.000 4.8678e-02    12.2726    35.5810  1028.6987    26.9877    4.39355         33 0.0000e+00
      21275 167.458222      0.384    386.867    12.2182   4.096467     2.8208    384.000 4.8020e-02    12.1664    35.5659  1028.7130    26.9966    4.37362         49 0.0000e+00
      21635 167.458395      0.166    387.587    12.1389   4.088439     2.7950    385.000 4.5438e-02    12.0873    35.5627  1028.7297    27.0096    4.32793          1 0.0000e+00
