jupyter/NEMEA/cnv_final/cnv_final/out_dMCTV008.cnv
* Sea-Bird SBE 9 Data File:
* FileName = D:\ACEX\brutos\MCTV008.hex
* Software Version Seasave V 7.17
* Temperature SN = 4821
* Conductivity SN = 3367
* Number of Bytes Per Scan = 21
* Number of Voltage Words = 3
* Number of Scans Averaged by the Deck Unit = 1
* NMEA UTC (Time) = Jun 13 2012 21:57:10
* NMEA Longitude =  047 41.63 W
* NMEA Latitude =  26 59.840 S
** H38 
** NHo Cruzeiro do Sul 
** 222 
** MCTV ACEx 
**   008
**   26 59.840 S
**   047 41.63 W
**   14/06/2012 00:55Z
**   95
** 9P46375-0882 
**   1T Oliveira Santos
# nquan = 16
# nvalues = 87                          
# units = specified
# name 0 = scan: Scan Count
# name 1 = timeJ: Julian Days
# name 2 = dz/dtM: Descent Rate [m/s]
# name 3 = prDM: Pressure, Digiquartz [db]
# name 4 = t090C: Temperature [ITS-90, deg C]
# name 5 = c0S/m: Conductivity [S/m]
# name 6 = sbeox0V: Oxygen Voltage, SBE 43
# name 7 = depSM: Depth [salt water, m]
# name 8 = flSP: Fluorescence, Seapoint
# name 9 = potemp090C: Potential Temperature [ITS-90, deg C]
# name 10 = sal00: Salinity [PSU]
# name 11 = density00: Density [density, Kg/m^3]
# name 12 = sigma-é00: Density [sigma-theta, Kg/m^3]
# name 13 = sbeox0ML/L: Oxygen, SBE 43 [ml/l], WS = 2
# name 14 = nbin: number of scans per bin
# name 15 = flag: flag
# span 0 =       1883,       5587       
# span 1 = 165.915607, 165.917393       
# span 2 =      0.127,      1.201       
# span 3 =      5.035,     91.608       
# span 4 =    18.7106,    21.1140       
# span 5 =   4.524558,   5.104258       
# span 6 =     2.8355,     3.4407       
# span 7 =      5.000,     91.000       
# span 8 = 1.6887e-01, 1.1834e+00       
# span 9 =    18.7086,    21.0986       
# span 10 =    33.8028,    36.5705      
# span 11 =  1024.2072,  1026.4940      
# span 12 =    24.1329,    26.0979      
# span 13 =    3.73051,    4.61217      
# span 14 =         19,         62      
# span 15 = 0.0000e+00, 0.0000e+00      
# interval = meters: 1                  
# start_time = Jun 13 2012 21:57:10
# bad_flag = -9.990e-29
*END*
       1883 165.915607      0.369      5.035    18.7444   4.530198     2.9216      5.000 1.1834e+00    18.7435    33.8691  1024.2436    24.2217    3.87720         30 0.0000e+00
       1922 165.915625      0.534      6.043    18.7425   4.527943     2.9193      6.000 1.1172e+00    18.7415    33.8514  1024.2350    24.2087    3.87410         30 0.0000e+00
       1949 165.915638      0.826      7.050    18.7425   4.526789     2.8994      7.000 1.0918e+00    18.7413    33.8414  1024.2318    24.2011    3.84012         24 0.0000e+00
       1972 165.915649      0.986      8.051    18.7426   4.524741     2.8933      8.000 1.1113e+00    18.7412    33.8239  1024.2227    24.1877    3.83049         23 0.0000e+00
       1996 165.915661      1.029      9.056    18.7242   4.524955     2.8936      9.000 1.1155e+00    18.7226    33.8404  1024.2444    24.2050    3.83230         27 0.0000e+00
       2027 165.915676      0.845     10.063    18.7155   4.525803     2.8810     10.000 9.4866e-01    18.7138    33.8542  1024.2615    24.2178    3.81115         34 0.0000e+00
       2063 165.915693      0.661     11.078    18.7106   4.524823     2.8465     11.000 7.2383e-01    18.7086    33.8497  1024.2638    24.2156    3.75178         32 0.0000e+00
       2088 165.915706      0.815     12.084    18.7609   4.524558     2.8355     12.000 4.2351e-01    18.7588    33.8059  1024.2221    24.1695    3.73051         22 0.0000e+00
       2109 165.915716      1.052     13.086    18.8035   4.528401     2.8671     13.000 3.5357e-01    18.8012    33.8028  1024.2134    24.1565    3.78340         20 0.0000e+00
       2129 165.915725      1.189     14.093    18.8648   4.539590     2.9165     14.000 3.1602e-01    18.8623    33.8458  1024.2352    24.1740    3.86494         21 0.0000e+00
       2149 165.915735      1.201     15.093    18.9316   4.548878     2.9507     15.000 2.7058e-01    18.9289    33.8683  1024.2399    24.1744    3.91986         21 0.0000e+00
       2174 165.915747      1.076     16.104    18.9482   4.546599     2.9528     16.000 2.5968e-01    18.9454    33.8354  1024.2150    24.1450    3.92363         28 0.0000e+00
       2202 165.915761      0.883     17.111    18.9481   4.544720     2.9300     17.000 2.5395e-01    18.9451    33.8194  1024.2072    24.1329    3.88486         28 0.0000e+00
       2230 165.915774      0.851     18.120    18.9432   4.553121     2.8976     18.000 2.4098e-01    18.9400    33.8931  1024.2692    24.1905    3.82754         27 0.0000e+00
       2256 165.915786      0.917     19.127    18.9091   4.565542     2.9302     19.000 2.3009e-01    18.9057    34.0243  1024.3825    24.2995    3.88429         25 0.0000e+00
       2280 165.915798      0.983     20.132    18.9192   4.583760     3.1327     20.000 2.2676e-01    18.9157    34.1677  1024.4939    24.4065    4.23340         23 0.0000e+00
       2304 165.915810      1.004     21.138    18.9360   4.597799     3.2548     21.000 2.3426e-01    18.9322    34.2707  1024.5728    24.4810    4.44263         24 0.0000e+00
       2328 165.915821      1.009     22.146    18.9909   4.612780     3.2914     22.000 2.4161e-01    18.9870    34.3499  1024.6238    24.5277    4.50033         23 0.0000e+00
       2350 165.915832      1.033     23.152    19.0598   4.626886     3.2999     23.000 2.3464e-01    19.0556    34.4101  1024.6566    24.5562    4.50838         22 0.0000e+00
       2372 165.915843      1.080     24.155    19.2365   4.663097     3.2899     24.000 2.2785e-01    19.2322    34.5643  1024.7335    24.6288    4.47336         23 0.0000e+00
       2396 165.915854      1.071     25.166    19.3871   4.693611     3.2646     25.000 2.4011e-01    19.3826    34.6919  1024.7966    24.6876    4.41493         23 0.0000e+00
       2419 165.915865      1.040     26.171    19.5292   4.722244     3.2313     26.000 2.2727e-01    19.5245    34.8102  1024.8545    24.7412    4.34389         23 0.0000e+00
       2441 165.915876      1.057     27.182    19.5827   4.733571     3.2033     27.000 2.2213e-01    19.5778    34.8588  1024.8821    24.7645    4.29112         21 0.0000e+00
       2463 165.915886      1.102     28.179    19.6618   4.750311     3.1806     28.000 2.1986e-01    19.6566    34.9307  1024.9207    24.7989    4.24486         23 0.0000e+00
       2492 165.915901      0.937     29.187    19.7102   4.760887     3.1563     29.000 2.3115e-01    19.7049    34.9771  1024.9479    24.8217    4.19902         38 0.0000e+00
       2532 165.915919      0.603     30.201    19.7493   4.769476     3.1341     30.000 2.3179e-01    19.7438    35.0149  1024.9709    24.8404    4.15775         35 0.0000e+00
       2566 165.915936      0.676     31.204    19.7774   4.775960     3.1190     31.000 2.2920e-01    19.7717    35.0444  1024.9904    24.8556    4.12973         32 0.0000e+00
       2597 165.915951      0.762     32.210    19.8190   4.786822     3.1145     32.000 2.2845e-01    19.8131    35.0986  1025.0253    24.8861    4.11823         28 0.0000e+00
       2625 165.915964      0.839     33.219    19.8793   4.801287     3.1164     33.000 2.3087e-01    19.8732    35.1667  1025.0658    24.9223    4.11595         27 0.0000e+00
       2651 165.915977      0.906     34.224    19.9666   4.820776     3.1123     34.000 2.3003e-01    19.9603    35.2533  1025.1132    24.9654    4.10099         29 0.0000e+00
       2680 165.915991      0.853     35.231    20.0290   4.833878     3.0912     35.000 2.2389e-01    20.0225    35.3081  1025.1429    24.9908    4.05980         29 0.0000e+00
       2711 165.916006      0.798     36.239    20.1000   4.848696     3.0640     36.000 2.3114e-01    20.0932    35.3695  1025.1753    25.0190    4.00775         31 0.0000e+00
       2742 165.916021      0.782     37.244    20.1243   4.854522     3.0462     37.000 2.4185e-01    20.1174    35.3964  1025.1937    25.0331    3.97572         32 0.0000e+00
       2776 165.916037      0.720     38.257    20.1365   4.857294     3.0350     38.000 2.3529e-01    20.1294    35.4085  1025.2041    25.0391    3.95615         31 0.0000e+00
       2802 165.916050      0.824     39.262    20.1672   4.864516     3.0437     39.000 2.3286e-01    20.1599    35.4414  1025.2254    25.0561    3.96851         23 0.0000e+00
       2826 165.916061      0.984     40.261    20.1678   4.866535     3.0559     40.000 2.4826e-01    20.1603    35.4571  1025.2416    25.0679    3.98929         23 0.0000e+00
       2850 165.916073      1.016     41.270    20.2128   4.879140     3.0651     41.000 2.8422e-01    20.2051    35.5219  1025.2834    25.1055    4.00071         28 0.0000e+00
       2881 165.916088      0.853     42.276    20.2953   4.899597     3.0848     42.000 3.5755e-01    20.2874    35.6191  1025.3399    25.1577    4.02635         34 0.0000e+00
       2916 165.916105      0.674     43.289    20.3295   4.908625     3.1017     43.000 4.0963e-01    20.3214    35.6637  1025.3691    25.1826    4.05191         32 0.0000e+00
       2944 165.916118      0.797     44.295    20.3466   4.913285     3.1128     44.000 4.5876e-01    20.3383    35.6868  1025.3866    25.1957    4.06949         25 0.0000e+00
       2967 165.916129      0.959     45.304    20.3559   4.916271     3.1189     45.000 4.5161e-01    20.3475    35.7030  1025.4008    25.2056    4.07936         21 0.0000e+00
       2987 165.916139      1.116     46.297    20.3606   4.918074     3.1245     46.000 4.6729e-01    20.3519    35.7134  1025.4118    25.2124    4.08861         21 0.0000e+00
       3014 165.916152      1.055     47.312    20.3692   4.921054     3.1377     47.000 5.5747e-01    20.3604    35.7300  1025.4266    25.2228    4.11050         29 0.0000e+00
       3042 165.916166      0.829     48.323    20.3976   4.928970     3.1497     48.000 5.5316e-01    20.3885    35.7702  1025.4540    25.2459    4.12835         27 0.0000e+00
       3066 165.916177      0.927     49.329    20.4159   4.932950     3.1550     49.000 5.3181e-01    20.4066    35.7869  1025.4661    25.2537    4.13595         22 0.0000e+00
       3088 165.916188      1.046     50.333    20.4179   4.935728     3.1752     50.000 5.1900e-01    20.4084    35.8075  1025.4857    25.2689    4.16994         22 0.0000e+00
       3110 165.916199      1.107     51.335    20.4001   4.938270     3.2221     51.000 5.4632e-01    20.3905    35.8429  1025.5218    25.3008    4.25008         23 0.0000e+00
       3138 165.916212      0.975     52.343    20.3812   4.937298     3.2714     52.000 5.8586e-01    20.3713    35.8507  1025.5372    25.3119    4.33514         31 0.0000e+00
       3172 165.916228      0.738     53.353    20.3772   4.937704     3.3104     53.000 5.9077e-01    20.3671    35.8570  1025.5475    25.3178    4.40156         34 0.0000e+00
       3204 165.916244      0.711     54.362    20.3997   4.943575     3.3448     54.000 5.8785e-01    20.3894    35.8855  1025.5676    25.3335    4.45779         28 0.0000e+00
       3231 165.916257      0.858     55.370    20.4298   4.952939     3.3706     55.000 5.3864e-01    20.4194    35.9359  1025.6023    25.3640    4.49823         25 0.0000e+00
       3253 165.916267      0.984     56.380    20.4488   4.960099     3.3924     56.000 5.3169e-01    20.4382    35.9777  1025.6334    25.3908    4.53279         19 0.0000e+00
       3272 165.916277      1.151     57.373    20.4646   4.965612     3.4029     57.000 5.4515e-01    20.4538    36.0089  1025.6572    25.4103    4.54904         22 0.0000e+00
       3297 165.916289      1.110     58.386    20.5056   4.975261     3.4091     58.000 5.2887e-01    20.4946    36.0522  1025.6837    25.4324    4.55569         26 0.0000e+00
       3328 165.916303      0.853     59.391    20.5169   4.978044     3.4160     59.000 5.4332e-01    20.5057    36.0649  1025.6946    25.4391    4.56665         37 0.0000e+00
       3368 165.916323      0.615     60.403    20.5192   4.978616     3.4205     60.000 5.7000e-01    20.5078    36.0673  1025.7002    25.4404    4.57464         42 0.0000e+00
       3403 165.916340      0.643     61.412    20.5224   4.979714     3.4211     61.000 5.3501e-01    20.5108    36.0731  1025.7082    25.4440    4.57585         31 0.0000e+00
       3432 165.916354      0.810     62.416    20.5182   4.981011     3.4242     62.000 5.1972e-01    20.5064    36.0869  1025.7242    25.4557    4.58161         27 0.0000e+00
       3458 165.916366      0.887     63.423    20.5165   4.981103     3.4258     63.000 4.8448e-01    20.5045    36.0887  1025.7304    25.4576    4.58512         24 0.0000e+00
       3483 165.916378      0.964     64.427    20.5087   4.980665     3.4299     64.000 4.8045e-01    20.4966    36.0914  1025.7389    25.4618    4.59316         24 0.0000e+00
       3511 165.916392      0.920     65.430    20.5040   4.985397     3.4330     65.000 4.4694e-01    20.4916    36.1337  1025.7768    25.4953    4.59819         34 0.0000e+00
       3568 165.916419      0.435     66.441    20.4861   4.984585     3.4370     66.000 4.0683e-01    20.4735    36.1419  1025.7923    25.5065    4.60677         53 0.0000e+00
       3622 165.916445      0.475     67.453    20.4958   4.988644     3.4407     67.000 4.2414e-01    20.4830    36.1664  1025.8128    25.5226    4.61217         33 0.0000e+00
       3652 165.916460      0.742     68.459    20.5314   4.995397     3.4347     68.000 4.1059e-01    20.5184    36.1907  1025.8260    25.5316    4.59913         28 0.0000e+00
       3677 165.916472      0.902     69.464    20.5447   4.997557     3.4312     69.000 4.0385e-01    20.5316    36.1965  1025.8312    25.5325    4.59278         23 0.0000e+00
       3702 165.916484      0.966     70.468    20.5550   5.000225     3.4347     70.000 3.9492e-01    20.5417    36.2090  1025.8423    25.5393    4.59797         28 0.0000e+00
       3732 165.916498      0.869     71.473    20.6603   5.019935     3.4318     71.000 4.0304e-01    20.6467    36.2790  1025.8715    25.5643    4.58350         33 0.0000e+00
       3773 165.916518      0.605     72.483    20.7309   5.031863     3.4217     72.000 3.7651e-01    20.7171    36.3152  1025.8841    25.5727    4.56051         46 0.0000e+00
       3815 165.916538      0.565     73.495    20.7385   5.033115     3.4186     73.000 3.8063e-01    20.7245    36.3184  1025.8890    25.5732    4.55512         35 0.0000e+00
       3847 165.916554      0.721     74.499    20.7439   5.033920     3.4226     74.000 3.9617e-01    20.7297    36.3200  1025.8931    25.5730    4.56211         30 0.0000e+00
       3876 165.916568      0.821     75.502    20.7451   5.034104     3.4275     75.000 3.6943e-01    20.7307    36.3201  1025.8972    25.5728    4.57075         30 0.0000e+00
       3909 165.916584      0.771     76.509    20.8817   5.060291     3.4270     76.000 3.9683e-01    20.8670    36.4151  1025.9365    25.6080    4.55709         36 0.0000e+00
       3950 165.916604      0.572     77.520    21.0653   5.091258     3.4065     77.000 3.4849e-01    21.0503    36.5081  1025.9613    25.6287    4.50648         40 0.0000e+00
       3985 165.916621      0.659     78.526    21.1138   5.102157     3.3736     78.000 3.0543e-01    21.0986    36.5541  1025.9873    25.6505    4.44739         30 0.0000e+00
       4016 165.916635      0.784     79.532    21.1140   5.104258     3.3276     79.000 2.5842e-01    21.0986    36.5705  1026.0041    25.6629    4.37091         33 0.0000e+00
       4050 165.916652      0.723     80.536    21.0772   5.100144     3.2713     80.000 2.1238e-01    21.0617    36.5684  1026.0170    25.6716    4.28066         36 0.0000e+00
       4512 165.916875      0.312     81.540    20.9748   5.088373     3.1729     81.000 2.0018e-01    20.9591    36.5608  1026.0438    25.6939    4.12473         44 0.0000e+00
       4928 165.917075      0.283     82.553    20.8928   5.078402     3.1233     82.000 1.9046e-01    20.8769    36.5502  1026.0626    25.7083    4.04863         62 0.0000e+00
       5005 165.917112      0.323     83.563    20.8344   5.072027     3.1251     83.000 1.9682e-01    20.8184    36.5483  1026.0816    25.7229    4.05631         44 0.0000e+00
       5051 165.917135      0.536     84.568    20.5636   5.039374     3.0897     84.000 1.7842e-01    20.5476    36.5155  1026.1348    25.7713    4.01731         41 0.0000e+00
       5089 165.917153      0.636     85.574    20.3520   5.015881     3.0614     85.000 1.8074e-01    20.3359    36.5058  1026.1891    25.8211    3.98540         35 0.0000e+00
       5126 165.917170      0.658     86.576    20.1608   4.992537     3.0417     86.000 1.7312e-01    20.1447    36.4794  1026.2247    25.8520    3.96663         37 0.0000e+00
       5172 165.917193      0.529     87.586    19.7702   4.948280     3.0160     87.000 1.8170e-01    19.7540    36.4531  1026.3133    25.9358    3.95133         56 0.0000e+00
       5254 165.917232      0.297     88.595    19.5945   4.928116     2.9976     88.000 1.7306e-01    19.5783    36.4385  1026.3530    25.9708    3.93316         58 0.0000e+00
       5358 165.917283      0.397     89.606    19.4539   4.911931     2.9797     89.000 1.7368e-01    19.4375    36.4262  1026.3850    25.9983    3.91317         37 0.0000e+00
       5390 165.917298      0.706     90.607    19.3608   4.900838     2.9640     90.000 1.7307e-01    19.3444    36.4146  1026.4048    26.0137    3.89349         28 0.0000e+00
       5587 165.917393      0.127     91.608    18.9250   4.850863     2.9166     91.000 1.6887e-01    18.9086    36.3773  1026.4940    26.0979    3.84330         57 0.0000e+00
