jupyter/NEMEA/cnv_final/cnv_final/out_dMCTV002.cnv
* Sea-Bird SBE 9 Data File:
* FileName = D:\ACEX\brutos\MCTV002.hex
* Software Version Seasave V 7.17
* Temperature SN = 4821
* Conductivity SN = 3367
* Number of Bytes Per Scan = 18
* Number of Voltage Words = 2
* Number of Scans Averaged by the Deck Unit = 1
* NMEA UTC (Time) = Jun 12 2012 12:58:01
* NMEA Longitude =  045 37.816 W
* NMEA Latitude =  25 58.320 S
** H38 
** NHo Cruzeiro do Sul 
** 222 
** MCTV ACEx 
**   002
**   25 58.320 S
**   045 37.816 W
**   12/06/2012 15:55 Z
**   401
** 9P46375-0882 
**   CT Fernandes
# nquan = 16
# nvalues = 355                         
# units = specified
# name 0 = scan: Scan Count
# name 1 = timeJ: Julian Days
# name 2 = dz/dtM: Descent Rate [m/s]
# name 3 = prDM: Pressure, Digiquartz [db]
# name 4 = t090C: Temperature [ITS-90, deg C]
# name 5 = c0S/m: Conductivity [S/m]
# name 6 = sbeox0V: Oxygen Voltage, SBE 43
# name 7 = depSM: Depth [salt water, m]
# name 8 = flSP: Fluorescence, Seapoint
# name 9 = potemp090C: Potential Temperature [ITS-90, deg C]
# name 10 = sal00: Salinity [PSU]
# name 11 = density00: Density [density, Kg/m^3]
# name 12 = sigma-é00: Density [sigma-theta, Kg/m^3]
# name 13 = sbeox0ML/L: Oxygen, SBE 43 [ml/l], WS = 2
# name 14 = nbin: number of scans per bin
# name 15 = flag: flag
# span 0 =       3151,      12788       
# span 1 = 164.541808, 164.546456       
# span 2 =      0.135,      1.701       
# span 3 =      5.035,    361.654       
# span 4 =     9.1695,    21.9663       
# span 5 =   3.759870,   5.171914       
# span 6 =     2.5340,     3.4879       
# span 7 =      5.000,    359.000       
# span 8 = 4.3377e-02, 5.0185e-02       
# span 9 =     9.1295,    21.9609       
# span 10 =    35.1357,    36.5443      
# span 11 =  1025.1235,  1028.8330      
# span 12 =    25.1019,    27.2037      
# span 13 =    3.44904,    4.54443      
# span 14 =         14,         60      
# span 15 = 0.0000e+00, 0.0000e+00      
# interval = meters: 1                  
# start_time = Jun 12 2012 12:58:01
# bad_flag = -9.990e-29
*END*
[from data line 272]
       9396 164.544820      0.828    278.998    10.9466   3.947347     2.7947    277.000 4.8723e-02    10.9120    35.3586  1028.3178    27.0709    4.37613         31 0.0000e+00
       9425 164.544834      0.799    280.011    10.9131   3.943752     2.7937    278.000 4.8985e-02    10.8784    35.3544  1028.3253    27.0737    4.37790         27 0.0000e+00
       9450 164.544846      0.912    281.015    10.8851   3.940511     2.7916    279.000 4.8784e-02    10.8504    35.3485  1028.3304    27.0742    4.37687         23 0.0000e+00
       9475 164.544858      0.965    282.022    10.8478   3.936644     2.7906    280.000 4.8741e-02    10.8130    35.3452  1028.3393    27.0784    4.37870         25 0.0000e+00
       9500 164.544870      0.971    283.035    10.8317   3.934931     2.7874    281.000 4.8791e-02    10.7969    35.3430  1028.3452    27.0796    4.37414         25 0.0000e+00
       9523 164.544881      1.017    284.039    10.8136   3.933121     2.7860    282.000 4.8948e-02    10.7787    35.3419  1028.3521    27.0820    4.37346         22 0.0000e+00
       9546 164.544892      1.067    285.047    10.8034   3.931932     2.7853    283.000 4.8527e-02    10.7684    35.3393  1028.3566    27.0819    4.37373         23 0.0000e+00
       9571 164.544904      1.024    286.054    10.7900   3.930456     2.7833    284.000 4.8794e-02    10.7549    35.3370  1028.3617    27.0824    4.37146         26 0.0000e+00
       9601 164.544919      0.854    287.061    10.7632   3.927616     2.7810    285.000 4.8655e-02    10.7280    35.3339  1028.3688    27.0849    4.36977         33 0.0000e+00
       9633 164.544935      0.726    288.080    10.7514   3.926279     2.7782    286.000 4.8666e-02    10.7161    35.3314  1028.3736    27.0851    4.36552         28 0.0000e+00
       9656 164.544945      0.891    289.084    10.7312   3.924209     2.7771    287.000 4.8657e-02    10.6958    35.3296  1028.3804    27.0873    4.36564         20 0.0000e+00
       9676 164.544955      1.136    290.093    10.7143   3.922259     2.7746    288.000 4.8780e-02    10.6789    35.3258  1028.3852    27.0874    4.36270         19 0.0000e+00
       9693 164.544963      1.254    291.096    10.6972   3.920521     2.7734    289.000 4.8548e-02    10.6617    35.3244  1028.3917    27.0893    4.36246         17 0.0000e+00
       9710 164.544972      1.360    292.106    10.6873   3.919611     2.7716    290.000 4.8636e-02    10.6516    35.3244  1028.3981    27.0911    4.36004         18 0.0000e+00
       9728 164.544980      1.399    293.105    10.6751   3.918197     2.7714    291.000 4.9109e-02    10.6393    35.3215  1028.4025    27.0911    4.36139         18 0.0000e+00
       9751 164.544991      1.232    294.114    10.6637   3.917102     2.7697    292.000 4.8803e-02    10.6279    35.3209  1028.4087    27.0927    4.35960         28 0.0000e+00
       9778 164.545004      0.942    295.132    10.6343   3.913402     2.7658    293.000 4.8593e-02    10.5984    35.3116  1028.4115    27.0907    4.35475         25 0.0000e+00
       9802 164.545016      0.931    296.142    10.5042   3.899005     2.7604    294.000 4.8782e-02    10.4685    35.2917  1028.4243    27.0981    4.35648         19 0.0000e+00
       9820 164.545025      1.124    297.150    10.4633   3.895305     2.7574    295.000 4.9068e-02    10.4275    35.2934  1028.4377    27.1068    4.35437         17 0.0000e+00
       9836 164.545032      1.341    298.155    10.4560   3.894563     2.7552    296.000 4.8495e-02    10.4201    35.2925  1028.4428    27.1074    4.35098         15 0.0000e+00
       9851 164.545039      1.503    299.159    10.4471   3.893576     2.7515    297.000 4.8842e-02    10.4112    35.2906  1028.4474    27.1074    4.34465         16 0.0000e+00
       9866 164.545047      1.588    300.162    10.4376   3.892567     2.7496    298.000 4.8439e-02    10.4015    35.2892  1028.4526    27.1081    4.34226         15 0.0000e+00
       9883 164.545055      1.552    301.171    10.4258   3.891331     2.7485    299.000 4.8711e-02    10.3896    35.2877  1028.4581    27.1090    4.34154         19 0.0000e+00
       9903 164.545065      1.364    302.180    10.4128   3.889907     2.7462    300.000 4.8718e-02    10.3765    35.2854  1028.4632    27.1095    4.33857         20 0.0000e+00
       9925 164.545075      1.167    303.189    10.3993   3.888587     2.7440    301.000 4.8627e-02    10.3630    35.2846  1028.4695    27.1112    4.33569         23 0.0000e+00
       9948 164.545086      1.071    304.201    10.3629   3.884252     2.7407    302.000 4.8575e-02    10.3265    35.2755  1028.4736    27.1105    4.33285         23 0.0000e+00
       9971 164.545097      1.055    305.209    10.3111   3.878833     2.7376    303.000 4.8681e-02    10.2747    35.2702  1028.4834    27.1155    4.33171         23 0.0000e+00
       9993 164.545108      1.066    306.220    10.2645   3.873788     2.7350    304.000 4.8595e-02    10.2281    35.2638  1028.4913    27.1186    4.33125         20 0.0000e+00
      10013 164.545118      1.149    307.227    10.2345   3.870771     2.7317    305.000 4.8596e-02    10.1980    35.2617  1028.4997    27.1222    4.32765         20 0.0000e+00
      10031 164.545126      1.236    308.231    10.2144   3.868551     2.7296    306.000 4.8569e-02    10.1778    35.2583  1028.5051    27.1230    4.32559         18 0.0000e+00
      10051 164.545136      1.276    309.238    10.1937   3.866562     2.7267    307.000 4.8607e-02    10.1571    35.2576  1028.5128    27.1261    4.32185         21 0.0000e+00
      10071 164.545146      1.227    310.248    10.1848   3.865668     2.7242    308.000 4.8536e-02    10.1481    35.2567  1028.5182    27.1269    4.31795         20 0.0000e+00
      10092 164.545156      1.177    311.259    10.1668   3.863536     2.7221    309.000 4.8845e-02    10.1300    35.2520  1028.5224    27.1264    4.31594         20 0.0000e+00
      10112 164.545165      1.188    312.263    10.1365   3.860314     2.7204    310.000 4.8897e-02    10.0996    35.2481  1028.5293    27.1287    4.31579         21 0.0000e+00
      10132 164.545175      1.209    313.271    10.1153   3.858293     2.7177    311.000 4.8776e-02    10.0783    35.2478  1028.5373    27.1320    4.31246         19 0.0000e+00
      10155 164.545186      1.138    314.277    10.1088   3.857719     2.7160    312.000 4.8536e-02    10.0717    35.2477  1028.5430    27.1332    4.31016         25 0.0000e+00
      10182 164.545199      0.952    315.289    10.1087   3.857736     2.7164    313.000 4.8756e-02    10.0716    35.2475  1028.5474    27.1330    4.31151         27 0.0000e+00
      10205 164.545210      0.941    316.305    10.1030   3.857169     2.7164    314.000 4.8782e-02    10.0657    35.2468  1028.5524    27.1335    4.31268         21 0.0000e+00
      10223 164.545219      1.121    317.307    10.1015   3.857096     2.7150    315.000 4.8764e-02    10.0641    35.2471  1028.5574    27.1340    4.31035         16 0.0000e+00
      10241 164.545228      1.325    318.312    10.0868   3.854988     2.7130    316.000 4.8597e-02    10.0493    35.2394  1028.5585    27.1305    4.30813         20 0.0000e+00
      10260 164.545237      1.326    319.319    10.0291   3.849225     2.7104    317.000 4.9032e-02     9.9916    35.2363  1028.5709    27.1380    4.30861         18 0.0000e+00
      10280 164.545246      1.279    320.324    10.0005   3.846186     2.7083    318.000 4.8737e-02     9.9630    35.2326  1028.5777    27.1400    4.30731         22 0.0000e+00
      10303 164.545258      1.128    321.340     9.9794   3.844093     2.7070    319.000 4.8520e-02     9.9418    35.2312  1028.5849    27.1426    4.30711         23 0.0000e+00
      10325 164.545268      1.059    322.343     9.9683   3.842912     2.7056    320.000 4.8715e-02     9.9306    35.2294  1028.5900    27.1431    4.30585         20 0.0000e+00
      10345 164.545278      1.136    323.357     9.9566   3.841669     2.7036    321.000 4.8564e-02     9.9188    35.2277  1028.5953    27.1438    4.30317         18 0.0000e+00
      10363 164.545287      1.249    324.360     9.9427   3.840137     2.7014    322.000 4.8648e-02     9.9048    35.2251  1028.6003    27.1441    4.30035         19 0.0000e+00
      10382 164.545296      1.301    325.365     9.9311   3.839034     2.7005    323.000 4.8608e-02     9.8931    35.2246  1028.6065    27.1458    4.30012         21 0.0000e+00
      10406 164.545307      1.150    326.372     9.9119   3.837050     2.6995    324.000 4.8614e-02     9.8739    35.2225  1028.6128    27.1474    4.30030         27 0.0000e+00
      10438 164.545322      0.822    327.391     9.8961   3.835382     2.6967    325.000 4.8492e-02     9.8580    35.2203  1028.6184    27.1484    4.29655         32 0.0000e+00
      10463 164.545335      0.845    328.402     9.8770   3.833373     2.6957    326.000 4.8780e-02     9.8389    35.2179  1028.6244    27.1497    4.29663         22 0.0000e+00
      10482 164.545344      1.065    329.405     9.8619   3.831678     2.6936    327.000 4.8764e-02     9.8236    35.2148  1028.6292    27.1499    4.29421         16 0.0000e+00
      10499 164.545352      1.278    330.411     9.8245   3.827354     2.6905    328.000 4.8975e-02     9.7862    35.2064  1028.6338    27.1497    4.29179         18 0.0000e+00
      10519 164.545362      1.350    331.401     9.7705   3.822114     2.6892    329.000 4.8406e-02     9.7322    35.2048  1028.6466    27.1576    4.29454         25 0.0000e+00
      10552 164.545378      0.817    332.433     9.7513   3.819937     2.6859    330.000 4.8952e-02     9.7129    35.2008  1028.6514    27.1577    4.28987         32 0.0000e+00
      10581 164.545392      0.804    333.441     9.7073   3.815284     2.6826    331.000 4.8750e-02     9.6689    35.1954  1028.6594    27.1609    4.28759         28 0.0000e+00
      10605 164.545403      0.891    334.449     9.6577   3.809778     2.6812    332.000 4.8595e-02     9.6194    35.1866  1028.6658    27.1624    4.28978         20 0.0000e+00
      10624 164.545412      1.121    335.441     9.6362   3.807993     2.6790    333.000 4.8617e-02     9.5978    35.1888  1028.6758    27.1677    4.28750         22 0.0000e+00
      10661 164.545430      0.809    336.455     9.6227   3.806712     2.6768    334.000 4.8758e-02     9.5842    35.1883  1028.6822    27.1696    4.28454         54 0.0000e+00
      10714 164.545456      0.392    337.477     9.6061   3.804885     2.6738    335.000 4.8574e-02     9.5675    35.1853  1028.6874    27.1700    4.28034         38 0.0000e+00
      10741 164.545469      0.735    338.479     9.6008   3.804429     2.6721    336.000 4.8492e-02     9.5621    35.1852  1028.6928    27.1709    4.27763         21 0.0000e+00
      10763 164.545479      1.016    339.478     9.5956   3.803854     2.6716    337.000 4.8639e-02     9.5568    35.1839  1028.6972    27.1708    4.27770         25 0.0000e+00
      10794 164.545494      0.894    340.490     9.5806   3.802354     2.6719    338.000 4.8832e-02     9.5417    35.1827  1028.7034    27.1723    4.28028         37 0.0000e+00
      10829 164.545511      0.657    341.506     9.5536   3.799268     2.6697    339.000 4.8490e-02     9.5147    35.1767  1028.7080    27.1722    4.27881         28 0.0000e+00
      10852 164.545522      0.871    342.513     9.4867   3.792017     2.6673    340.000 4.8501e-02     9.4479    35.1667  1028.7163    27.1755    4.28060         18 0.0000e+00
      10872 164.545532      1.117    343.506     9.4455   3.787944     2.6665    341.000 4.8735e-02     9.4066    35.1645  1028.7262    27.1806    4.28335         22 0.0000e+00
      11459 164.545815      1.274    344.510     9.4124   3.784473     2.6615    342.000 4.8516e-02     9.3735    35.1605  1028.7333    27.1829    4.27605         23 0.0000e+00
      11603 164.545885      1.135    345.519     9.3788   3.781183     2.6589    343.000 4.8323e-02     9.3399    35.1588  1028.7423    27.1871    4.27406         38 0.0000e+00
      11693 164.545928      0.292    346.549     9.3595   3.779151     2.6579    344.000 4.8530e-02     9.3205    35.1562  1028.7482    27.1883    4.27438         37 0.0000e+00
      11728 164.545945      0.620    347.551     9.3364   3.776691     2.6567    345.000 4.8333e-02     9.2974    35.1529  1028.7541    27.1895    4.27465         22 0.0000e+00
      11860 164.546008      0.719    348.553     9.3214   3.775344     2.6500    346.000 4.8419e-02     9.2823    35.1531  1028.7614    27.1922    4.26179         52 0.0000e+00
      12113 164.546130      0.567    349.568     9.2987   3.772836     2.6412    347.000 4.8080e-02     9.2595    35.1489  1028.7666    27.1926    4.24543         31 0.0000e+00
      12132 164.546140      0.798    350.580     9.2870   3.771728     2.6430    348.000 4.8546e-02     9.2477    35.1484  1028.7728    27.1942    4.25094         24 0.0000e+00
      12156 164.546151      0.983    351.574     9.2764   3.770724     2.6446    349.000 4.8403e-02     9.2370    35.1479  1028.7787    27.1955    4.25595         30 0.0000e+00
      12204 164.546174      0.549    352.591     9.2713   3.770211     2.6456    350.000 4.8648e-02     9.2319    35.1471  1028.7835    27.1957    4.25931         60 0.0000e+00
      12255 164.546199      0.416    353.614     9.2329   3.765914     2.6439    351.000 4.8552e-02     9.1934    35.1396  1028.7888    27.1962    4.25980         26 0.0000e+00
      12275 164.546208      0.863    354.605     9.2119   3.764001     2.6434    352.000 4.8298e-02     9.1724    35.1399  1028.7971    27.1998    4.26121         20 0.0000e+00
      12296 164.546219      1.167    355.614     9.1983   3.762515     2.6423    353.000 4.8414e-02     9.1587    35.1373  1028.8020    27.2001    4.26087         20 0.0000e+00
      12322 164.546231      1.052    356.617     9.1828   3.761031     2.6414    354.000 4.8873e-02     9.1431    35.1366  1028.8086    27.2020    4.26090         31 0.0000e+00
      12355 164.546247      0.743    357.635     9.1733   3.760114     2.6400    355.000 4.8453e-02     9.1335    35.1359  1028.8142    27.2031    4.25922         33 0.0000e+00
      12386 164.546262      0.758    358.640     9.1723   3.760051     2.6392    356.000 4.8418e-02     9.1325    35.1357  1028.8188    27.2031    4.25807         29 0.0000e+00
      12418 164.546277      0.783    359.648     9.1700   3.759870     2.6381    357.000 4.8661e-02     9.1300    35.1357  1028.8237    27.2034    4.25660         34 0.0000e+00
      12450 164.546293      0.745    360.655     9.1695   3.759878     2.6377    358.000 4.8611e-02     9.1295    35.1357  1028.8283    27.2035    4.25625         32 0.0000e+00
      12788 164.546456      0.135    361.654     9.1705   3.760050     2.6191    359.000 4.3377e-02     9.1303    35.1361  1028.8330    27.2037    4.21583         60 0.0000e+00
