jupyter/NEMEA/cnv_final/cnv_final/out_dMCTV010.cnv
* Sea-Bird SBE 9 Data File:
* FileName = D:\ACEX\brutos\MCTV010.hex
* Software Version Seasave V 7.17
* Temperature SN = 4821
* Conductivity SN = 3367
* Number of Bytes Per Scan = 21
* Number of Voltage Words = 3
* Number of Scans Averaged by the Deck Unit = 1
* NMEA UTC (Time) = Jun 14 2012 10:52:44
* NMEA Longitude =  046 37.69 W
* NMEA Latitude =  27 00.43 S
** H38 
** NHo Cruzeiro do Sul 
** 222 
** MCTV ACEx 
**   010
**   27 00.43 S
**   046 37.69 W
**   14/06/2012 13:51Z
**   309
** 9P46375-0882 
**   1T Oliveira Santos
# nquan = 16
# nvalues = 270                         
# units = specified
# name 0 = scan: Scan Count
# name 1 = timeJ: Julian Days
# name 2 = dz/dtM: Descent Rate [m/s]
# name 3 = prDM: Pressure, Digiquartz [db]
# name 4 = t090C: Temperature [ITS-90, deg C]
# name 5 = c0S/m: Conductivity [S/m]
# name 6 = sbeox0V: Oxygen Voltage, SBE 43
# name 7 = depSM: Depth [salt water, m]
# name 8 = flSP: Fluorescence, Seapoint
# name 9 = potemp090C: Potential Temperature [ITS-90, deg C]
# name 10 = sal00: Salinity [PSU]
# name 11 = density00: Density [density, Kg/m^3]
# name 12 = sigma-é00: Density [sigma-theta, Kg/m^3]
# name 13 = sbeox0ML/L: Oxygen, SBE 43 [ml/l], WS = 2
# name 14 = nbin: number of scans per bin
# name 15 = flag: flag
# span 0 =       2492,      21232       
# span 1 = 166.454489, 166.463525       
# span 2 =      0.189,      0.871       
# span 3 =      5.032,    275.611       
# span 4 =    13.7783,    23.0599       
# span 5 =   4.265015,   5.394098       
# span 6 =     2.4380,     3.4784       
# span 7 =      5.000,    274.000       
# span 8 = 5.1574e-02, 4.1128e-01       
# span 9 =    13.7385,    23.0476       
# span 10 =    35.7558,    37.2123      
# span 11 =  1025.4479,  1028.0419      
# span 12 =    25.4265,    26.8266      
# span 13 =    3.34444,    4.45832      
# span 14 =          2,         77      
# span 15 = 0.0000e+00, 0.0000e+00      
# interval = meters: 1                  
# start_time = Jun 14 2012 10:52:44
# bad_flag = -9.990e-29
*END*
[from data line 91]
       8236 166.457258      0.317     96.656    20.2698   5.049151     3.1975     96.000 2.0208e-01    20.2516    36.8461  1026.5190    26.1034    4.21923         29 0.0000e+00
       8263 166.457272      0.766     97.654    20.1998   5.039629     3.1932     97.000 2.0063e-01    20.1814    36.8286  1026.5289    26.1089    4.21816         32 0.0000e+00
       8300 166.457289      0.688     98.659    20.0887   5.025407     3.1871     98.000 1.9072e-01    20.0702    36.8083  1026.5476    26.1231    4.21719         45 0.0000e+00
       8356 166.457316      0.419     99.668    20.0155   5.015907     3.1828     99.000 1.9267e-01    19.9969    36.7936  1026.5604    26.1314    4.21625         56 0.0000e+00
       8416 166.457345      0.395    100.678    19.8837   4.999237     3.1700    100.000 1.8355e-01    19.8650    36.7710  1026.5828    26.1493    4.20547         52 0.0000e+00
       8454 166.457363      0.605    101.689    19.7745   4.985051     3.1603    101.000 1.7073e-01    19.7557    36.7489  1026.5993    26.1613    4.19818         29 0.0000e+00
       8482 166.457377      0.819    102.690    19.6814   4.972697     3.1511    102.000 1.6753e-01    19.6625    36.7277  1026.6122    26.1697    4.19046         30 0.0000e+00
       8518 166.457394      0.718    103.693    19.5642   4.958469     3.1486    103.000 1.6738e-01    19.5452    36.7119  1026.6355    26.1885    4.19597         36 0.0000e+00
       8567 166.457418      0.459    104.697    19.5342   4.955188     3.1489    104.000 1.6671e-01    19.5150    36.7106  1026.6468    26.1954    4.19921         37 0.0000e+00
       8661 166.457463      0.286    105.714    19.4877   4.949270     3.1505    105.000 1.6545e-01    19.4684    36.7018  1026.6568    26.2009    4.20632         48 0.0000e+00
       8713 166.457489      0.472    106.715    19.4488   4.944367     3.1504    106.000 1.5507e-01    19.4293    36.6948  1026.6660    26.2058    4.20981         44 0.0000e+00
       8754 166.457508      0.586    107.727    19.4146   4.939866     3.1472    107.000 1.5018e-01    19.3949    36.6870  1026.6734    26.2087    4.20757         37 0.0000e+00
       8793 166.457527      0.629    108.732    19.3450   4.931190     3.1434    108.000 1.4668e-01    19.3252    36.6754  1026.6872    26.2181    4.20721         40 0.0000e+00
       8849 166.457554      0.403    109.744    19.3227   4.928480     3.1424    109.000 1.5192e-01    19.3027    36.6720  1026.6948    26.2213    4.20773         53 0.0000e+00
       8916 166.457586      0.355    110.717    19.2671   4.920929     3.1421    110.000 1.5790e-01    19.2470    36.6574  1026.7025    26.2246    4.21233         55 0.0000e+00
       8978 166.457616      0.408    111.757    19.1632   4.908288     3.1357    111.000 1.5421e-01    19.1430    36.6427  1026.7229    26.2404    4.21009         56 0.0000e+00
       9046 166.457649      0.362    112.760    19.1001   4.900430     3.1304    112.000 1.5256e-01    19.0798    36.6320  1026.7355    26.2486    4.20660         52 0.0000e+00
       9093 166.457672      0.523    113.772    19.0449   4.893532     3.1264    113.000 1.4672e-01    19.0245    36.6224  1026.7469    26.2555    4.20460         41 0.0000e+00
       9136 166.457692      0.558    114.770    19.0068   4.888185     3.1229    114.000 1.3728e-01    18.9861    36.6107  1026.7523    26.2564    4.20232         37 0.0000e+00
       9187 166.457717      0.471    115.769    18.8297   4.866776     3.1229    115.000 1.1527e-01    18.8090    36.5865  1026.7839    26.2834    4.21688         47 0.0000e+00
       9272 166.457758      0.295    116.794    18.8012   4.864146     3.1324    116.000 1.1299e-01    18.7804    36.5890  1026.7976    26.2927    4.23628         50 0.0000e+00
       9311 166.457777      0.583    117.796    18.7897   4.862703     3.1325    117.000 1.0803e-01    18.7687    36.5866  1026.8032    26.2939    4.23789         37 0.0000e+00
       9357 166.457799      0.533    118.802    18.7787   4.861404     3.1329    118.000 1.1372e-01    18.7575    36.5851  1026.8092    26.2955    4.24001         52 0.0000e+00
       9424 166.457831      0.337    119.810    18.7621   4.859290     3.1304    119.000 1.1240e-01    18.7407    36.5815  1026.8151    26.2971    4.23759         50 0.0000e+00
       9473 166.457855      0.511    120.820    18.7044   4.851539     3.1261    120.000 1.0752e-01    18.6830    36.5666  1026.8229    26.3004    4.23553         43 0.0000e+00
       9518 166.457876      0.541    121.826    18.6463   4.844854     3.1261    121.000 1.0532e-01    18.6247    36.5611  1026.8380    26.3110    4.24074         49 0.0000e+00
       9578 166.457905      0.383    122.833    18.6272   4.842656     3.1218    122.000 9.6573e-02    18.6054    36.5590  1026.8458    26.3144    4.23525         60 0.0000e+00
       9654 166.457942      0.308    123.841    18.6000   4.839346     3.1253    123.000 9.6730e-02    18.5781    36.5546  1026.8538    26.3179    4.24410         62 0.0000e+00
       9709 166.457969      0.445    124.848    18.5730   4.835877     3.1249    124.000 9.2918e-02    18.5509    36.5488  1026.8606    26.3204    4.24628         39 0.0000e+00
       9739 166.457983      0.710    125.854    18.5513   4.833189     3.1199    125.000 9.9221e-02    18.5290    36.5449  1026.8676    26.3229    4.23982         27 0.0000e+00
       9766 166.457996      0.871    126.853    18.5314   4.830821     3.1176    126.000 9.2713e-02    18.5090    36.5420  1026.8748    26.3258    4.23801         26 0.0000e+00
       9807 166.458016      0.631    127.868    18.5141   4.828298     3.1146    127.000 9.5088e-02    18.4915    36.5356  1026.8787    26.3253    4.23487         48 0.0000e+00
       9862 166.458043      0.428    128.863    18.4355   4.818428     3.1044    128.000 9.9182e-02    18.4128    36.5211  1026.8920    26.3341    4.22393         48 0.0000e+00
       9926 166.458073      0.404    129.878    18.3399   4.805721     3.0859    129.000 1.0718e-01    18.3171    36.4973  1026.9025    26.3400    4.19990         42 0.0000e+00
       9969 166.458094      0.525    130.876    18.2096   4.789378     3.0766    130.000 1.0140e-01    18.1868    36.4733  1026.9215    26.3543    4.19465         31 0.0000e+00
      10000 166.458109      0.755    131.895    18.1457   4.781596     3.0682    131.000 1.0345e-01    18.1227    36.4633  1026.9344    26.3627    4.18542         25 0.0000e+00
      10037 166.458127      0.682    132.879    18.1114   4.777547     3.0622    132.000 1.0419e-01    18.0883    36.4588  1026.9439    26.3679    4.17816         41 0.0000e+00
      10127 166.458170      0.310    133.870    18.0820   4.774049     3.0535    133.000 1.0768e-01    18.0587    36.4546  1026.9524    26.3721    4.16562         15 0.0000e+00
      10263 166.458236      0.307    134.919    18.0318   4.767643     3.0457    134.000 9.9862e-02    18.0084    36.4440  1026.9615    26.3764    4.15653         60 0.0000e+00
      10328 166.458267      0.324    135.927    17.9540   4.757921     3.0367    135.000 1.0559e-01    17.9305    36.4295  1026.9743    26.3847    4.14735         42 0.0000e+00
      10381 166.458293      0.491    136.940    17.8335   4.741740     3.0262    136.000 9.1510e-02    17.8100    36.3974  1026.9842    26.3899    4.13922         37 0.0000e+00
      10425 166.458314      0.552    137.931    17.6221   4.714563     3.0075    137.000 9.2055e-02    17.5985    36.3513  1027.0058    26.4067    4.12368         48 0.0000e+00
      10508 166.458354      0.294    138.947    17.4910   4.699774     2.9832    138.000 1.0233e-01    17.4674    36.3402  1027.0341    26.4303    4.09084         58 0.0000e+00
      10571 166.458384      0.414    139.961    17.4353   4.692249     2.9676    139.000 9.8926e-02    17.4116    36.3245  1027.0402    26.4318    4.06817         43 0.0000e+00
      10606 166.458401      0.644    140.962    17.3952   4.687187     2.9499    140.000 1.1495e-01    17.3713    36.3160  1027.0479    26.4351    4.04003         35 0.0000e+00
      10648 166.458422      0.593    141.969    17.3712   4.684229     2.9359    141.000 1.0712e-01    17.3472    36.3114  1027.0547    26.4374    4.01730         52 0.0000e+00
      10712 166.458453      0.351    142.978    17.2352   4.666624     2.9028    142.000 1.1983e-01    17.2112    36.2797  1027.0681    26.4461    3.96903         51 0.0000e+00
      10757 166.458474      0.533    143.986    17.0251   4.640105     2.8654    143.000 1.2604e-01    17.0011    36.2365  1027.0904    26.4635    3.91856         35 0.0000e+00
      10791 166.458491      0.704    144.989    16.9242   4.627790     2.8394    144.000 1.1798e-01    16.9002    36.2189  1027.1057    26.4741    3.87965         32 0.0000e+00
      10844 166.458516      0.502    145.990    16.7648   4.607461     2.8095    145.000 1.1745e-01    16.7408    36.1834  1027.1211    26.4848    3.83820         37 0.0000e+00
      10927 166.458556      0.366    147.003    16.5856   4.586002     2.7799    146.000 1.0155e-01    16.5616    36.1554  1027.1470    26.5057    3.79825         45 0.0000e+00
      10966 166.458575      0.605    148.021    16.4872   4.574062     2.7672    147.000 1.2017e-01    16.4631    36.1384  1027.1618    26.5159    3.78291         33 0.0000e+00
      11000 166.458591      0.709    149.016    16.4286   4.567237     2.7555    148.000 1.0967e-01    16.4045    36.1305  1027.1740    26.5235    3.76627         35 0.0000e+00
      11042 166.458612      0.583    150.028    16.4006   4.564187     2.7427    149.000 1.1282e-01    16.3762    36.1284  1027.1835    26.5286    3.74533         48 0.0000e+00
      11102 166.458640      0.344    151.002    16.3877   4.562542     2.7370    150.000 1.0711e-01    16.3632    36.1251  1027.1883    26.5291    3.73636         37 0.0000e+00
      11200 166.458688      0.302    152.043    16.3491   4.558132     2.7310    151.000 1.1239e-01    16.3245    36.1205  1027.1984    26.5346    3.72883         62 0.0000e+00
      11257 166.458715      0.433    153.050    16.3043   4.552486     2.7241    152.000 1.1518e-01    16.2796    36.1105  1027.2058    26.5374    3.72000         48 0.0000e+00
      11303 166.458737      0.523    154.050    16.2510   4.545940     2.7169    153.000 1.0750e-01    16.2262    36.1001  1027.2147    26.5418    3.71126         37 0.0000e+00
      11351 166.458761      0.499    155.058    16.1636   4.535839     2.7138    154.000 1.0669e-01    16.1387    36.0891  1027.2312    26.5537    3.71246         58 0.0000e+00
      11418 166.458793      0.353    156.072    16.1007   4.528401     2.7158    155.000 1.0130e-01    16.0757    36.0794  1027.2429    26.5608    3.72125         62 0.0000e+00
      11482 166.458824      0.374    157.077    16.0470   4.521988     2.7149    156.000 1.0478e-01    16.0219    36.0704  1027.2530    26.5663    3.72400         62 0.0000e+00
      11561 166.458862      0.296    158.082    15.9531   4.510789     2.7114    157.000 9.8853e-02    15.9280    36.0552  1027.2676    26.5762    3.72502         54 0.0000e+00
      11618 166.458889      0.454    159.098    15.8411   4.497262     2.7103    158.000 9.7405e-02    15.8159    36.0354  1027.2829    26.5868    3.73193         39 0.0000e+00
      11653 166.458906      0.670    160.105    15.8118   4.493884     2.7141    159.000 9.2623e-02    15.7865    36.0314  1027.2910    26.5904    3.74180         33 0.0000e+00
      11686 166.458922      0.738    161.108    15.7559   4.487600     2.7208    160.000 8.9617e-02    15.7305    36.0254  1027.3037    26.5986    3.75883         32 0.0000e+00
      11726 166.458942      0.615    162.115    15.7329   4.484988     2.7259    161.000 8.7456e-02    15.7074    36.0224  1027.3112    26.6016    3.77056         48 0.0000e+00
      11776 166.458965      0.480    163.124    15.7024   4.481454     2.7314    162.000 8.3564e-02    15.6768    36.0180  1027.3193    26.6051    3.78367         45 0.0000e+00
      11820 166.458987      0.544    164.131    15.6884   4.480073     2.7378    163.000 8.3835e-02    15.6626    36.0179  1027.3269    26.6083    3.79713         41 0.0000e+00
      11863 166.459008      0.561    165.138    15.6838   4.479644     2.7386    164.000 8.4086e-02    15.6579    36.0179  1027.3323    26.6093    3.79942         43 0.0000e+00
      11904 166.459027      0.586    166.146    15.6845   4.479777     2.7404    165.000 8.1777e-02    15.6584    36.0180  1027.3367    26.6093    3.80331         39 0.0000e+00
      11939 166.459044      0.682    167.155    15.6753   4.478582     2.7389    166.000 8.4090e-02    15.6490    36.0153  1027.3412    26.6094    3.80179         30 0.0000e+00
      11971 166.459059      0.749    168.158    15.6544   4.476134     2.7372    167.000 8.3440e-02    15.6280    36.0118  1027.3477    26.6115    3.80070         33 0.0000e+00
      12018 166.459082      0.561    169.163    15.6354   4.474150     2.7344    168.000 8.1024e-02    15.6089    36.0109  1027.3558    26.6151    3.79735         27 0.0000e+00
      12103 166.459123      0.339    170.170    15.6376   4.474460     2.7305    169.000 8.2520e-02    15.6109    36.0113  1027.3600    26.6149    3.79038         48 0.0000e+00
      12142 166.459142      0.603    171.183    15.6374   4.474458     2.7316    170.000 8.2023e-02    15.6105    36.0111  1027.3644    26.6149    3.79300         33 0.0000e+00
      12177 166.459159      0.689    172.187    15.6016   4.469874     2.7296    171.000 8.1190e-02    15.5746    36.0019  1027.3700    26.6160    3.79251         37 0.0000e+00
      12245 166.459192      0.417    173.192    15.5399   4.463034     2.7360    172.000 8.0088e-02    15.5128    35.9961  1027.3841    26.6255    3.80971         39 0.0000e+00
      12346 166.459240      0.304    174.204    15.4396   4.451507     2.7666    173.000 7.6402e-02    15.4125    35.9832  1027.4016    26.6382    3.87530         67 0.0000e+00
      12403 166.459268      0.429    175.213    15.4138   4.448843     2.8098    174.000 6.7418e-02    15.3865    35.9823  1027.4112    26.6433    3.95894         52 0.0000e+00
      12455 166.459293      0.467    176.223    15.4083   4.448365     2.8467    175.000 6.4356e-02    15.3809    35.9825  1027.4171    26.6448    4.02920         44 0.0000e+00
      12494 166.459312      0.609    177.224    15.4066   4.448324     2.8721    176.000 6.0621e-02    15.3790    35.9833  1027.4225    26.6458    4.07754         41 0.0000e+00
      12594 166.459360      0.324    178.225    15.4052   4.448306     2.9009    177.000 5.9849e-02    15.3776    35.9840  1027.4277    26.6466    4.13227         35 0.0000e+00
      12678 166.459401      0.348    179.241    15.4056   4.448423     2.9153    178.000 5.8410e-02    15.3778    35.9843  1027.4324    26.6468    4.15985         53 0.0000e+00
      12729 166.459425      0.466    180.248    15.4048   4.448366     2.9195    179.000 5.7982e-02    15.3768    35.9841  1027.4369    26.6469    4.16849         60 0.0000e+00
      12791 166.459455      0.366    181.258    15.3973   4.447544     2.9271    180.000 5.7455e-02    15.3692    35.9831  1027.4422    26.6479    4.18397         51 0.0000e+00
      12845 166.459481      0.451    182.261    15.3902   4.446739     2.9324    181.000 5.6362e-02    15.3619    35.9819  1027.4473    26.6485    4.19506         57 0.0000e+00
      12942 166.459528      0.258    183.268    15.3683   4.444203     2.9428    182.000 5.6090e-02    15.3399    35.9785  1027.4542    26.6509    4.21710         38 0.0000e+00
      13021 166.459566      0.341    184.272    15.3436   4.441381     2.9580    183.000 5.2774e-02    15.3151    35.9751  1027.4616    26.6539    4.24829         47 0.0000e+00
      13071 166.459590      0.473    185.261    15.3290   4.439654     2.9629    184.000 5.3559e-02    15.3003    35.9725  1027.4673    26.6551    4.25942         49 0.0000e+00
