jupyter/NEMEA/cnv_final/cnv_final/out_dMCTV003.cnv
* Sea-Bird SBE 9 Data File:
* FileName = D:\ACEX\brutos\MCTV003.hex
* Software Version Seasave V 7.17
* Temperature SN = 4821
* Conductivity SN = 3367
* Number of Bytes Per Scan = 21
* Number of Voltage Words = 3
* Number of Scans Averaged by the Deck Unit = 1
* NMEA UTC (Time) = Jun 12 2012 15:52:10
* NMEA Longitude =  045 54.456 W
* NMEA Latitude =  25 56.592 S
** H38 
** NHo Cruzeiro do Sul 
** 222 
** MCTV ACEx 
**   003
**   25 56.592 S
**   045 54.456 W
**   12/06/2012 18:51Z
**   277
** 9P46375-0882 
**   1T Oliveira Santos
# nquan = 16
# nvalues = 246                         
# units = specified
# name 0 = scan: Scan Count
# name 1 = timeJ: Julian Days
# name 2 = dz/dtM: Descent Rate [m/s]
# name 3 = prDM: Pressure, Digiquartz [db]
# name 4 = t090C: Temperature [ITS-90, deg C]
# name 5 = c0S/m: Conductivity [S/m]
# name 6 = sbeox0V: Oxygen Voltage, SBE 43
# name 7 = depSM: Depth [salt water, m]
# name 8 = flSP: Fluorescence, Seapoint
# name 9 = potemp090C: Potential Temperature [ITS-90, deg C]
# name 10 = sal00: Salinity [PSU]
# name 11 = density00: Density [density, Kg/m^3]
# name 12 = sigma-é00: Density [sigma-theta, Kg/m^3]
# name 13 = sbeox0ML/L: Oxygen, SBE 43 [ml/l], WS = 2
# name 14 = nbin: number of scans per bin
# name 15 = flag: flag
# span 0 =       6790,      19208       
# span 1 = 164.664501, 164.670489       
# span 2 =      0.182,      1.266       
# span 3 =      5.035,    251.775       
# span 4 =    11.4260,    21.8563       
# span 5 =   3.999755,   5.128512       
# span 6 =     2.6225,     3.5071       
# span 7 =      5.000,    250.000       
# span 8 = 4.8915e-02, 5.0433e-02       
# span 9 =    11.3940,    21.8499       
# span 10 =    35.4319,    36.3494      
# span 11 =  1025.0132,  1028.1623      
# span 12 =    24.9916,    27.0394      
# span 13 =    3.64706,    4.60185      
# span 14 =         18,         70      
# span 15 = 0.0000e+00, 0.0000e+00      
# interval = meters: 1                  
# start_time = Jun 12 2012 15:52:10
# bad_flag = -9.990e-29
*END*
[from data line 91]
      11191 164.666623      0.774     96.649    14.9675   4.393695     2.7020     96.000 4.9043e-02    14.9529    35.9218  1027.1182    26.6934    3.75042         30 0.0000e+00
      11229 164.666641      0.675     97.658    14.9332   4.389867     2.6996     97.000 4.9184e-02    14.9184    35.9179  1027.1273    26.6980    3.74895         43 0.0000e+00
      11267 164.666660      0.624     98.665    14.9019   4.386289     2.7004     98.000 4.9189e-02    14.8870    35.9135  1027.1353    26.7015    3.75343         35 0.0000e+00
      11301 164.666676      0.703     99.672    14.8622   4.381618     2.6979     99.000 4.9222e-02    14.8471    35.9069  1027.1435    26.7052    3.75214         32 0.0000e+00
      11337 164.666693      0.683    100.678    14.8223   4.377094     2.6873    100.000 4.9235e-02    14.8071    35.9017  1027.1527    26.7100    3.73587         34 0.0000e+00
      11369 164.666709      0.717    101.684    14.7905   4.373443     2.6801    101.000 4.9247e-02    14.7752    35.8970  1027.1606    26.7134    3.72511         30 0.0000e+00
      11400 164.666724      0.792    102.692    14.7769   4.371937     2.6802    102.000 4.9273e-02    14.7615    35.8953  1027.1668    26.7151    3.72684         31 0.0000e+00
      11438 164.666742      0.668    103.696    14.7483   4.368651     2.6789    103.000 4.9120e-02    14.7327    35.8911  1027.1743    26.7181    3.72714         44 0.0000e+00
      11483 164.666764      0.516    104.711    14.7350   4.367177     2.6747    104.000 4.9212e-02    14.7193    35.8894  1027.1804    26.7198    3.72074         40 0.0000e+00
      11518 164.666781      0.658    105.715    14.7081   4.363953     2.6711    105.000 4.9235e-02    14.6922    35.8842  1027.1867    26.7216    3.71640         31 0.0000e+00
      11554 164.666798      0.693    106.714    14.6678   4.359472     2.6610    106.000 4.9025e-02    14.6518    35.8797  1027.1966    26.7270    3.70099         41 0.0000e+00
      11616 164.666828      0.343    107.733    14.6501   4.357483     2.6475    107.000 4.9238e-02    14.6340    35.8772  1027.2031    26.7290    3.67718         46 0.0000e+00
      11654 164.666846      0.607    108.739    14.6264   4.354814     2.6373    108.000 4.9247e-02    14.6102    35.8741  1027.2103    26.7318    3.66032         27 0.0000e+00
      11680 164.666859      0.847    109.738    14.6140   4.353400     2.6337    109.000 4.9261e-02    14.5976    35.8721  1027.2159    26.7329    3.65478         29 0.0000e+00
      11747 164.666891      0.413    110.748    14.6215   4.354205     2.6326    110.000 4.9107e-02    14.6050    35.8722  1027.2188    26.7314    3.65276         46 0.0000e+00
      11812 164.666923      0.522    111.759    14.5948   4.351022     2.6304    111.000 4.9107e-02    14.5781    35.8670  1027.2252    26.7333    3.65100         32 0.0000e+00
      11841 164.666937      0.772    112.764    14.5276   4.343461     2.6254    112.000 4.9178e-02    14.5109    35.8589  1027.2381    26.7416    3.64706         29 0.0000e+00
      11869 164.666950      0.833    113.772    14.5116   4.341868     2.6248    113.000 4.9234e-02    14.4947    35.8586  1027.2458    26.7449    3.64752         28 0.0000e+00
      11896 164.666963      0.868    114.779    14.5032   4.340724     2.6245    114.000 4.9132e-02    14.4861    35.8554  1027.2496    26.7443    3.64811         25 0.0000e+00
      11920 164.666975      0.954    115.787    14.4569   4.335145     2.6225    115.000 4.9059e-02    14.4397    35.8462  1027.2571    26.7472    3.64844         22 0.0000e+00
      11942 164.666986      1.049    116.792    14.4063   4.329671     2.6245    116.000 4.8947e-02    14.3891    35.8419  1027.2693    26.7548    3.65641         22 0.0000e+00
      11965 164.666997      1.094    117.790    14.3769   4.326312     2.6298    117.000 4.9042e-02    14.3595    35.8376  1027.2768    26.7579    3.66917         24 0.0000e+00
      11997 164.667012      0.858    118.803    14.3342   4.321633     2.6443    118.000 4.9252e-02    14.3166    35.8334  1027.2873    26.7639    3.70047         38 0.0000e+00
      12034 164.667030      0.644    119.815    14.3009   4.317857     2.6576    119.000 4.8943e-02    14.2833    35.8287  1027.2954    26.7674    3.72878         35 0.0000e+00
      12067 164.667046      0.701    120.824    14.2697   4.314267     2.6598    120.000 4.9088e-02    14.2520    35.8239  1027.3029    26.7704    3.73588         30 0.0000e+00
      12099 164.667061      0.772    121.824    14.2485   4.311781     2.6575    121.000 4.9030e-02    14.2306    35.8200  1027.3090    26.7720    3.73380         32 0.0000e+00
      12130 164.667076      0.756    122.833    14.2005   4.306443     2.6593    122.000 4.8955e-02    14.1824    35.8145  1027.3196    26.7781    3.74139         32 0.0000e+00
      12169 164.667095      0.671    123.841    14.1560   4.301508     2.6659    123.000 4.9180e-02    14.1378    35.8095  1027.3297    26.7837    3.75781         46 0.0000e+00
      12219 164.667119      0.468    124.848    14.1332   4.299106     2.6720    124.000 4.9370e-02    14.1149    35.8079  1027.3379    26.7873    3.77186         51 0.0000e+00
      12267 164.667142      0.498    125.858    14.1310   4.298886     2.6757    125.000 4.9078e-02    14.1126    35.8074  1027.3424    26.7874    3.77957         38 0.0000e+00
      12301 164.667159      0.673    126.861    14.1283   4.298619     2.6764    126.000 4.9337e-02    14.1097    35.8070  1027.3472    26.7878    3.78166         37 0.0000e+00
      12344 164.667179      0.573    127.871    14.1244   4.298194     2.6774    127.000 4.9399e-02    14.1057    35.8062  1027.3519    26.7880    3.78441         46 0.0000e+00
      12386 164.667200      0.575    128.877    14.0805   4.293057     2.6879    128.000 4.9190e-02    14.0617    35.7987  1027.3600    26.7916    3.80837         38 0.0000e+00
      12432 164.667222      0.532    129.885    14.0505   4.289838     2.7048    129.000 4.9056e-02    14.0316    35.7961  1027.3688    26.7959    3.84377         51 0.0000e+00
      12478 164.667244      0.511    130.894    14.0230   4.286461     2.7192    130.000 4.9365e-02    14.0039    35.7898  1027.3744    26.7969    3.87417         36 0.0000e+00
      12518 164.667263      0.619    131.890    13.9745   4.281202     2.7292    131.000 4.9037e-02    13.9554    35.7853  1027.3857    26.8037    3.89765         38 0.0000e+00
      12603 164.667304      0.269    132.911    13.9155   4.274388     2.7404    132.000 4.9019e-02    13.8962    35.7760  1027.3957    26.8090    3.92449         40 0.0000e+00
      12629 164.667317      0.714    133.916    13.8800   4.270497     2.7388    133.000 4.9356e-02    13.8607    35.7721  1027.4047    26.8135    3.92482         26 0.0000e+00
      12655 164.667329      0.916    134.916    13.8646   4.268750     2.7389    134.000 4.9542e-02    13.8451    35.7697  1027.4106    26.8150    3.92687         26 0.0000e+00
      12688 164.667345      0.806    135.928    13.8166   4.263239     2.7380    135.000 4.9164e-02    13.7970    35.7623  1027.4195    26.8193    3.92953         37 0.0000e+00
      12721 164.667361      0.695    136.938    13.7572   4.256516     2.7429    136.000 4.9249e-02    13.7375    35.7542  1027.4304    26.8255    3.94445         30 0.0000e+00
      12749 164.667374      0.831    137.944    13.7128   4.251515     2.7494    137.000 4.9280e-02    13.6931    35.7481  1027.4395    26.8301    3.96100         25 0.0000e+00
      12778 164.667389      0.861    138.943    13.6748   4.247336     2.7562    138.000 4.9281e-02    13.6549    35.7439  1027.4487    26.8348    3.97788         36 0.0000e+00
      12835 164.667416      0.402    139.958    13.6038   4.239292     2.7676    139.000 4.9077e-02    13.5839    35.7340  1027.4605    26.8419    4.00644         64 0.0000e+00
      12885 164.667440      0.499    140.966    13.6002   4.238966     2.7757    140.000 4.9230e-02    13.5801    35.7338  1027.4657    26.8426    4.02284         35 0.0000e+00
      12920 164.667457      0.685    141.970    13.5875   4.237606     2.7763    141.000 4.9111e-02    13.5673    35.7324  1027.4717    26.8442    4.02578         36 0.0000e+00
      12957 164.667475      0.652    142.980    13.5572   4.234050     2.7773    142.000 4.9386e-02    13.5369    35.7267  1027.4782    26.8461    4.03084         36 0.0000e+00
      12989 164.667490      0.718    143.988    13.4878   4.226227     2.7789    143.000 4.9231e-02    13.4674    35.7174  1027.4900    26.8533    4.04028         28 0.0000e+00
      13018 164.667504      0.834    144.990    13.4593   4.223122     2.7828    144.000 4.9156e-02    13.4388    35.7143  1027.4980    26.8568    4.05080         31 0.0000e+00
      13063 164.667526      0.563    145.998    13.4171   4.218428     2.7894    145.000 4.9301e-02    13.3965    35.7089  1027.5071    26.8614    4.06761         58 0.0000e+00
      13115 164.667551      0.439    147.010    13.3845   4.214767     2.7941    146.000 4.8960e-02    13.3638    35.7043  1027.5149    26.8645    4.08020         35 0.0000e+00
      13145 164.667565      0.732    148.018    13.3467   4.210589     2.7957    147.000 4.9242e-02    13.3259    35.6998  1027.5237    26.8688    4.08713         28 0.0000e+00
      13171 164.667578      0.887    149.021    13.3012   4.205226     2.7989    148.000 4.9361e-02    13.2803    35.6911  1027.5309    26.8714    4.09784         26 0.0000e+00
      13201 164.667593      0.843    150.026    13.2615   4.200988     2.8049    149.000 4.9072e-02    13.2405    35.6876  1027.5410    26.8769    4.11339         31 0.0000e+00
      13238 164.667610      0.689    151.037    13.2337   4.197954     2.8081    150.000 4.9154e-02    13.2126    35.6845  1027.5488    26.8802    4.12256         39 0.0000e+00
      13271 164.667626      0.695    152.049    13.2220   4.196645     2.8092    151.000 4.9121e-02    13.2007    35.6826  1027.5542    26.8811    4.12638         26 0.0000e+00
      13297 164.667639      0.859    153.051    13.1918   4.193218     2.8117    152.000 4.9335e-02    13.1704    35.6779  1027.5613    26.8837    4.13436         27 0.0000e+00
      13322 164.667651      0.942    154.057    13.1649   4.190328     2.8148    153.000 4.9233e-02    13.1435    35.6752  1027.5692    26.8871    4.14326         25 0.0000e+00
      13350 164.667665      0.897    155.065    13.1382   4.187295     2.8157    154.000 4.9287e-02    13.1166    35.6710  1027.5760    26.8893    4.14796         30 0.0000e+00
      13379 164.667679      0.833    156.077    13.0991   4.182929     2.8184    155.000 4.9338e-02    13.0774    35.6656  1027.5844    26.8931    4.15728         27 0.0000e+00
      13405 164.667691      0.891    157.081    13.0780   4.180706     2.8229    156.000 4.9194e-02    13.0562    35.6639  1027.5919    26.8961    4.16858         24 0.0000e+00
      13429 164.667703      0.974    158.081    13.0659   4.179423     2.8264    157.000 4.8993e-02    13.0440    35.6625  1027.5978    26.8975    4.17698         24 0.0000e+00
      13472 164.667723      0.669    159.090    13.0399   4.176524     2.8289    158.000 4.9174e-02    13.0179    35.6589  1027.6048    26.8999    4.18481         43 0.0000e+00
      13533 164.667753      0.369    160.109    13.0150   4.173694     2.8320    159.000 4.9163e-02    12.9928    35.6549  1027.6113    26.9019    4.19362         34 0.0000e+00
      13561 164.667766      0.754    161.108    12.9971   4.171783     2.8357    160.000 4.9169e-02    12.9749    35.6530  1027.6180    26.9041    4.20308         26 0.0000e+00
      13592 164.667781      0.839    162.115    12.9779   4.169689     2.8389    161.000 4.9135e-02    12.9555    35.6507  1027.6246    26.9062    4.21154         33 0.0000e+00
      13628 164.667799      0.660    163.127    12.9598   4.167656     2.8414    162.000 4.9263e-02    12.9372    35.6479  1027.6306    26.9077    4.21871         35 0.0000e+00
      13655 164.667812      0.789    164.135    12.9222   4.163207     2.8442    163.000 4.9577e-02    12.8996    35.6403  1027.6369    26.9094    4.22814         23 0.0000e+00
      13679 164.667823      0.991    165.134    12.8792   4.158735     2.8473    164.000 4.9454e-02    12.8565    35.6375  1027.6480    26.9159    4.23865         24 0.0000e+00
      13725 164.667845      0.688    166.140    12.8490   4.155438     2.8535    165.000 4.9205e-02    12.8262    35.6339  1027.6559    26.9192    4.25408         37 0.0000e+00
      13800 164.667881      0.356    167.157    12.8248   4.152755     2.8586    166.000 4.9030e-02    12.8020    35.6305  1027.6627    26.9214    4.26697         38 0.0000e+00
      13839 164.667900      0.595    168.158    12.8225   4.152535     2.8586    167.000 4.9447e-02    12.7994    35.6302  1027.6674    26.9217    4.26771         45 0.0000e+00
      13888 164.667924      0.467    169.174    12.8124   4.151441     2.8604    168.000 4.9051e-02    12.7892    35.6288  1027.6728    26.9226    4.27282         40 0.0000e+00
      13919 164.667939      0.695    170.182    12.7968   4.149788     2.8612    169.000 4.9200e-02    12.7735    35.6272  1027.6793    26.9246    4.27632         24 0.0000e+00
      13940 164.667949      0.967    171.185    12.7864   4.148694     2.8608    170.000 4.9267e-02    12.7630    35.6260  1027.6850    26.9258    4.27708         20 0.0000e+00
      13959 164.667958      1.177    172.187    12.7759   4.147554     2.8589    171.000 4.9031e-02    12.7524    35.6246  1027.6904    26.9267    4.27487         20 0.0000e+00
      13981 164.667969      1.193    173.192    12.7558   4.145267     2.8580    172.000 4.9437e-02    12.7321    35.6211  1027.6963    26.9281    4.27551         24 0.0000e+00
      14015 164.667985      0.820    174.201    12.7418   4.143861     2.8574    173.000 4.9204e-02    12.7181    35.6203  1027.7030    26.9303    4.27610         50 0.0000e+00
      14079 164.668016      0.329    175.214    12.7069   4.139838     2.8542    174.000 4.9144e-02    12.6830    35.6142  1027.7099    26.9326    4.27344         60 0.0000e+00
      14147 164.668049      0.365    176.222    12.6507   4.133447     2.8516    175.000 4.9175e-02    12.6268    35.6053  1027.7189    26.9369    4.27408         55 0.0000e+00
      14184 164.668067      0.611    177.229    12.6361   4.131523     2.8485    176.000 4.9233e-02    12.6120    35.6002  1027.7223    26.9358    4.26988         31 0.0000e+00
      14220 164.668084      0.705    178.230    12.6051   4.128469     2.8449    177.000 4.9051e-02    12.5809    35.5996  1027.7326    26.9415    4.26587         43 0.0000e+00
      14296 164.668121      0.308    179.246    12.6060   4.128710     2.8411    178.000 4.8948e-02    12.5817    35.6006  1027.7377    26.9422    4.25886         25 0.0000e+00
      14348 164.668146      0.503    180.247    12.5812   4.125857     2.8421    179.000 4.9190e-02    12.5568    35.5962  1027.7437    26.9436    4.26369         46 0.0000e+00
      14396 164.668169      0.499    181.259    12.5628   4.123818     2.8428    180.000 4.9011e-02    12.5383    35.5934  1027.7498    26.9452    4.26729         40 0.0000e+00
      14430 164.668186      0.658    182.266    12.5558   4.123104     2.8438    181.000 4.9305e-02    12.5312    35.5927  1027.7551    26.9460    4.27051         32 0.0000e+00
      14460 164.668200      0.809    183.270    12.5480   4.122171     2.8429    182.000 4.9220e-02    12.5232    35.5907  1027.7596    26.9460    4.26999         29 0.0000e+00
      14506 164.668222      0.558    184.278    12.5372   4.121168     2.8456    183.000 4.9181e-02    12.5123    35.5908  1027.7663    26.9483    4.27696         43 0.0000e+00
      14564 164.668250      0.398    185.293    12.5342   4.120795     2.8465    184.000 4.9134e-02    12.5091    35.5896  1027.7706    26.9479    4.27969         33 0.0000e+00
