jupyter/NEMEA/cnv_final/cnv_final/out_dMCTV011.cnv
* Sea-Bird SBE 9 Data File:
* FileName = D:\ACEX\brutos\MCTV011.hex
* Software Version Seasave V 7.17
* Temperature SN = 4821
* Conductivity SN = 3367
* Number of Bytes Per Scan = 21
* Number of Voltage Words = 3
* Number of Scans Averaged by the Deck Unit = 1
* NMEA UTC (Time) = Jun 14 2012 13:21:17
* NMEA Longitude =  046  28.96W
* NMEA Latitude =  27 00.12 S
** H38 
** NHo Cruzeiro do Sul 
** 222 
** MCTV ACEx 
**   011
**   27 00.12 S
**   046  28.96W
**   14/06/2012 16:20Z
**   409
** 9P46375-0882 
**   1T Germano Filho
# nquan = 16
# nvalues = 383                         
# units = specified
# name 0 = scan: Scan Count
# name 1 = timeJ: Julian Days
# name 2 = dz/dtM: Descent Rate [m/s]
# name 3 = prDM: Pressure, Digiquartz [db]
# name 4 = t090C: Temperature [ITS-90, deg C]
# name 5 = c0S/m: Conductivity [S/m]
# name 6 = sbeox0V: Oxygen Voltage, SBE 43
# name 7 = depSM: Depth [salt water, m]
# name 8 = flSP: Fluorescence, Seapoint
# name 9 = potemp090C: Potential Temperature [ITS-90, deg C]
# name 10 = sal00: Salinity [PSU]
# name 11 = density00: Density [density, Kg/m^3]
# name 12 = sigma-é00: Density [sigma-theta, Kg/m^3]
# name 13 = sbeox0ML/L: Oxygen, SBE 43 [ml/l], WS = 2
# name 14 = nbin: number of scans per bin
# name 15 = flag: flag
# span 0 =       4442,      16020       
# span 1 = 166.558588, 166.564172       
# span 2 =     -0.005,      1.733       
# span 3 =      5.039,    389.874       
# span 4 =    12.2989,    23.2553       
# span 5 =   4.106598,   5.424422       
# span 6 =     1.7737,     3.4549       
# span 7 =      5.000,    387.000       
# span 8 = 4.7874e-02, 3.3124e-01       
# span 9 =    12.2468,    23.2542       
# span 10 =    35.5770,    37.3241      
# span 11 =  1025.6205,  1028.8029      
# span 12 =    25.5990,    27.0742      
# span 13 =    2.20776,    4.41001      
# span 14 =          8,         46      
# span 15 = 0.0000e+00, 0.0000e+00      
# interval = meters: 1                  
# start_time = Jun 14 2012 13:21:17
# bad_flag = -9.990e-29
*END*
[from data line 181]
       8900 166.560739      0.911    187.307    16.4888   4.578869     3.0046    186.000 5.9586e-02    16.4582    36.1639  1027.3536    26.5366    4.23944         23 0.0000e+00
       8923 166.560749      0.987    188.313    16.4419   4.573098     3.0007    187.000 5.9264e-02    16.4112    36.1548  1027.3622    26.5407    4.23679         22 0.0000e+00
       8943 166.560759      1.114    189.325    16.3961   4.567428     2.9966    188.000 6.0238e-02    16.3653    36.1456  1027.3704    26.5443    4.23372         17 0.0000e+00
       8960 166.560767      1.257    190.325    16.3181   4.556727     2.9940    189.000 5.9087e-02    16.2873    36.1208  1027.3742    26.5435    4.23631         17 0.0000e+00
       8977 166.560775      1.383    191.332    16.1980   4.543105     2.9926    190.000 5.7893e-02    16.1672    36.1081  1027.3972    26.5617    4.24428         16 0.0000e+00
       8993 166.560783      1.454    192.337    16.1489   4.537620     2.9924    191.000 5.7066e-02    16.1180    36.1034  1027.4096    26.5694    4.24852         18 0.0000e+00
       9010 166.560791      1.467    193.345    16.1244   4.534737     2.9911    192.000 5.5881e-02    16.0934    36.0995  1027.4167    26.5722    4.24883         16 0.0000e+00
       9028 166.560800      1.414    194.351    16.1074   4.532767     2.9892    193.000 5.7820e-02    16.0763    36.0969  1027.4232    26.5742    4.24732         17 0.0000e+00
       9047 166.560809      1.342    195.359    16.0886   4.530432     2.9894    194.000 5.7752e-02    16.0573    36.0928  1027.4289    26.5754    4.24981         20 0.0000e+00
       9068 166.560819      1.240    196.366    16.0731   4.528686     2.9901    195.000 5.7047e-02    16.0416    36.0909  1027.4355    26.5775    4.25307         22 0.0000e+00
       9091 166.560831      1.109    197.376    16.0641   4.527601     2.9890    196.000 5.7332e-02    16.0325    36.0889  1027.4405    26.5781    4.25227         27 0.0000e+00
       9116 166.560843      0.980    198.385    16.0383   4.524413     2.9874    197.000 5.6232e-02    16.0065    36.0835  1027.4468    26.5800    4.25224         22 0.0000e+00
       9140 166.560854      0.992    199.395    16.0152   4.521637     2.9855    198.000 5.5999e-02    15.9834    36.0792  1027.4534    26.5820    4.25115         23 0.0000e+00
       9161 166.560864      1.066    200.398    15.9951   4.519292     2.9845    199.000 5.5018e-02    15.9632    36.0761  1027.4601    26.5843    4.25158         20 0.0000e+00
       9182 166.560874      1.150    201.410    15.9808   4.517515     2.9866    200.000 5.5142e-02    15.9487    36.0728  1027.4654    26.5851    4.25732         19 0.0000e+00
       9202 166.560884      1.196    202.411    15.9622   4.515338     2.9864    201.000 5.4944e-02    15.9299    36.0698  1027.4718    26.5871    4.25913         20 0.0000e+00
       9221 166.560893      1.217    203.428    15.9488   4.513915     2.9857    202.000 5.5084e-02    15.9164    36.0689  1027.4787    26.5895    4.25948         18 0.0000e+00
       9239 166.560902      1.278    204.428    15.9458   4.513512     2.9832    203.000 5.3969e-02    15.9132    36.0676  1027.4828    26.5892    4.25565         17 0.0000e+00
       9258 166.560911      1.329    205.433    15.9264   4.510830     2.9823    204.000 5.3055e-02    15.8937    36.0608  1027.4865    26.5885    4.25638         21 0.0000e+00
       9278 166.560921      1.244    206.449    15.8746   4.504261     2.9827    205.000 5.5254e-02    15.8418    36.0486  1027.4937    26.5910    4.26217         20 0.0000e+00
       9297 166.560930      1.216    207.458    15.8140   4.497461     2.9814    206.000 5.2619e-02    15.7811    36.0424  1027.5075    26.6001    4.26552         18 0.0000e+00
       9313 166.560938      1.325    208.459    15.7809   4.493477     2.9807    207.000 5.2730e-02    15.7479    36.0364  1027.5149    26.6031    4.26763         16 0.0000e+00
       9330 166.560946      1.439    209.467    15.7633   4.491717     2.9780    208.000 5.2655e-02    15.7302    36.0361  1027.5232    26.6069    4.26453         16 0.0000e+00
       9346 166.560953      1.480    210.475    15.7126   4.484599     2.9767    209.000 5.2647e-02    15.6794    36.0179  1027.5254    26.6045    4.26724         17 0.0000e+00
       9363 166.560962      1.464    211.480    15.6505   4.478221     2.9745    210.000 5.2073e-02    15.6173    36.0167  1027.5432    26.6176    4.26891         17 0.0000e+00
       9381 166.560970      1.408    212.493    15.6068   4.472522     2.9736    211.000 5.1243e-02    15.5735    36.0048  1027.5486    26.6184    4.27161         17 0.0000e+00
       9398 166.560979      1.369    213.498    15.5757   4.469503     2.9721    212.000 5.2460e-02    15.5422    36.0056  1027.5608    26.6261    4.27184         19 0.0000e+00
       9415 166.560987      1.383    214.508    15.5581   4.467146     2.9701    213.000 5.2362e-02    15.5245    35.9999  1027.5649    26.6258    4.27036         17 0.0000e+00
       9432 166.560995      1.415    215.513    15.5450   4.465850     2.9686    214.000 5.1828e-02    15.5112    35.9998  1027.5723    26.6287    4.26919         16 0.0000e+00
       9448 166.561003      1.451    216.523    15.5248   4.463267     2.9683    215.000 5.2270e-02    15.4909    35.9945  1027.5773    26.6292    4.27088         15 0.0000e+00
       9464 166.561010      1.492    217.525    15.5048   4.461148     2.9675    216.000 5.1705e-02    15.4708    35.9932  1027.5853    26.6327    4.27161         17 0.0000e+00
       9481 166.561018      1.508    218.534    15.4982   4.460424     2.9659    217.000 5.3041e-02    15.4641    35.9923  1027.5905    26.6335    4.26992         16 0.0000e+00
       9498 166.561027      1.472    219.539    15.4885   4.459449     2.9656    218.000 5.2494e-02    15.4542    35.9919  1027.5969    26.6355    4.27064         18 0.0000e+00
       9517 166.561036      1.380    220.550    15.4770   4.457972     2.9623    219.000 5.2564e-02    15.4426    35.9886  1027.6015    26.6356    4.26606         20 0.0000e+00
       9536 166.561045      1.278    221.559    15.4449   4.454027     2.9587    220.000 5.2926e-02    15.4104    35.9818  1027.6080    26.6376    4.26255         20 0.0000e+00
       9556 166.561055      1.220    222.571    15.4014   4.448887     2.9536    221.000 5.3190e-02    15.3668    35.9747  1027.6169    26.6419    4.25739         18 0.0000e+00
       9574 166.561063      1.246    223.575    15.3281   4.439826     2.9446    222.000 5.3607e-02    15.2934    35.9592  1027.6262    26.6465    4.24734         18 0.0000e+00
       9591 166.561072      1.337    224.587    15.2219   4.426602     2.9218    223.000 5.5842e-02    15.1872    35.9359  1027.6369    26.6522    4.21383         17 0.0000e+00
       9607 166.561079      1.434    225.590    15.1130   4.414731     2.8875    224.000 6.1836e-02    15.0783    35.9273  1027.6593    26.6698    4.15830         15 0.0000e+00
       9622 166.561087      1.526    226.595    15.0695   4.409915     2.8507    225.000 6.2270e-02    15.0348    35.9228  1027.6701    26.6760    4.09244         15 0.0000e+00
       9637 166.561094      1.592    227.608    15.0375   4.406066     2.8175    226.000 6.3897e-02    15.0027    35.9166  1027.6770    26.6784    4.03241         15 0.0000e+00
       9652 166.561101      1.615    228.605    15.0081   4.402695     2.7870    227.000 6.5440e-02    14.9732    35.9124  1027.6848    26.6817    3.97713         15 0.0000e+00
       9668 166.561109      1.581    229.620    14.9801   4.399508     2.7567    228.000 6.6972e-02    14.9450    35.9087  1027.6927    26.6850    3.92216         17 0.0000e+00
       9686 166.561117      1.482    230.628    14.9570   4.396800     2.7296    229.000 6.8522e-02    14.9218    35.9047  1027.6993    26.6871    3.87279         18 0.0000e+00
       9702 166.561125      1.419    231.634    14.9315   4.393804     2.7073    230.000 6.8241e-02    14.8963    35.9003  1027.7060    26.6893    3.83261         17 0.0000e+00
       9719 166.561133      1.426    232.644    14.9128   4.391852     2.6888    231.000 6.9454e-02    14.8774    35.8992  1027.7139    26.6927    3.79913         15 0.0000e+00
       9736 166.561142      1.442    233.649    14.9044   4.390815     2.6724    232.000 7.2421e-02    14.8689    35.8970  1027.7185    26.6928    3.76908         18 0.0000e+00
       9753 166.561150      1.428    234.658    14.8863   4.388687     2.6600    233.000 6.9826e-02    14.8507    35.8938  1027.7245    26.6943    3.74712         18 0.0000e+00
       9771 166.561158      1.410    235.667    14.8713   4.387003     2.6484    234.000 7.0703e-02    14.8355    35.8917  1027.7307    26.6961    3.72668         18 0.0000e+00
       9788 166.561167      1.397    236.668    14.8536   4.385035     2.6378    235.000 7.3423e-02    14.8177    35.8896  1027.7374    26.6983    3.70823         16 0.0000e+00
       9807 166.561176      1.356    237.676    14.8385   4.383292     2.6282    236.000 7.2883e-02    14.8025    35.8871  1027.7434    26.6997    3.69142         19 0.0000e+00
       9826 166.561185      1.293    238.684    14.8206   4.381255     2.6228    237.000 7.2854e-02    14.7844    35.8844  1027.7498    26.7017    3.68288         21 0.0000e+00
       9849 166.561196      1.164    239.700    14.7917   4.377774     2.6171    238.000 7.3471e-02    14.7554    35.8787  1027.7563    26.7036    3.67466         23 0.0000e+00
       9870 166.561206      1.088    240.704    14.7543   4.373558     2.6159    239.000 7.0443e-02    14.7179    35.8740  1027.7655    26.7082    3.67569         19 0.0000e+00
       9891 166.561216      1.156    241.715    14.7090   4.368386     2.6210    240.000 6.9988e-02    14.6725    35.8678  1027.7752    26.7133    3.68928         21 0.0000e+00
       9910 166.561226      1.189    242.720    14.6807   4.365384     2.6309    241.000 6.5887e-02    14.6441    35.8658  1027.7844    26.7180    3.71101         20 0.0000e+00
       9931 166.561236      1.207    243.723    14.6579   4.362876     2.6421    242.000 6.5934e-02    14.6213    35.8633  1027.7920    26.7210    3.73476         21 0.0000e+00
       9954 166.561247      1.129    244.730    14.6361   4.360369     2.6569    243.000 6.5021e-02    14.5993    35.8600  1027.7987    26.7232    3.76535         26 0.0000e+00
       9982 166.561260      0.943    245.742    14.5990   4.356306     2.6767    244.000 6.5275e-02    14.5621    35.8564  1027.8086    26.7286    3.80692         30 0.0000e+00
      10011 166.561274      0.809    246.756    14.5740   4.353522     2.6940    245.000 6.2151e-02    14.5370    35.8533  1027.8163    26.7316    3.84265         27 0.0000e+00
      10035 166.561286      0.914    247.764    14.5548   4.351342     2.7052    246.000 6.2849e-02    14.5178    35.8505  1027.8228    26.7336    3.86633         21 0.0000e+00
      10055 166.561295      1.099    248.770    14.5411   4.349916     2.7145    247.000 6.0269e-02    14.5039    35.8496  1027.8295    26.7359    3.88584         18 0.0000e+00
      10073 166.561304      1.239    249.770    14.5300   4.348637     2.7233    248.000 5.9102e-02    14.4926    35.8476  1027.8349    26.7369    3.90440         18 0.0000e+00
      10092 166.561313      1.295    250.777    14.5167   4.347149     2.7322    249.000 5.7792e-02    14.4792    35.8457  1027.8408    26.7383    3.92304         20 0.0000e+00
      10112 166.561323      1.264    251.783    14.5039   4.345736     2.7436    250.000 5.8419e-02    14.4663    35.8441  1027.8469    26.7399    3.94662         20 0.0000e+00
      10137 166.561335      1.084    252.794    14.4845   4.343527     2.7610    251.000 5.8336e-02    14.4468    35.8412  1027.8534    26.7418    3.98254         27 0.0000e+00
      10164 166.561348      0.915    253.803    14.4662   4.341499     2.7828    252.000 5.7630e-02    14.4283    35.8390  1027.8602    26.7441    4.02672         27 0.0000e+00
      10190 166.561360      0.906    254.818    14.4526   4.339840     2.8030    253.000 5.3687e-02    14.4146    35.8357  1027.8651    26.7446    4.06748         24 0.0000e+00
      10212 166.561371      1.007    255.816    14.4187   4.335902     2.8258    254.000 5.2090e-02    14.3806    35.8303  1027.8728    26.7477    4.11505         20 0.0000e+00
      10234 166.561381      1.106    256.827    14.3875   4.332465     2.8532    255.000 5.0672e-02    14.3493    35.8269  1027.8815    26.7518    4.17133         21 0.0000e+00
      10254 166.561391      1.166    257.836    14.3696   4.330563     2.8736    256.000 5.0010e-02    14.3313    35.8254  1027.8888    26.7545    4.21289         19 0.0000e+00
      10274 166.561401      1.202    258.842    14.3624   4.329937     2.8890    257.000 5.0177e-02    14.3240    35.8258  1027.8951    26.7564    4.24409         21 0.0000e+00
      10296 166.561412      1.151    259.852    14.3579   4.329502     2.9023    258.000 5.0651e-02    14.3193    35.8256  1027.9004    26.7572    4.27081         23 0.0000e+00
      10321 166.561424      1.019    260.858    14.3377   4.327324     2.9107    259.000 4.9281e-02    14.2990    35.8237  1027.9078    26.7601    4.28932         27 0.0000e+00
      10346 166.561436      0.970    261.871    14.3259   4.326211     2.9171    260.000 4.9674e-02    14.2871    35.8239  1027.9150    26.7628    4.30349         22 0.0000e+00
      10367 166.561446      1.041    262.878    14.2999   4.323027     2.9177    261.000 5.0187e-02    14.2610    35.8180  1027.9206    26.7639    4.30752         21 0.0000e+00
      10388 166.561456      1.136    263.880    14.2800   4.321134     2.9163    262.000 4.9534e-02    14.2410    35.8184  1027.9297    26.7685    4.30704         21 0.0000e+00
      10409 166.561466      1.155    264.892    14.2751   4.320608     2.9179    263.000 4.9287e-02    14.2360    35.8176  1027.9346    26.7690    4.31119         22 0.0000e+00
      10431 166.561477      1.141    265.892    14.2694   4.319984     2.9204    264.000 4.9502e-02    14.2301    35.8167  1027.9396    26.7695    4.31715         22 0.0000e+00
      10457 166.561489      1.009    266.904    14.2558   4.318559     2.9216    265.000 4.9788e-02    14.2164    35.8156  1027.9462    26.7716    4.32130         27 0.0000e+00
      10486 166.561503      0.864    267.917    14.2451   4.317420     2.9267    266.000 4.9287e-02    14.2056    35.8146  1027.9522    26.7731    4.33278         30 0.0000e+00
      10512 166.561516      0.838    268.922    14.2142   4.313707     2.9280    267.000 4.9317e-02    14.1746    35.8083  1027.9586    26.7749    4.33859         23 0.0000e+00
      10535 166.561527      1.020    269.932    14.1835   4.310550     2.9320    268.000 4.9668e-02    14.1437    35.8070  1027.9687    26.7805    4.34959         22 0.0000e+00
      10558 166.561538      1.074    270.937    14.1728   4.309336     2.9360    269.000 4.9429e-02    14.1329    35.8052  1027.9741    26.7814    4.35913         23 0.0000e+00
      10581 166.561549      1.062    271.946    14.1626   4.308137     2.9378    270.000 4.9549e-02    14.1226    35.8031  1027.9792    26.7820    4.36412         24 0.0000e+00
      10605 166.561561      1.011    272.953    14.1496   4.306739     2.9382    271.000 4.9231e-02    14.1094    35.8017  1027.9854    26.7837    4.36668         26 0.0000e+00
      10630 166.561573      0.981    273.961    14.1405   4.305769     2.9380    272.000 4.9928e-02    14.1002    35.8007  1027.9911    26.7849    4.36756         23 0.0000e+00
      10656 166.561585      0.965    274.968    14.1288   4.304446     2.9378    273.000 4.9591e-02    14.0885    35.7988  1027.9966    26.7859    4.36894         26 0.0000e+00
      10684 166.561599      0.903    275.973    14.1169   4.303145     2.9395    274.000 4.8977e-02    14.0764    35.7973  1028.0025    26.7873    4.37386         33 0.0000e+00
      10719 166.561616      0.700    276.987    14.1010   4.301364     2.9386    275.000 4.8839e-02    14.0604    35.7950  1028.0086    26.7890    4.37421         35 0.0000e+00
