jupyter/NEMEA/cnv_final/cnv_final/out_dMCTV002.cnv
* Sea-Bird SBE 9 Data File:
* FileName = D:\ACEX\brutos\MCTV002.hex
* Software Version Seasave V 7.17
* Temperature SN = 4821
* Conductivity SN = 3367
* Number of Bytes Per Scan = 18
* Number of Voltage Words = 2
* Number of Scans Averaged by the Deck Unit = 1
* NMEA UTC (Time) = Jun 12 2012 12:58:01
* NMEA Longitude =  045 37.816 W
* NMEA Latitude =  25 58.320 S
** H38 
** NHo Cruzeiro do Sul 
** 222 
** MCTV ACEx 
**   002
**   25 58.320 S
**   045 37.816 W
**   12/06/2012 15:55 Z
**   401
** 9P46375-0882 
**   CT Fernandes
# nquan = 16
# nvalues = 355                         
# units = specified
# name 0 = scan: Scan Count
# name 1 = timeJ: Julian Days
# name 2 = dz/dtM: Descent Rate [m/s]
# name 3 = prDM: Pressure, Digiquartz [db]
# name 4 = t090C: Temperature [ITS-90, deg C]
# name 5 = c0S/m: Conductivity [S/m]
# name 6 = sbeox0V: Oxygen Voltage, SBE 43
# name 7 = depSM: Depth [salt water, m]
# name 8 = flSP: Fluorescence, Seapoint
# name 9 = potemp090C: Potential Temperature [ITS-90, deg C]
# name 10 = sal00: Salinity [PSU]
# name 11 = density00: Density [density, Kg/m^3]
# name 12 = sigma-é00: Density [sigma-theta, Kg/m^3]
# name 13 = sbeox0ML/L: Oxygen, SBE 43 [ml/l], WS = 2
# name 14 = nbin: number of scans per bin
# name 15 = flag: flag
# span 0 =       3151,      12788       
# span 1 = 164.541808, 164.546456       
# span 2 =      0.135,      1.701       
# span 3 =      5.035,    361.654       
# span 4 =     9.1695,    21.9663       
# span 5 =   3.759870,   5.171914       
# span 6 =     2.5340,     3.4879       
# span 7 =      5.000,    359.000       
# span 8 = 4.3377e-02, 5.0185e-02       
# span 9 =     9.1295,    21.9609       
# span 10 =    35.1357,    36.5443      
# span 11 =  1025.1235,  1028.8330      
# span 12 =    25.1019,    27.2037      
# span 13 =    3.44904,    4.54443      
# span 14 =         14,         60      
# span 15 = 0.0000e+00, 0.0000e+00      
# interval = meters: 1                  
# start_time = Jun 12 2012 12:58:01
# bad_flag = -9.990e-29
*END*
[from data line 91]
       5426 164.542905      0.821     96.651    14.6969   4.361801     2.5433     96.000 4.8722e-02    14.6824    35.8785  1027.1447    26.7194    3.47185         31 0.0000e+00
       5459 164.542921      0.725     97.655    14.6752   4.359735     2.5573     97.000 4.8518e-02    14.6606    35.8790  1027.1543    26.7246    3.50034         31 0.0000e+00
       5487 164.542935      0.799     98.669    14.6627   4.358281     2.5629     98.000 4.8559e-02    14.6479    35.8768  1027.1598    26.7256    3.51224         26 0.0000e+00
       5510 164.542946      0.965     99.670    14.6388   4.355497     2.5666     99.000 4.8673e-02    14.6238    35.8728  1027.1664    26.7278    3.52145         22 0.0000e+00
       5534 164.542958      1.029    100.678    14.6093   4.352376     2.5738    100.000 4.8497e-02    14.5943    35.8708  1027.1758    26.7327    3.53760         25 0.0000e+00
       5559 164.542970      1.002    101.686    14.5705   4.347842     2.5935    101.000 4.8695e-02    14.5554    35.8644  1027.1838    26.7362    3.57807         26 0.0000e+00
       5584 164.542982      0.946    102.698    14.5379   4.344417     2.6156    102.000 4.8275e-02    14.5226    35.8625  1027.1940    26.7419    3.62282         22 0.0000e+00
       5605 164.542992      1.040    103.701    14.5187   4.342369     2.6276    103.000 4.8608e-02    14.5032    35.8609  1027.2015    26.7448    3.64734         20 0.0000e+00
       5626 164.543002      1.144    104.706    14.5057   4.340810     2.6352    104.000 4.8562e-02    14.4902    35.8581  1027.2065    26.7455    3.66324         22 0.0000e+00
       5647 164.543012      1.168    105.711    14.4803   4.338068     2.6424    105.000 4.8665e-02    14.4646    35.8558  1027.2148    26.7493    3.67933         21 0.0000e+00
       5670 164.543023      1.099    106.721    14.4663   4.336593     2.6508    106.000 4.8644e-02    14.4504    35.8547  1027.2215    26.7515    3.69680         25 0.0000e+00
       5693 164.543034      1.026    107.730    14.4444   4.334154     2.6593    107.000 4.8839e-02    14.4284    35.8520  1027.2286    26.7542    3.71501         19 0.0000e+00
       5712 164.543043      1.145    108.739    14.4298   4.332446     2.6717    108.000 4.8701e-02    14.4137    35.8492  1027.2341    26.7551    3.74030         18 0.0000e+00
       5729 164.543052      1.292    109.744    14.4064   4.330003     2.6838    109.000 4.8769e-02    14.3901    35.8479  1027.2427    26.7592    3.76536         17 0.0000e+00
       5746 164.543060      1.398    110.748    14.3940   4.328562     2.6962    110.000 4.8995e-02    14.3776    35.8456  1027.2480    26.7601    3.79042         16 0.0000e+00
       5763 164.543068      1.437    111.749    14.3694   4.325804     2.7068    111.000 4.8518e-02    14.3529    35.8424  1027.2553    26.7630    3.81315         19 0.0000e+00
       5784 164.543078      1.326    112.757    14.3423   4.322661     2.7189    112.000 4.8720e-02    14.3256    35.8379  1027.2623    26.7654    3.83878         21 0.0000e+00
       5810 164.543091      1.039    113.766    14.3010   4.318240     2.7300    113.000 4.8800e-02    14.2842    35.8348  1027.2733    26.7719    3.86353         31 0.0000e+00
       5842 164.543106      0.787    114.779    14.2755   4.315425     2.7390    114.000 4.8722e-02    14.2586    35.8319  1027.2810    26.7751    3.88323         31 0.0000e+00
       5869 164.543119      0.785    115.792    14.2584   4.313563     2.7438    115.000 4.8729e-02    14.2414    35.8300  1027.2877    26.7774    3.89431         22 0.0000e+00
       5889 164.543129      1.047    116.792    14.2389   4.311137     2.7467    116.000 4.8775e-02    14.2217    35.8251  1027.2926    26.7778    3.90192         19 0.0000e+00
       5908 164.543138      1.222    117.794    14.2102   4.308199     2.7506    117.000 4.8905e-02    14.1929    35.8240  1027.3024    26.7831    3.91221         19 0.0000e+00
       5932 164.543150      1.142    118.798    14.1965   4.306796     2.7561    118.000 4.8882e-02    14.1791    35.8232  1027.3092    26.7855    3.92436         30 0.0000e+00
       5967 164.543167      0.749    119.813    14.1780   4.304763     2.7605    119.000 4.9042e-02    14.1605    35.8210  1027.3160    26.7877    3.93475         36 0.0000e+00
       6000 164.543182      0.676    120.823    14.1565   4.302440     2.7664    120.000 4.8794e-02    14.1388    35.8189  1027.3235    26.7908    3.94833         27 0.0000e+00
       6022 164.543193      0.915    121.823    14.1211   4.298485     2.7750    121.000 4.8907e-02    14.1033    35.8146  1027.3322    26.7950    3.96810         17 0.0000e+00
       6041 164.543202      1.160    122.838    14.1036   4.296810     2.7838    122.000 4.8768e-02    14.0856    35.8148  1027.3407    26.7989    3.98693         18 0.0000e+00
       6059 164.543211      1.298    123.840    14.0935   4.295695     2.7919    123.000 4.8846e-02    14.0754    35.8134  1027.3462    26.7999    4.00367         17 0.0000e+00
       6080 164.543221      1.266    124.834    14.0760   4.293808     2.8020    124.000 4.8791e-02    14.0578    35.8116  1027.3530    26.8023    4.02512         25 0.0000e+00
       6114 164.543237      0.844    125.849    14.0648   4.292646     2.8136    125.000 4.8715e-02    14.0464    35.8108  1027.3592    26.8041    4.04872         39 0.0000e+00
       6151 164.543255      0.605    126.872    14.0404   4.289870     2.8208    126.000 4.9065e-02    14.0220    35.8070  1027.3661    26.8064    4.06513         30 0.0000e+00
       6174 164.543266      0.859    127.877    14.0202   4.287493     2.8223    127.000 4.8955e-02    14.0017    35.8032  1027.3720    26.8078    4.07040         21 0.0000e+00
       6194 164.543276      1.100    128.881    13.9915   4.284405     2.8238    128.000 4.8635e-02    13.9728    35.8007  1027.3806    26.8120    4.07613         18 0.0000e+00
       6211 164.543284      1.269    129.889    13.9796   4.283104     2.8259    129.000 4.8912e-02    13.9608    35.7991  1027.3864    26.8133    4.08170         17 0.0000e+00
       6227 164.543292      1.395    130.894    13.9715   4.282172     2.8273    130.000 4.8757e-02    13.9525    35.7976  1027.3914    26.8138    4.08557         15 0.0000e+00
       6243 164.543300      1.478    131.900    13.9573   4.280372     2.8277    131.000 4.8841e-02    13.9381    35.7935  1027.3958    26.8137    4.08816         17 0.0000e+00
       6259 164.543307      1.504    132.905    13.9341   4.277887     2.8279    132.000 4.9169e-02    13.9148    35.7914  1027.4036    26.8170    4.09109         15 0.0000e+00
       6276 164.543315      1.509    133.907    13.9220   4.276652     2.8296    133.000 4.9179e-02    13.9026    35.7907  1027.4100    26.8190    4.09584         18 0.0000e+00
       6296 164.543325      1.378    134.906    13.9164   4.276095     2.8310    134.000 4.8955e-02    13.8969    35.7903  1027.4154    26.8200    4.09957         23 0.0000e+00
       6328 164.543341      0.874    135.926    13.9062   4.274967     2.8325    135.000 4.8936e-02    13.8866    35.7888  1027.4209    26.8210    4.10400         38 0.0000e+00
       6364 164.543358      0.638    136.940    13.8986   4.274539     2.8430    136.000 4.9019e-02    13.8788    35.7914  1027.4291    26.8246    4.12529         28 0.0000e+00
       6390 164.543371      0.832    137.944    13.9015   4.275079     2.8541    137.000 4.8986e-02    13.8816    35.7934  1027.4344    26.8255    4.14687         25 0.0000e+00
       6413 164.543382      0.999    138.950    13.8927   4.273925     2.8621    138.000 4.8782e-02    13.8726    35.7903  1027.4384    26.8251    4.16375         21 0.0000e+00
       6434 164.543392      1.088    139.961    13.8352   4.267327     2.8682    139.000 4.8841e-02    13.8150    35.7817  1027.4485    26.8306    4.18105         21 0.0000e+00
       6454 164.543401      1.163    140.969    13.8220   4.266241     2.8734    140.000 4.8904e-02    13.8017    35.7834  1027.4570    26.8346    4.19277         19 0.0000e+00
       6472 164.543410      1.267    141.974    13.8189   4.265818     2.8780    141.000 4.8993e-02    13.7985    35.7818  1027.4610    26.8341    4.20240         16 0.0000e+00
       6488 164.543418      1.374    142.979    13.8044   4.264129     2.8789    142.000 4.9276e-02    13.7839    35.7791  1027.4664    26.8350    4.20603         17 0.0000e+00
       6506 164.543427      1.411    143.977    13.7837   4.261531     2.8792    143.000 4.8963e-02    13.7630    35.7736  1027.4709    26.8352    4.20909         19 0.0000e+00
       6529 164.543438      1.228    144.988    13.7446   4.257250     2.8787    144.000 4.8842e-02    13.7238    35.7694  1027.4805    26.8402    4.21208         26 0.0000e+00
       6555 164.543450      0.968    146.004    13.7256   4.255245     2.8773    145.000 4.9101e-02    13.7046    35.7679  1027.4879    26.8430    4.21143         24 0.0000e+00
       6577 164.543461      0.974    147.016    13.7047   4.252496     2.8751    146.000 4.9234e-02    13.6837    35.7610  1027.4915    26.8421    4.20971         19 0.0000e+00
       6595 164.543469      1.171    148.020    13.6456   4.245276     2.8728    147.000 4.9049e-02    13.6245    35.7479  1027.4983    26.8443    4.21109         17 0.0000e+00
       6610 164.543477      1.380    149.019    13.5937   4.240214     2.8710    148.000 4.9002e-02    13.5724    35.7483  1027.5140    26.8554    4.21249         15 0.0000e+00
       6627 164.543485      1.495    150.024    13.5869   4.239620     2.8707    149.000 4.8653e-02    13.5655    35.7486  1027.5201    26.8571    4.21303         19 0.0000e+00
       6647 164.543494      1.386    151.025    13.5848   4.239467     2.8748    150.000 4.8970e-02    13.5633    35.7487  1027.5251    26.8576    4.22183         24 0.0000e+00
       6677 164.543509      0.930    152.045    13.5815   4.239241     2.8809    151.000 4.8879e-02    13.5598    35.7492  1027.5307    26.8587    4.23441         30 0.0000e+00
       6706 164.543523      0.793    153.054    13.5763   4.238750     2.8878    152.000 4.8747e-02    13.5545    35.7490  1027.5361    26.8597    4.24885         27 0.0000e+00
       6729 164.543534      0.940    154.065    13.5604   4.236908     2.8926    153.000 4.8981e-02    13.5385    35.7461  1027.5417    26.8608    4.26032         19 0.0000e+00
       6749 164.543544      1.089    155.066    13.5417   4.234723     2.8936    154.000 4.8772e-02    13.5197    35.7425  1027.5473    26.8618    4.26441         19 0.0000e+00
       6767 164.543552      1.225    156.078    13.4976   4.229177     2.8914    155.000 4.8915e-02    13.4755    35.7309  1027.5521    26.8621    4.26489         17 0.0000e+00
       6784 164.543560      1.353    157.081    13.4516   4.223982     2.8885    156.000 4.8994e-02    13.4294    35.7245  1027.5612    26.8666    4.26387         16 0.0000e+00
       6800 164.543568      1.457    158.087    13.4425   4.223328     2.8849    157.000 4.9070e-02    13.4201    35.7264  1027.5691    26.8700    4.25811         16 0.0000e+00
       6816 164.543576      1.498    159.089    13.4226   4.220331     2.8827    158.000 4.8643e-02    13.4001    35.7162  1027.5698    26.8663    4.25632         18 0.0000e+00
       6835 164.543585      1.438    160.099    13.3471   4.212018     2.8787    159.000 4.8840e-02    13.3246    35.7078  1027.5835    26.8753    4.25573         18 0.0000e+00
       6855 164.543595      1.274    161.106    13.3253   4.209847     2.8744    160.000 4.8894e-02    13.3026    35.7072  1027.5921    26.8793    4.24970         23 0.0000e+00
       6879 164.543606      1.091    162.112    13.2998   4.206592     2.8705    161.000 4.8690e-02    13.2771    35.6997  1027.5961    26.8788    4.24506         24 0.0000e+00
       6904 164.543618      0.983    163.129    13.2683   4.203188     2.8658    162.000 4.8899e-02    13.2454    35.6966  1027.6047    26.8828    4.23929         22 0.0000e+00
       6924 164.543628      1.058    164.134    13.2175   4.196604     2.8614    163.000 4.8840e-02    13.1945    35.6812  1027.6079    26.8813    4.23594         19 0.0000e+00
       6943 164.543637      1.208    165.136    13.1723   4.191677     2.8556    164.000 4.8972e-02    13.1493    35.6763  1027.6179    26.8868    4.22896         19 0.0000e+00
       6964 164.543647      1.213    166.141    13.1310   4.186703     2.8498    165.000 4.8792e-02    13.1079    35.6673  1027.6239    26.8882    4.22199         23 0.0000e+00
       6989 164.543659      1.077    167.152    13.0842   4.181521     2.8454    166.000 4.8840e-02    13.0610    35.6615  1027.6336    26.8933    4.21802         25 0.0000e+00
       7017 164.543673      0.894    168.161    13.0519   4.178042     2.8415    167.000 4.9001e-02    13.0286    35.6582  1027.6422    26.8973    4.21365         30 0.0000e+00
       7044 164.543686      0.866    169.172    13.0337   4.176197     2.8365    168.000 4.8892e-02    13.0102    35.6573  1027.6497    26.9003    4.20605         23 0.0000e+00
       7067 164.543697      0.959    170.182    13.0260   4.175343     2.8343    169.000 4.8893e-02    13.0024    35.6560  1027.6547    26.9008    4.20282         23 0.0000e+00
       7087 164.543707      1.113    171.184    13.0092   4.173116     2.8310    170.000 4.8555e-02    12.9855    35.6500  1027.6581    26.8997    4.19845         17 0.0000e+00
       7105 164.543715      1.262    172.190    12.9229   4.162978     2.8291    171.000 4.8839e-02    12.8992    35.6339  1027.6677    26.9045    4.20305         19 0.0000e+00
       7124 164.543724      1.328    173.199    12.8530   4.155869     2.8294    172.000 4.8840e-02    12.8292    35.6312  1027.6844    26.9165    4.21019         17 0.0000e+00
       7144 164.543734      1.251    174.198    12.8321   4.153777     2.8311    173.000 4.8738e-02    12.8082    35.6305  1027.6925    26.9202    4.21606         24 0.0000e+00
       7170 164.543746      1.053    175.211    12.8144   4.151809     2.8319    174.000 4.8742e-02    12.7904    35.6278  1027.6986    26.9217    4.21961         25 0.0000e+00
       7198 164.543760      0.886    176.220    12.7960   4.149944     2.8347    175.000 4.8799e-02    12.7719    35.6268  1027.7060    26.9246    4.22737         29 0.0000e+00
       7224 164.543773      0.895    177.231    12.7922   4.149556     2.8353    176.000 4.8789e-02    12.7679    35.6262  1027.7109    26.9250    4.22952         24 0.0000e+00
       7247 164.543784      0.987    178.237    12.7674   4.146633     2.8337    177.000 4.8946e-02    12.7430    35.6211  1027.7165    26.9260    4.22908         23 0.0000e+00
       7269 164.543794      1.069    179.245    12.7396   4.143563     2.8328    178.000 4.8969e-02    12.7152    35.6174  1027.7237    26.9286    4.23042         19 0.0000e+00
       7290 164.543804      1.128    180.247    12.7173   4.141190     2.8334    179.000 4.8895e-02    12.6927    35.6152  1027.7310    26.9314    4.23418         22 0.0000e+00
       7311 164.543815      1.148    181.253    12.7000   4.139354     2.8344    180.000 4.8841e-02    12.6754    35.6134  1027.7376    26.9335    4.23827         22 0.0000e+00
       7336 164.543827      1.049    182.266    12.6807   4.137316     2.8362    181.000 4.8942e-02    12.6559    35.6116  1027.7446    26.9360    4.24417         25 0.0000e+00
       7362 164.543839      0.950    183.264    12.6709   4.136293     2.8361    182.000 4.8744e-02    12.6460    35.6106  1027.7503    26.9372    4.24537         25 0.0000e+00
       7387 164.543851      0.933    184.281    12.6483   4.133745     2.8353    183.000 4.8742e-02    12.6232    35.6070  1027.7566    26.9389    4.24631         25 0.0000e+00
       7411 164.543863      0.980    185.287    12.6205   4.130718     2.8328    184.000 4.8787e-02    12.5954    35.6036  1027.7640    26.9418    4.24453         23 0.0000e+00
