jupyter/NEMEA/cnv_final/cnv_final/out_dMCTV030.cnv
* Sea-Bird SBE 19plus V2 Data File:
* FileName = D:\ACEX_ctd\brutos\MCTV030.hex
* Software Version Seasave V 7.17
* Temperature SN = 6161
* Conductivity SN = 6161
* System UpLoad Time = Jun 19 2012 22:39:02
* NMEA UTC (Time) = Jun 19 2012 22:39:02
* NMEA Longitude =  052 09.61 W
* NMEA Latitude =  33 37.99 S
** H38 
** NHo Cruzeiro do Sul 
** 222 
** MCT V 
**   030
**   33 37.99 S
**   052 09.61 W
**   20/06/2012 01:29 Z
**   69
** 9P46375-0882 
**   1T Oliveira Santos
# nquan = 14
# nvalues = 62                          
# units = specified
# name 0 = scan: Scan Count
# name 1 = timeJ: Julian Days
# name 2 = dz/dtM: Descent Rate [m/s]
# name 3 = prdM: Pressure, Strain Gauge [db]
# name 4 = tv290C: Temperature [ITS-90, deg C]
# name 5 = c0S/m: Conductivity [S/m]
# name 6 = depSM: Depth [salt water, m]
# name 7 = oxsatML/L: Oxygen Saturation [ml/l]
# name 8 = flSP: Fluorescence, Seapoint
# name 9 = potemp090C: Potential Temperature [ITS-90, deg C]
# name 10 = sal00: Salinity [PSU]
# name 11 = density00: Density [density, Kg/m^3]
# name 12 = oxsatML/L: Oxygen Saturation [ml/l]
# name 13 = flag: flag
# span 0 =        415,        985       
# span 1 = 171.944970, 171.946621       
# span 2 =      0.088,      0.980       
# span 3 =      3.250,     64.259       
# span 4 =    14.4927,    15.1777       
# span 5 =   3.898239,   4.176610       
# span 6 =      3.000,     64.000       
# span 7 =    5.71004,    5.85873       
# span 8 = 2.0182e-01, 3.0620e+00       
# span 9 =    14.4921,    15.1708       
# span 10 =    31.8487,    33.7988      
# span 11 =  1023.6655,  1025.3159      
# span 12 =    5.70998,    5.85872      
# span 13 = 0.0000e+00, 0.0000e+00      
# interval = meters: 1                  
# start_time = Jun 19 2012 22:39:02
# bad_flag = -9.990e-29
*END*
        415 171.944970      0.211      3.250    14.4929   3.898239      3.000    5.85873 2.9891e+00    14.4925    31.8487  1023.6655    5.85872 0.0000e+00
        420 171.944986      0.633      4.063    14.4927   3.898457      4.000    5.85866 3.0426e+00    14.4921    31.8505  1023.6706    5.85868 0.0000e+00
        425 171.945000      0.841      4.868    14.4929   3.899323      5.000    5.85838 3.0620e+00    14.4922    31.8579  1023.6799    5.85839 0.0000e+00
        437 171.945034      0.215      6.137    14.5058   3.902640      6.000    5.85619 2.8645e+00    14.5049    31.8770  1023.6976    5.85616 0.0000e+00
        444 171.945055      0.586      7.066    14.5141   3.906175      7.000    5.85424 2.9269e+00    14.5131    31.9020  1023.7192    5.85427 0.0000e+00
        452 171.945077      0.531      8.009    14.5214   3.908438      8.000    5.85290 2.9041e+00    14.5202    31.9162  1023.7329    5.85289 0.0000e+00
        464 171.945113      0.273      9.301    14.5288   3.912994      9.000    5.85076 2.8327e+00    14.5275    31.9511  1023.7640    5.85074 0.0000e+00
        468 171.945124      0.799     10.051    14.5362   3.920506     10.000    5.84756 2.9504e+00    14.5348    32.0130  1023.8135    5.84763 0.0000e+00
        472 171.945137      0.980     10.849    14.5499   3.931357     11.000    5.84293 2.9614e+00    14.5483    32.1002  1023.8814    5.84288 0.0000e+00
        484 171.945171      0.250     12.116    14.5900   3.948096     12.000    5.83383 2.7071e+00    14.5883    32.2187  1023.9699    5.83385 0.0000e+00
        493 171.945196      0.528     13.105    14.5882   3.947400     13.000    5.83427 2.8058e+00    14.5864    32.2134  1023.9707    5.83425 0.0000e+00
        500 171.945216      0.594     14.070    14.5778   3.940048     14.000    5.83767 2.9275e+00    14.5758    32.1549  1023.9320    5.83759 0.0000e+00
        506 171.945236      0.581     15.016    14.5706   3.940100     15.000    5.83822 2.9971e+00    14.5684    32.1609  1023.9424    5.83823 0.0000e+00
        517 171.945265      0.365     16.165    14.5710   3.940211     16.000    5.83826 2.7575e+00    14.5686    32.1612  1023.9477    5.83818 0.0000e+00
        524 171.945285      0.556     17.116    14.6303   3.955958     17.000    5.82760 2.5513e+00    14.6278    32.2548  1024.0116    5.82777 0.0000e+00
        531 171.945308      0.483     18.063    14.6478   3.959064     18.000    5.82525 2.6324e+00    14.6452    32.2681  1024.0223    5.82522 0.0000e+00
        543 171.945340      0.356     19.253    14.7366   3.996195     19.000    5.80541 2.2132e+00    14.7338    32.5307  1024.2111    5.80537 0.0000e+00
        548 171.945355      0.714     20.074    14.8858   4.016512     20.000    5.78592 1.7063e+00    14.8828    32.5899  1024.2285    5.78571 0.0000e+00
        554 171.945375      0.633     21.027    14.8987   4.017986     21.000    5.78429 1.3692e+00    14.8956    32.5921  1024.2316    5.78411 0.0000e+00
        565 171.945405      0.333     22.191    14.9022   4.018529     22.000    5.78378 1.3185e+00    14.8989    32.5937  1024.2373    5.78365 0.0000e+00
        572 171.945426      0.544     23.111    14.9035   4.018716     23.000    5.78358 1.3486e+00    14.9001    32.5939  1024.2413    5.78349 0.0000e+00
        581 171.945451      0.472     24.152    14.9064   4.019071     24.000    5.78320 1.3612e+00    14.9029    32.5943  1024.2456    5.78313 0.0000e+00
        588 171.945473      0.530     25.135    14.9095   4.019837     25.000    5.78269 1.3672e+00    14.9059    32.5983  1024.2523    5.78263 0.0000e+00
        596 171.945495      0.521     26.127    14.9204   4.021751     26.000    5.78113 1.2002e+00    14.9166    32.6061  1024.2604    5.78107 0.0000e+00
        605 171.945520      0.467     27.168    14.9375   4.025453     27.000    5.77846 1.0789e+00    14.9335    32.6249  1024.2759    5.77841 0.0000e+00
        612 171.945542      0.530     28.133    14.9856   4.037499     28.000    5.77046 8.9618e-01    14.9815    32.6931  1024.3223    5.77038 0.0000e+00
        621 171.945567      0.458     29.154    15.0703   4.054989     29.000    5.75756 5.2891e-01    15.0660    32.7797  1024.3752    5.75746 0.0000e+00
        630 171.945594      0.433     30.203    15.1044   4.074152     30.000    5.74858 2.8972e-01    15.0999    32.9235  1024.4832    5.74844 0.0000e+00
        638 171.945617      0.512     31.217    15.0782   4.106303     31.000    5.74034 2.7016e-01    15.0735    33.2354  1024.7337    5.74052 0.0000e+00
        645 171.945635      0.622     32.167    15.0786   4.135139     32.000    5.73144 2.5743e-01    15.0738    33.4954  1024.9380    5.73134 0.0000e+00
        651 171.945655      0.612     33.104    15.0588   4.140125     33.000    5.73147 2.4643e-01    15.0539    33.5571  1024.9940    5.73146 0.0000e+00
        662 171.945686      0.343     34.233    15.0361   4.141671     34.000    5.73292 2.4092e-01    15.0310    33.5902  1025.0295    5.73292 0.0000e+00
        671 171.945712      0.486     35.278    14.9888   4.144112     35.000    5.73618 2.2289e-01    14.9835    33.6526  1025.0925    5.73620 0.0000e+00
        676 171.945727      0.732     36.134    14.9722   4.146113     36.000    5.73692 2.1510e-01    14.9669    33.6847  1025.1247    5.73699 0.0000e+00
        684 171.945749      0.532     37.180    14.9792   4.147889     37.000    5.73581 2.0443e-01    14.9737    33.6944  1025.1352    5.73584 0.0000e+00
        693 171.945774      0.468     38.240    14.9914   4.150222     38.000    5.73407 2.1260e-01    14.9857    33.7046  1025.1452    5.73407 0.0000e+00
        700 171.945795      0.553     39.174    15.0078   4.152212     39.000    5.73204 2.3016e-01    15.0020    33.7081  1025.1485    5.73205 0.0000e+00
        709 171.945823      0.387     40.297    15.0109   4.152436     40.000    5.73174 2.3219e-01    15.0049    33.7070  1025.1519    5.73173 0.0000e+00
        716 171.945843      0.583     41.214    15.0201   4.155454     41.000    5.73000 2.0853e-01    15.0140    33.7261  1025.1687    5.73000 0.0000e+00
        725 171.945869      0.428     42.213    15.0617   4.160750     42.000    5.72481 2.0662e-01    15.0553    33.7379  1025.1731    5.72480 0.0000e+00
        738 171.945906      0.284     43.466    15.0980   4.167770     43.000    5.71960 2.0452e-01    15.0915    33.7696  1025.1951    5.71950 0.0000e+00
        742 171.945917      0.761     44.238    15.1595   4.175793     44.000    5.71184 2.0182e-01    15.1529    33.7887  1025.1998    5.71175 0.0000e+00
        747 171.945933      0.805     45.095    15.1770   4.176610     45.000    5.71012 2.0767e-01    15.1702    33.7807  1025.1936    5.71003 0.0000e+00
        759 171.945966      0.242     46.358    15.1777   4.176605     46.000    5.71004 2.2768e-01    15.1708    33.7795  1025.1981    5.70998 0.0000e+00
        766 171.945987      0.564     47.311    15.1749   4.176489     47.000    5.71032 2.3090e-01    15.1678    33.7805  1025.2037    5.71027 0.0000e+00
        772 171.946004      0.690     48.220    15.1716   4.176240     48.000    5.71068 2.3994e-01    15.1644    33.7808  1025.2087    5.71064 0.0000e+00
        780 171.946026      0.549     49.202    15.1649   4.175674     49.000    5.71142 2.5272e-01    15.1575    33.7810  1025.2147    5.71140 0.0000e+00
        791 171.946059      0.302     50.404    15.1582   4.174977     50.000    5.71221 2.5442e-01    15.1506    33.7801  1025.2208    5.71221 0.0000e+00
        797 171.946077      0.598     51.308    15.1469   4.174078     51.000    5.71345 2.4523e-01    15.1392    33.7813  1025.2282    5.71346 0.0000e+00
        803 171.946095      0.667     52.219    15.1366   4.173363     52.000    5.71457 2.3642e-01    15.1287    33.7834  1025.2362    5.71457 0.0000e+00
        813 171.946121      0.414     53.345    15.1303   4.173130     53.000    5.71518 2.4730e-01    15.1223    33.7863  1025.2448    5.71519 0.0000e+00
        820 171.946142      0.558     54.302    15.1155   4.172091     54.000    5.71677 2.4180e-01    15.1073    33.7893  1025.2546    5.71679 0.0000e+00
        827 171.946163      0.561     55.270    15.1072   4.171752     55.000    5.71759 2.3688e-01    15.0989    33.7930  1025.2636    5.71762 0.0000e+00
        836 171.946189      0.437     56.317    15.1026   4.171543     56.000    5.71807 2.4328e-01    15.0941    33.7947  1025.2705    5.71809 0.0000e+00
        845 171.946216      0.419     57.419    15.1007   4.171307     57.000    5.71832 2.4618e-01    15.0921    33.7938  1025.2751    5.71834 0.0000e+00
        852 171.946234      0.612     58.365    15.0882   4.170285     58.000    5.71971 2.3143e-01    15.0794    33.7949  1025.2829    5.71974 0.0000e+00
        857 171.946249      0.759     59.205    15.0803   4.169745     59.000    5.72056 2.2873e-01    15.0715    33.7965  1025.2896    5.72059 0.0000e+00
        867 171.946280      0.310     60.393    15.0751   4.169508     60.000    5.72110 2.4463e-01    15.0660    33.7985  1025.2976    5.72113 0.0000e+00
        875 171.946303      0.540     61.337    15.0744   4.169471     61.000    5.72120 2.3861e-01    15.0652    33.7984  1025.3018    5.72121 0.0000e+00
        885 171.946330      0.414     62.324    15.0732   4.169454     62.000    5.72131 2.4488e-01    15.0638    33.7988  1025.3068    5.72133 0.0000e+00
        897 171.946365      0.347     63.467    15.0733   4.169484     63.000    5.72132 2.4707e-01    15.0638    33.7986  1025.3117    5.72133 0.0000e+00
        985 171.946621      0.088     64.259    15.0708   4.169302     64.000    5.72160 2.6235e-01    15.0612    33.7988  1025.3159    5.72161 0.0000e+00
