jupyter/NEMEA/cnv_final/cnv_final/out_dMCTV010.cnv
* Sea-Bird SBE 9 Data File:
* FileName = D:\ACEX\brutos\MCTV010.hex
* Software Version Seasave V 7.17
* Temperature SN = 4821
* Conductivity SN = 3367
* Number of Bytes Per Scan = 21
* Number of Voltage Words = 3
* Number of Scans Averaged by the Deck Unit = 1
* NMEA UTC (Time) = Jun 14 2012 10:52:44
* NMEA Longitude =  046 37.69 W
* NMEA Latitude =  27 00.43 S
** H38 
** NHo Cruzeiro do Sul 
** 222 
** MCTV ACEx 
**   010
**   27 00.43 S
**   046 37.69 W
**   14/06/2012 13:51Z
**   309
** 9P46375-0882 
**   1T Oliveira Santos
# nquan = 16
# nvalues = 270                         
# units = specified
# name 0 = scan: Scan Count
# name 1 = timeJ: Julian Days
# name 2 = dz/dtM: Descent Rate [m/s]
# name 3 = prDM: Pressure, Digiquartz [db]
# name 4 = t090C: Temperature [ITS-90, deg C]
# name 5 = c0S/m: Conductivity [S/m]
# name 6 = sbeox0V: Oxygen Voltage, SBE 43
# name 7 = depSM: Depth [salt water, m]
# name 8 = flSP: Fluorescence, Seapoint
# name 9 = potemp090C: Potential Temperature [ITS-90, deg C]
# name 10 = sal00: Salinity [PSU]
# name 11 = density00: Density [density, Kg/m^3]
# name 12 = sigma-é00: Density [sigma-theta, Kg/m^3]
# name 13 = sbeox0ML/L: Oxygen, SBE 43 [ml/l], WS = 2
# name 14 = nbin: number of scans per bin
# name 15 = flag: flag
# span 0 =       2492,      21232       
# span 1 = 166.454489, 166.463525       
# span 2 =      0.189,      0.871       
# span 3 =      5.032,    275.611       
# span 4 =    13.7783,    23.0599       
# span 5 =   4.265015,   5.394098       
# span 6 =     2.4380,     3.4784       
# span 7 =      5.000,    274.000       
# span 8 = 5.1574e-02, 4.1128e-01       
# span 9 =    13.7385,    23.0476       
# span 10 =    35.7558,    37.2123      
# span 11 =  1025.4479,  1028.0419      
# span 12 =    25.4265,    26.8266      
# span 13 =    3.34444,    4.45832      
# span 14 =          2,         77      
# span 15 = 0.0000e+00, 0.0000e+00      
# interval = meters: 1                  
# start_time = Jun 14 2012 10:52:44
# bad_flag = -9.990e-29
*END*
[from data line 181]
      13209 166.459657      0.397    187.267    15.2714   4.433036     2.9706    186.000 5.2233e-02    15.2425    35.9643  1027.4829    26.6618    4.28004         48 0.0000e+00
      13298 166.459700      0.288    188.290    15.2606   4.431873     2.9744    187.000 5.3092e-02    15.2315    35.9632  1027.4891    26.6634    4.28875         37 0.0000e+00
      13352 166.459726      0.447    189.295    15.2579   4.431614     2.9724    188.000 5.1574e-02    15.2287    35.9629  1027.4938    26.6638    4.28576         56 0.0000e+00
      13419 166.459758      0.345    190.326    15.2481   4.430496     2.9683    189.000 5.2739e-02    15.2188    35.9613  1027.4994    26.6648    4.27949         53 0.0000e+00
      13475 166.459785      0.458    191.316    15.2228   4.427406     2.9528    190.000 5.2892e-02    15.1933    35.9560  1027.5054    26.6664    4.25305         39 0.0000e+00
      13574 166.459833      0.265    192.341    15.1936   4.424049     2.9011    191.000 5.8241e-02    15.1639    35.9518  1027.5133    26.6697    4.15840         60 0.0000e+00
      13644 166.459866      0.352    193.344    15.1786   4.422326     2.8728    192.000 5.9599e-02    15.1488    35.9495  1027.5193    26.6713    4.10661         49 0.0000e+00
      13697 166.459892      0.434    194.336    15.1662   4.420824     2.8514    193.000 6.1092e-02    15.1363    35.9468  1027.5244    26.6719    4.06768         52 0.0000e+00
      13759 166.459922      0.403    195.356    15.1499   4.418939     2.8271    194.000 6.3255e-02    15.1198    35.9441  1027.5306    26.6736    4.02359         61 0.0000e+00
      13838 166.459960      0.308    196.363    15.1324   4.416909     2.8030    195.000 6.3672e-02    15.1022    35.9413  1027.5368    26.6753    3.97996         28 0.0000e+00
      13915 166.459997      0.359    197.326    15.1076   4.413897     2.7775    196.000 6.7103e-02    15.0773    35.9362  1027.5427    26.6769    3.93423         45 0.0000e+00
      13972 166.460025      0.440    198.352    15.0748   4.410150     2.7537    197.000 6.6370e-02    15.0444    35.9317  1027.5511    26.6807    3.89210         55 0.0000e+00
      14069 166.460072      0.253    199.391    15.0559   4.407994     2.7395    198.000 6.8565e-02    15.0254    35.9290  1027.5579    26.6829    3.86728         37 0.0000e+00
      14128 166.460100      0.460    200.394    15.0428   4.406487     2.7334    199.000 6.7171e-02    15.0122    35.9268  1027.5636    26.6841    3.85721         46 0.0000e+00
      14194 166.460132      0.344    201.400    15.0323   4.405331     2.7266    200.000 7.1383e-02    15.0015    35.9255  1027.5694    26.6855    3.84565         68 0.0000e+00
      14259 166.460163      0.397    202.402    15.0236   4.404350     2.7206    201.000 6.9351e-02    14.9927    35.9241  1027.5747    26.6864    3.83546         52 0.0000e+00
      14364 166.460213      0.221    203.428    15.0149   4.403381     2.7169    202.000 6.7406e-02    14.9839    35.9228  1027.5802    26.6873    3.82970         34 0.0000e+00
      14407 166.460234      0.578    204.418    15.0060   4.402321     2.7163    203.000 7.1836e-02    14.9748    35.9209  1027.5851    26.6879    3.82963         33 0.0000e+00
      14462 166.460261      0.527    205.430    14.9933   4.400929     2.7173    204.000 6.4929e-02    14.9620    35.9194  1027.5912    26.6895    3.83318         24 0.0000e+00
      14567 166.460311      0.372    206.332    14.9839   4.399846     2.7222    205.000 6.4513e-02    14.9525    35.9178  1027.5961    26.6904    3.84369         49 0.0000e+00
      14625 166.460339      0.513    207.472    14.9660   4.397829     2.7221    206.000 6.7647e-02    14.9344    35.9153  1027.6033    26.6925    3.84540         35 0.0000e+00
      14677 166.460364      0.418    208.384    14.9407   4.394671     2.7220    207.000 6.5939e-02    14.9090    35.9093  1027.6083    26.6935    3.84782         46 0.0000e+00
      14766 166.460407      0.258    209.408    14.8379   4.382909     2.6909    208.000 6.9938e-02    14.8062    35.8957  1027.6254    26.7056    3.79695         26 0.0000e+00
      14855 166.460451      0.334    210.474    14.8237   4.381248     2.6604    209.000 7.1522e-02    14.7918    35.8932  1027.6313    26.7068    3.74036         53 0.0000e+00
      14902 166.460473      0.511    211.479    14.8072   4.379265     2.6361    210.000 7.5936e-02    14.7752    35.8897  1027.6367    26.7078    3.69564         47 0.0000e+00
      14957 166.460500      0.463    212.493    14.7914   4.377446     2.6031    211.000 8.0912e-02    14.7593    35.8872  1027.6428    26.7093    3.63428         31 0.0000e+00
      15069 166.460553      0.306    213.497    14.7738   4.375320     2.5627    212.000 8.7853e-02    14.7415    35.8834  1027.6482    26.7103    3.55884         48 0.0000e+00
      15123 166.460580      0.450    214.503    14.7532   4.373068     2.5447    213.000 9.3970e-02    14.7208    35.8813  1027.6556    26.7132    3.52635         57 0.0000e+00
      15189 166.460611      0.353    215.512    14.7396   4.371564     2.5253    214.000 1.0088e-01    14.7071    35.8796  1027.6618    26.7149    3.49076         67 0.0000e+00
      15264 166.460648      0.310    216.518    14.7319   4.370706     2.5146    215.000 9.9502e-02    14.6993    35.8784  1027.6670    26.7156    3.47121         39 0.0000e+00
      15355 166.460692      0.289    217.531    14.7148   4.368763     2.5069    216.000 9.5399e-02    14.6820    35.8759  1027.6734    26.7175    3.45820         38 0.0000e+00
      15382 166.460705      0.711    218.534    14.7086   4.368027     2.5051    217.000 9.1957e-02    14.6756    35.8744  1027.6781    26.7178    3.45558         28 0.0000e+00
      15411 166.460719      0.842    219.541    14.6931   4.366191     2.4941    218.000 9.8735e-02    14.6600    35.8714  1027.6836    26.7188    3.43608         31 0.0000e+00
      15447 166.460736      0.728    220.551    14.6808   4.364916     2.4760    219.000 1.0019e-01    14.6476    35.8706  1027.6902    26.7209    3.40272         37 0.0000e+00
      15495 166.460759      0.425    221.480    14.6761   4.364399     2.4607    220.000 1.0659e-01    14.6428    35.8698  1027.6947    26.7214    3.37419         30 0.0000e+00
      15548 166.460784      0.431    222.461    14.6694   4.363739     2.4518    221.000 1.0577e-01    14.6360    35.8694  1027.7002    26.7225    3.35794         32 0.0000e+00
      15592 166.460806      0.530    223.465    14.6672   4.363503     2.4477    222.000 9.9972e-02    14.6336    35.8689  1027.7047    26.7226    3.35062         24 0.0000e+00
      15623 166.460821      0.747    224.518    14.6641   4.363201     2.4455    223.000 1.1118e-01    14.6304    35.8685  1027.7098    26.7231    3.34713         34 0.0000e+00
      15665 166.460841      0.638    225.596    14.6616   4.362958     2.4438    224.000 1.1075e-01    14.6277    35.8682  1027.7149    26.7234    3.34444         38 0.0000e+00
      15711 166.460863      0.493    226.557    14.6513   4.361860     2.4768    225.000 9.7391e-02    14.6173    35.8672  1027.7206    26.7249    3.40901         37 0.0000e+00
      15753 166.460883      0.578    227.567    14.6458   4.361365     2.5615    226.000 7.8393e-02    14.6116    35.8673  1027.7264    26.7262    3.57266         36 0.0000e+00
      15796 166.460904      0.571    228.573    14.6391   4.360625     2.6239    227.000 7.2235e-02    14.6048    35.8662  1027.7315    26.7269    3.69342         36 0.0000e+00
      15853 166.460932      0.425    229.593    14.6298   4.359604     2.6412    228.000 7.6543e-02    14.5953    35.8650  1027.7371    26.7280    3.72787         67 0.0000e+00
      15915 166.460962      0.396    230.633    14.6202   4.358569     2.6331    229.000 7.6654e-02    14.5856    35.8639  1027.7429    26.7292    3.71357         45 0.0000e+00
      15952 166.460979      0.620    231.634    14.6144   4.357923     2.6210    230.000 7.5853e-02    14.5796    35.8629  1027.7479    26.7298    3.69135         29 0.0000e+00
      15983 166.460995      0.746    232.624    14.6114   4.357625     2.6108    231.000 7.8625e-02    14.5765    35.8625  1027.7526    26.7302    3.67239         32 0.0000e+00
      16024 166.461014      0.633    233.642    14.6058   4.356998     2.6028    232.000 8.0953e-02    14.5708    35.8614  1027.7575    26.7305    3.65791         44 0.0000e+00
      16070 166.461037      0.499    234.638    14.5886   4.355069     2.5974    233.000 7.8236e-02    14.5535    35.8591  1027.7639    26.7325    3.64920         36 0.0000e+00
      16116 166.461058      0.535    235.643    14.5798   4.354125     2.5994    234.000 7.7422e-02    14.5445    35.8581  1027.7696    26.7337    3.65424         39 0.0000e+00
      16162 166.461081      0.505    236.619    14.5688   4.352895     2.6005    235.000 7.6659e-02    14.5334    35.8565  1027.7751    26.7349    3.65758         35 0.0000e+00
      16213 166.461105      0.488    237.654    14.5564   4.351499     2.6012    236.000 7.5714e-02    14.5208    35.8547  1027.7810    26.7362    3.66049         48 0.0000e+00
      16261 166.461128      0.495    238.642    14.5472   4.350508     2.6079    237.000 7.5533e-02    14.5115    35.8536  1027.7865    26.7374    3.67461         33 0.0000e+00
      16300 166.461147      0.600    239.643    14.5374   4.349342     2.6117    238.000 7.1064e-02    14.5016    35.8515  1027.7915    26.7379    3.68316         27 0.0000e+00
      16338 166.461166      0.657    240.666    14.5170   4.347069     2.6188    239.000 6.9612e-02    14.4811    35.8489  1027.7985    26.7403    3.69884         36 0.0000e+00
      16383 166.461187      0.543    241.695    14.5053   4.345813     2.6314    240.000 6.6753e-02    14.4692    35.8477  1027.8047    26.7420    3.72457         36 0.0000e+00
      16430 166.461210      0.473    242.631    14.5006   4.345327     2.6402    241.000 6.7899e-02    14.4644    35.8472  1027.8095    26.7426    3.74233         33 0.0000e+00
      16470 166.461229      0.559    243.585    14.4946   4.344599     2.6454    242.000 6.7204e-02    14.4582    35.8456  1027.8139    26.7428    3.75338         24 0.0000e+00
      16515 166.461251      0.614    244.678    14.4821   4.343178     2.6585    243.000 6.5144e-02    14.4456    35.8436  1027.8199    26.7439    3.78025         32 0.0000e+00
      16577 166.461281      0.372    245.673    14.4510   4.339605     2.6890    244.000 6.2533e-02    14.4144    35.8389  1027.8275    26.7470    3.84219         42 0.0000e+00
      16627 166.461305      0.505    246.691    14.4363   4.337985     2.7116    245.000 6.1503e-02    14.3996    35.8370  1027.8338    26.7488    3.88755         35 0.0000e+00
      16666 166.461324      0.601    247.707    14.4250   4.336707     2.7250    246.000 6.0143e-02    14.3881    35.8352  1027.8394    26.7499    3.91494         36 0.0000e+00
      16754 166.461366      0.270    248.757    14.4187   4.336152     2.7350    247.000 6.1497e-02    14.3817    35.8355  1027.8456    26.7514    3.93532         41 0.0000e+00
      16809 166.461393      0.532    249.771    14.4170   4.335985     2.7392    248.000 5.9894e-02    14.3799    35.8351  1027.8502    26.7516    3.94397         38 0.0000e+00
      16852 166.461413      0.601    250.786    14.4158   4.335918     2.7389    249.000 6.1061e-02    14.3785    35.8352  1027.8550    26.7519    3.94409         37 0.0000e+00
      16904 166.461439      0.447    251.780    14.4063   4.334897     2.7508    250.000 5.8371e-02    14.3688    35.8341  1027.8607    26.7532    3.96843         51 0.0000e+00
      17335 166.461647      0.377    252.777    14.4001   4.334265     2.7784    251.000 5.7771e-02    14.3626    35.8335  1027.8660    26.7541    4.02293         39 0.0000e+00
      18455 166.462187      0.503    253.717    14.4032   4.334631     2.7627    252.000 5.8865e-02    14.3655    35.8337  1027.8696    26.7536    3.99284         47 0.0000e+00
      18487 166.462202      0.423    254.807    14.3897   4.333140     2.7833    253.000 5.7370e-02    14.3518    35.8319  1027.8760    26.7552    4.03444         47 0.0000e+00
      18588 166.462251      0.189    255.827    14.3728   4.331282     2.7970    254.000 5.7524e-02    14.3348    35.8299  1027.8826    26.7572    4.06289          9 0.0000e+00
      18640 166.462276      0.457    256.783    14.3558   4.329225     2.7956    255.000 5.6317e-02    14.3177    35.8262  1027.8878    26.7581    4.06222         47 0.0000e+00
      18689 166.462299      0.540    257.834    14.3302   4.326289     2.7849    256.000 5.9017e-02    14.2920    35.8223  1027.8950    26.7606    4.04401         35 0.0000e+00
      18791 166.462349      0.276    258.847    14.3054   4.323587     2.7565    257.000 6.0242e-02    14.2671    35.8197  1027.9029    26.7639    3.99155         52 0.0000e+00
      18838 166.462371      0.540    259.847    14.2810   4.320785     2.7197    258.000 6.2399e-02    14.2426    35.8159  1027.9097    26.7662    3.92251         25 0.0000e+00
      18883 166.462393      0.615    260.775    14.2698   4.319702     2.6694    259.000 6.4978e-02    14.2313    35.8158  1027.9162    26.7686    3.82613         22 0.0000e+00
      19029 166.462463      0.357    261.809    14.2520   4.317576     2.5861    260.000 7.9962e-02    14.2134    35.8121  1027.9218    26.7696    3.66604         40 0.0000e+00
      19075 166.462486      0.476    262.857    14.1940   4.311032     2.5046    261.000 8.0490e-02    14.1553    35.8046  1027.9334    26.7762    3.51197         49 0.0000e+00
      19131 166.462513      0.426    263.839    14.1776   4.309295     2.4509    262.000 8.3919e-02    14.1388    35.8033  1027.9403    26.7787    3.40896         44 0.0000e+00
      19240 166.462565      0.229    264.856    14.1609   4.307486     2.4380    263.000 8.1467e-02    14.1220    35.8015  1027.9470    26.7809    3.38554         17 0.0000e+00
      19322 166.462605      0.327    265.858    14.1292   4.303844     2.4639    264.000 7.7668e-02    14.0902    35.7967  1027.9546    26.7839    3.43862         29 0.0000e+00
      19370 166.462628      0.514    266.847    14.0970   4.300301     2.4830    265.000 7.5819e-02    14.0579    35.7931  1027.9632    26.7880    3.47882         38 0.0000e+00
      19803 166.462837      0.425    267.824    14.0299   4.292766     2.5559    266.000 7.2000e-02    13.9908    35.7846  1027.9755    26.7957    3.62684         39 0.0000e+00
      20864 166.463348      0.421    268.858    13.8751   4.275634     2.6996    267.000 6.0863e-02    13.8361    35.7680  1028.0007    26.8155    3.92039         33 0.0000e+00
      20860 166.463346      0.355    269.827    13.8644   4.274565     2.6997    268.000 6.1947e-02    13.8253    35.7675  1028.0069    26.8174    3.92202         26 0.0000e+00
      20923 166.463377      0.407    270.887    13.8630   4.274430     2.7007    269.000 6.1306e-02    13.8237    35.7672  1028.0117    26.8175    3.92465         46 0.0000e+00
      20978 166.463403      0.431    271.853    13.8405   4.271807     2.7022    270.000 6.3058e-02    13.8011    35.7631  1028.0176    26.8191    3.93002         41 0.0000e+00
      21055 166.463441      0.297    272.925    13.7978   4.267105     2.7095    271.000 5.9105e-02    13.7584    35.7584  1028.0279    26.8244    3.94833         25 0.0000e+00
      21131 166.463477      0.307    273.868    13.7891   4.266199     2.7125    272.000 6.0113e-02    13.7495    35.7576  1028.0333    26.8256    3.95553         24 0.0000e+00
      21188 166.463504      0.427    274.864    13.7860   4.265872     2.7147    273.000 5.9163e-02    13.7463    35.7570  1028.0379    26.8258    3.96056         47 0.0000e+00
      21232 166.463525      0.425    275.611    13.7783   4.265015     2.7161    274.000 6.4066e-02    13.7385    35.7558  1028.0419    26.8266    3.96451          2 0.0000e+00
