jupyter/NEMEA/cnv_final/cnv_final/out_dMCTV002.cnv
* Sea-Bird SBE 9 Data File:
* FileName = D:\ACEX\brutos\MCTV002.hex
* Software Version Seasave V 7.17
* Temperature SN = 4821
* Conductivity SN = 3367
* Number of Bytes Per Scan = 18
* Number of Voltage Words = 2
* Number of Scans Averaged by the Deck Unit = 1
* NMEA UTC (Time) = Jun 12 2012 12:58:01
* NMEA Longitude =  045 37.816 W
* NMEA Latitude =  25 58.320 S
** H38 
** NHo Cruzeiro do Sul 
** 222 
** MCTV ACEx 
**   002
**   25 58.320 S
**   045 37.816 W
**   12/06/2012 15:55 Z
**   401
** 9P46375-0882 
**   CT Fernandes
# nquan = 16
# nvalues = 355                         
# units = specified
# name 0 = scan: Scan Count
# name 1 = timeJ: Julian Days
# name 2 = dz/dtM: Descent Rate [m/s]
# name 3 = prDM: Pressure, Digiquartz [db]
# name 4 = t090C: Temperature [ITS-90, deg C]
# name 5 = c0S/m: Conductivity [S/m]
# name 6 = sbeox0V: Oxygen Voltage, SBE 43
# name 7 = depSM: Depth [salt water, m]
# name 8 = flSP: Fluorescence, Seapoint
# name 9 = potemp090C: Potential Temperature [ITS-90, deg C]
# name 10 = sal00: Salinity [PSU]
# name 11 = density00: Density [density, Kg/m^3]
# name 12 = sigma-é00: Density [sigma-theta, Kg/m^3]
# name 13 = sbeox0ML/L: Oxygen, SBE 43 [ml/l], WS = 2
# name 14 = nbin: number of scans per bin
# name 15 = flag: flag
# span 0 =       3151,      12788       
# span 1 = 164.541808, 164.546456       
# span 2 =      0.135,      1.701       
# span 3 =      5.035,    361.654       
# span 4 =     9.1695,    21.9663       
# span 5 =   3.759870,   5.171914       
# span 6 =     2.5340,     3.4879       
# span 7 =      5.000,    359.000       
# span 8 = 4.3377e-02, 5.0185e-02       
# span 9 =     9.1295,    21.9609       
# span 10 =    35.1357,    36.5443      
# span 11 =  1025.1235,  1028.8330      
# span 12 =    25.1019,    27.2037      
# span 13 =    3.44904,    4.54443      
# span 14 =         14,         60      
# span 15 = 0.0000e+00, 0.0000e+00      
# interval = meters: 1                  
# start_time = Jun 12 2012 12:58:01
# bad_flag = -9.990e-29
*END*
[from data line 181]
       7462 164.543887      0.943    187.301    12.5651   4.124862     2.8310    186.000 4.8794e-02    12.5398    35.5986  1027.7803    26.9489    4.24693         27 0.0000e+00
       7490 164.543901      0.864    188.316    12.5561   4.123868     2.8309    187.000 4.8899e-02    12.5307    35.5972  1027.7855    26.9496    4.24820         24 0.0000e+00
       7513 164.543912      0.952    189.312    12.5522   4.123542     2.8319    188.000 4.8891e-02    12.5267    35.5972  1027.7908    26.9504    4.25110         24 0.0000e+00
       7538 164.543924      0.997    190.319    12.5492   4.123141     2.8311    189.000 4.8889e-02    12.5235    35.5958  1027.7948    26.9500    4.25038         25 0.0000e+00
       7564 164.543937      0.950    191.331    12.5257   4.120360     2.8290    190.000 4.8710e-02    12.4999    35.5907  1027.8000    26.9507    4.24891         27 0.0000e+00
       7590 164.543949      0.914    192.346    12.4918   4.116581     2.8278    191.000 4.8778e-02    12.4659    35.5859  1027.8076    26.9536    4.25004         19 0.0000e+00
       7609 164.543958      1.055    193.351    12.4880   4.116300     2.8285    192.000 4.8910e-02    12.4620    35.5863  1027.8132    26.9547    4.25228         18 0.0000e+00
       7625 164.543966      1.281    194.358    12.4873   4.116237     2.8283    193.000 4.9065e-02    12.4611    35.5860  1027.8176    26.9546    4.25261         16 0.0000e+00
       7641 164.543974      1.459    195.358    12.4862   4.116166     2.8279    194.000 4.9014e-02    12.4598    35.5859  1027.8222    26.9548    4.25252         14 0.0000e+00
       7657 164.543982      1.514    196.360    12.4855   4.116155     2.8279    195.000 4.8659e-02    12.4590    35.5860  1027.8269    26.9550    4.25321         19 0.0000e+00
       7677 164.543991      1.395    197.373    12.4779   4.115144     2.8275    196.000 4.8647e-02    12.4514    35.5829  1027.8305    26.9542    4.25362         19 0.0000e+00
       7698 164.544001      1.203    198.380    12.4600   4.113232     2.8279    197.000 4.8839e-02    12.4334    35.5809  1027.8371    26.9562    4.25665         22 0.0000e+00
       7721 164.544012      1.103    199.392    12.4451   4.111437     2.8272    198.000 4.8784e-02    12.4183    35.5773  1027.8417    26.9563    4.25719         22 0.0000e+00
       7743 164.544023      1.084    200.395    12.4324   4.110166     2.8274    199.000 4.8738e-02    12.4054    35.5766  1027.8482    26.9583    4.25937         24 0.0000e+00
       7771 164.544036      0.956    201.405    12.4271   4.109649     2.8279    200.000 4.8722e-02    12.4001    35.5761  1027.8534    26.9590    4.26139         31 0.0000e+00
       7800 164.544051      0.817    202.420    12.4221   4.109104     2.8287    201.000 4.8796e-02    12.3949    35.5752  1027.8582    26.9593    4.26391         27 0.0000e+00
       7824 164.544062      0.906    203.430    12.4066   4.107111     2.8271    202.000 4.8709e-02    12.3793    35.5701  1027.8619    26.9584    4.26285         19 0.0000e+00
       7841 164.544070      1.128    204.436    12.3725   4.103268     2.8254    203.000 4.8928e-02    12.3451    35.5648  1027.8690    26.9609    4.26305         16 0.0000e+00
       7857 164.544078      1.361    205.445    12.3306   4.098215     2.8253    204.000 4.8916e-02    12.3032    35.5550  1027.8743    26.9616    4.26740         16 0.0000e+00
       7871 164.544085      1.529    206.446    12.2989   4.095115     2.8244    205.000 4.8755e-02    12.2714    35.5546  1027.8848    26.9674    4.26886         14 0.0000e+00
       7885 164.544091      1.652    207.441    12.2777   4.092527     2.8231    206.000 4.9087e-02    12.2500    35.5492  1027.8892    26.9674    4.26891         14 0.0000e+00
       7901 164.544099      1.701    208.457    12.2474   4.089241     2.8239    207.000 4.8681e-02    12.2197    35.5455  1027.8969    26.9704    4.27379         16 0.0000e+00
       7921 164.544109      1.454    209.454    12.2145   4.085444     2.8250    208.000 4.8786e-02    12.1867    35.5394  1027.9032    26.9721    4.27963         24 0.0000e+00
       7948 164.544122      1.031    210.475    12.1829   4.082149     2.8245    209.000 4.8884e-02    12.1550    35.5369  1027.9120    26.9763    4.28208         28 0.0000e+00
       7975 164.544135      0.862    211.489    12.1712   4.080930     2.8254    210.000 4.9105e-02    12.1432    35.5357  1027.9180    26.9777    4.28554         24 0.0000e+00
       7997 164.544145      0.979    212.493    12.1590   4.079335     2.8263    211.000 4.8762e-02    12.1308    35.5314  1027.9215    26.9767    4.28914         20 0.0000e+00
       8015 164.544154      1.160    213.502    12.1326   4.076597     2.8256    212.000 4.8985e-02    12.1043    35.5293  1027.9296    26.9803    4.29065         18 0.0000e+00
       8033 164.544163      1.306    214.509    12.1252   4.075920     2.8268    213.000 4.8749e-02    12.0969    35.5292  1027.9355    26.9816    4.29428         16 0.0000e+00
       8049 164.544170      1.403    215.504    12.1223   4.075674     2.8267    214.000 4.8912e-02    12.0939    35.5292  1027.9405    26.9822    4.29482         17 0.0000e+00
       8067 164.544179      1.430    216.516    12.1194   4.075301     2.8265    215.000 4.8713e-02    12.0907    35.5279  1027.9446    26.9818    4.29529         19 0.0000e+00
       8088 164.544189      1.289    217.522    12.0996   4.073052     2.8252    216.000 4.8837e-02    12.0709    35.5244  1027.9503    26.9829    4.29519         24 0.0000e+00
       8114 164.544202      1.030    218.536    12.0875   4.071740     2.8258    217.000 4.8603e-02    12.0587    35.5226  1027.9558    26.9839    4.29799         26 0.0000e+00
       8140 164.544214      0.908    219.549    12.0758   4.070538     2.8267    218.000 4.8951e-02    12.0469    35.5215  1027.9618    26.9853    4.30147         25 0.0000e+00
       8163 164.544225      0.981    220.554    12.0729   4.070206     2.8261    219.000 4.8719e-02    12.0438    35.5206  1027.9661    26.9852    4.30121         21 0.0000e+00
       8182 164.544235      1.136    221.563    12.0633   4.069176     2.8248    220.000 4.8980e-02    12.0342    35.5192  1027.9714    26.9860    4.30007         18 0.0000e+00
       8200 164.544243      1.263    222.564    12.0558   4.068373     2.8267    221.000 4.8709e-02    12.0265    35.5182  1027.9766    26.9866    4.30507         19 0.0000e+00
       8218 164.544252      1.316    223.577    12.0447   4.067063     2.8269    222.000 4.9060e-02    12.0153    35.5155  1027.9812    26.9867    4.30712         17 0.0000e+00
       8235 164.544260      1.356    224.585    12.0271   4.065081     2.8259    223.000 4.9070e-02    11.9976    35.5124  1027.9867    26.9877    4.30728         16 0.0000e+00
       8252 164.544268      1.413    225.588    12.0034   4.062402     2.8260    224.000 4.8605e-02    11.9737    35.5084  1027.9928    26.9892    4.31041         17 0.0000e+00
       8268 164.544276      1.470    226.595    11.9905   4.061180     2.8270    225.000 4.8768e-02    11.9608    35.5082  1027.9997    26.9915    4.31413         17 0.0000e+00
       8285 164.544284      1.469    227.596    11.9849   4.060634     2.8280    226.000 4.9106e-02    11.9550    35.5078  1028.0049    26.9923    4.31721         18 0.0000e+00
       8309 164.544296      1.254    228.605    11.9837   4.060558     2.8301    227.000 4.8889e-02    11.9537    35.5077  1028.0096    26.9925    4.32218         30 0.0000e+00
       8342 164.544312      0.780    229.620    11.9763   4.059726     2.8295    228.000 4.8875e-02    11.9462    35.5062  1028.0144    26.9928    4.32216         35 0.0000e+00
       8373 164.544327      0.741    230.632    11.9551   4.057261     2.8267    229.000 4.8840e-02    11.9249    35.5018  1028.0197    26.9934    4.31915         26 0.0000e+00
       8397 164.544338      0.905    231.639    11.9270   4.054153     2.8256    230.000 4.8783e-02    11.8967    35.4977  1028.0265    26.9957    4.32005         22 0.0000e+00
       8419 164.544349      1.054    232.642    11.8976   4.050869     2.8253    231.000 4.8785e-02    11.8672    35.4932  1028.0332    26.9978    4.32288         22 0.0000e+00
       8441 164.544360      1.115    233.648    11.8756   4.048654     2.8252    232.000 4.8841e-02    11.8451    35.4920  1028.0411    27.0011    4.32511         22 0.0000e+00
       8465 164.544371      1.047    234.657    11.8682   4.047856     2.8244    233.000 4.8737e-02    11.8376    35.4908  1028.0461    27.0016    4.32479         24 0.0000e+00
       8489 164.544383      1.016    235.667    11.8615   4.047209     2.8234    234.000 4.8789e-02    11.8308    35.4904  1028.0516    27.0026    4.32401         23 0.0000e+00
       8512 164.544394      1.005    236.675    11.8563   4.046695     2.8223    235.000 4.9132e-02    11.8255    35.4898  1028.0567    27.0031    4.32280         21 0.0000e+00
       8532 164.544403      1.100    237.685    11.8542   4.046449     2.8211    236.000 4.8970e-02    11.8232    35.4890  1028.0610    27.0029    4.32121         18 0.0000e+00
       8551 164.544413      1.231    238.688    11.8418   4.044966     2.8222    237.000 4.9035e-02    11.8107    35.4858  1028.0654    27.0028    4.32518         19 0.0000e+00
       8570 164.544422      1.285    239.695    11.8178   4.042324     2.8228    238.000 4.8713e-02    11.7866    35.4823  1028.0719    27.0047    4.32921         20 0.0000e+00
       8589 164.544431      1.257    240.704    11.8005   4.040602     2.8217    239.000 4.8898e-02    11.7693    35.4815  1028.0791    27.0073    4.32906         19 0.0000e+00
       8608 164.544440      1.256    241.712    11.7888   4.039245     2.8203    240.000 4.8769e-02    11.7574    35.4789  1028.0838    27.0076    4.32793         17 0.0000e+00
       8625 164.544448      1.317    242.723    11.7565   4.035014     2.8178    241.000 4.8768e-02    11.7250    35.4677  1028.0860    27.0051    4.32662         17 0.0000e+00
       8642 164.544457      1.394    243.722    11.6804   4.027172     2.8160    242.000 4.8839e-02    11.6489    35.4628  1028.1014    27.0156    4.33033         18 0.0000e+00
       8661 164.544466      1.374    244.731    11.6515   4.024245     2.8140    243.000 4.8901e-02    11.6200    35.4611  1028.1101    27.0198    4.32963         20 0.0000e+00
       8684 164.544477      1.195    245.741    11.6408   4.023110     2.8126    244.000 4.9045e-02    11.6091    35.4597  1028.1157    27.0207    4.32831         24 0.0000e+00
       8708 164.544488      1.033    246.749    11.6277   4.021566     2.8105    245.000 4.8791e-02    11.5959    35.4566  1028.1203    27.0208    4.32570         25 0.0000e+00
       8733 164.544500      0.980    247.762    11.6141   4.020172     2.8091    246.000 4.8731e-02    11.5822    35.4554  1028.1265    27.0225    4.32470         23 0.0000e+00
       8757 164.544512      0.986    248.766    11.6009   4.018592     2.8086    247.000 4.8679e-02    11.5689    35.4520  1028.1309    27.0223    4.32567         23 0.0000e+00
       8779 164.544523      1.037    249.775    11.5777   4.016048     2.8060    248.000 4.8784e-02    11.5456    35.4487  1028.1373    27.0241    4.32299         21 0.0000e+00
       8800 164.544533      1.108    250.783    11.5648   4.014597     2.8038    249.000 4.8654e-02    11.5327    35.4462  1028.1423    27.0246    4.32035         20 0.0000e+00
       8819 164.544542      1.204    251.792    11.5273   4.009856     2.8004    250.000 4.8845e-02    11.4951    35.4349  1028.1453    27.0228    4.31743         18 0.0000e+00
       8837 164.544551      1.278    252.798    11.4761   4.004547     2.7970    251.000 4.8840e-02    11.4439    35.4309  1028.1565    27.0293    4.31582         20 0.0000e+00
       8856 164.544560      1.310    253.800    11.4464   4.001252     2.7954    252.000 4.8983e-02    11.4141    35.4263  1028.1631    27.0313    4.31584         17 0.0000e+00
       8876 164.544569      1.271    254.809    11.4141   3.997808     2.7948    253.000 4.8711e-02    11.3817    35.4227  1028.1710    27.0345    4.31823         20 0.0000e+00
       8897 164.544580      1.185    255.819    11.3912   3.995405     2.7958    254.000 4.8718e-02    11.3587    35.4204  1028.1781    27.0370    4.32302         20 0.0000e+00
       8921 164.544591      1.085    256.825    11.3703   3.993044     2.7972    255.000 4.8842e-02    11.3377    35.4166  1028.1837    27.0380    4.32845         26 0.0000e+00
       8945 164.544603      1.012    257.839    11.3437   3.989993     2.7969    256.000 4.8734e-02    11.3110    35.4114  1028.1892    27.0388    4.33086         23 0.0000e+00
       8967 164.544613      1.036    258.847    11.3193   3.987559     2.7979    257.000 4.8565e-02    11.2865    35.4102  1028.1974    27.0425    4.33588         22 0.0000e+00
       8988 164.544623      1.118    259.855    11.3104   3.986720     2.7995    258.000 4.8500e-02    11.2775    35.4099  1028.2034    27.0440    4.34040         18 0.0000e+00
       9007 164.544633      1.198    260.860    11.3031   3.985896     2.7993    259.000 4.8912e-02    11.2702    35.4082  1028.2080    27.0440    4.34145         20 0.0000e+00
       9025 164.544641      1.273    261.866    11.2838   3.983592     2.7996    260.000 4.8774e-02    11.2507    35.4035  1028.2125    27.0439    4.34440         18 0.0000e+00
       9044 164.544650      1.310    262.872    11.2430   3.979224     2.8007    261.000 4.8719e-02    11.2099    35.3988  1028.2210    27.0477    4.35109         20 0.0000e+00
       9066 164.544661      1.206    263.879    11.2122   3.975801     2.8021    262.000 4.8687e-02    11.1790    35.3938  1028.2276    27.0496    4.35764         24 0.0000e+00
       9093 164.544674      0.968    264.894    11.1891   3.973551     2.8043    263.000 4.8700e-02    11.1558    35.3932  1028.2360    27.0534    4.36490         26 0.0000e+00
       9119 164.544686      0.918    265.899    11.1784   3.972379     2.8049    264.000 4.8892e-02    11.1450    35.3914  1028.2411    27.0539    4.36775         24 0.0000e+00
       9140 164.544697      1.014    266.917    11.1666   3.970991     2.8049    265.000 4.8904e-02    11.1331    35.3885  1028.2456    27.0538    4.36953         19 0.0000e+00
       9156 164.544704      1.219    267.918    11.1442   3.968619     2.8043    266.000 4.8998e-02    11.1106    35.3859  1028.2523    27.0560    4.37093         15 0.0000e+00
       9171 164.544712      1.434    268.925    11.1243   3.966334     2.8038    267.000 4.8756e-02    11.0906    35.3818  1028.2574    27.0564    4.37244         14 0.0000e+00
       9186 164.544719      1.576    269.927    11.0926   3.962905     2.8036    268.000 4.8753e-02    11.0589    35.3776  1028.2646    27.0590    4.37547         14 0.0000e+00
       9201 164.544726      1.638    270.925    11.0741   3.961047     2.8041    269.000 4.8841e-02    11.0403    35.3764  1028.2715    27.0614    4.37893         17 0.0000e+00
       9226 164.544738      1.307    271.936    11.0509   3.958609     2.8020    270.000 4.8774e-02    11.0170    35.3740  1028.2786    27.0638    4.37738         35 0.0000e+00
       9265 164.544757      0.586    272.961    11.0365   3.957176     2.8010    271.000 4.8695e-02    11.0025    35.3730  1028.2851    27.0657    4.37723         35 0.0000e+00
       9292 164.544770      0.733    273.974    11.0328   3.956657     2.8004    272.000 4.8904e-02    10.9987    35.3709  1028.2887    27.0647    4.37679         21 0.0000e+00
       9309 164.544778      1.069    274.977    11.0233   3.955657     2.7993    273.000 4.8599e-02    10.9891    35.3696  1028.2940    27.0655    4.37607         15 0.0000e+00
       9324 164.544785      1.378    275.968    11.0101   3.954282     2.7979    274.000 4.8677e-02    10.9758    35.3681  1028.2997    27.0668    4.37511         15 0.0000e+00
       9341 164.544794      1.503    276.975    10.9969   3.952862     2.7968    275.000 4.8892e-02    10.9625    35.3662  1028.3052    27.0676    4.37449         21 0.0000e+00
