jupyter/NEMEA/cnv_final/cnv_final/out_dMCTV005.cnv
* Sea-Bird SBE 9 Data File:
* FileName = D:\ACEX\brutos\MCTV005.hex
* Software Version Seasave V 7.17
* Temperature SN = 4821
* Conductivity SN = 3367
* Number of Bytes Per Scan = 21
* Number of Voltage Words = 3
* Number of Scans Averaged by the Deck Unit = 1
* NMEA UTC (Time) = Jun 13 2012 00:13:56
* NMEA Longitude =  048 51.642 W
* NMEA Latitude =  25 47.204 S
** H38 
** NHo Cruzeiro do Sul 
** 222 
** MCTV ACEx 
**   005
**   25 47.204 S
**   048 51.642 W
**   13/06/2012 03:09z
**   97
** 9P46375-0882 
**   1T Oliveira Santos
# nquan = 16
# nvalues = 77                          
# units = specified
# name 0 = scan: Scan Count
# name 1 = timeJ: Julian Days
# name 2 = dz/dtM: Descent Rate [m/s]
# name 3 = prDM: Pressure, Digiquartz [db]
# name 4 = t090C: Temperature [ITS-90, deg C]
# name 5 = c0S/m: Conductivity [S/m]
# name 6 = sbeox0V: Oxygen Voltage, SBE 43
# name 7 = depSM: Depth [salt water, m]
# name 8 = flSP: Fluorescence, Seapoint
# name 9 = potemp090C: Potential Temperature [ITS-90, deg C]
# name 10 = sal00: Salinity [PSU]
# name 11 = density00: Density [density, Kg/m^3]
# name 12 = sigma-é00: Density [sigma-theta, Kg/m^3]
# name 13 = sbeox0ML/L: Oxygen, SBE 43 [ml/l], WS = 2
# name 14 = nbin: number of scans per bin
# name 15 = flag: flag
# span 0 =       3549,       8206       
# span 1 = 165.011387, 165.013633       
# span 2 =      0.142,      0.868       
# span 3 =      5.034,     81.538       
# span 4 =    19.9281,    20.9230       
# span 5 =   4.935260,   5.077832       
# span 6 =     2.3045,     3.4665       
# span 7 =      5.000,     81.000       
# span 8 = 1.7546e-01, 5.5731e-01       
# span 9 =    19.9129,    20.9093       
# span 10 =    35.7418,    36.5236      
# span 11 =  1025.2265,  1026.1804      
# span 12 =    25.1921,    25.8291      
# span 13 =    2.68282,    4.63502      
# span 14 =         23,         66      
# span 15 = 0.0000e+00, 0.0000e+00      
# interval = meters: 1                  
# start_time = Jun 13 2012 00:13:56
# bad_flag = -9.990e-29
*END*
       3549 165.011387      0.252      5.034    20.4936   4.935831     2.3045      5.000 3.4441e-01    20.4927    35.7606  1025.2322    25.2106    2.68282         35 0.0000e+00
       3630 165.011426      0.307      6.039    20.4999   4.935396     2.3237      6.000 3.5397e-01    20.4988    35.7514  1025.2279    25.2019    2.71506         44 0.0000e+00
       3709 165.011464      0.360      7.043    20.5050   4.935260     2.3435      7.000 3.5421e-01    20.5037    35.7456  1025.2265    25.1962    2.74848         49 0.0000e+00
       3837 165.011526      0.210      8.057    20.5095   4.935299     2.3354      8.000 3.3926e-01    20.5079    35.7418  1025.2268    25.1921    2.73520         37 0.0000e+00
       3893 165.011553      0.450      9.055    20.5106   4.935915     2.3646      9.000 3.4307e-01    20.5089    35.7454  1025.2336    25.1946    2.78424         58 0.0000e+00
       3966 165.011588      0.329     10.068    20.5133   4.936607     2.3675     10.000 3.3264e-01    20.5114    35.7485  1025.2397    25.1963    2.78939         61 0.0000e+00
       4028 165.011618      0.404     11.069    20.5162   4.938695     2.5844     11.000 3.3444e-01    20.5141    35.7626  1025.2540    25.2064    3.15254         40 0.0000e+00
       4129 165.011667      0.319     12.080    20.5201   4.944215     3.3536     12.000 3.2864e-01    20.5179    35.8039  1025.2888    25.2368    4.43987         56 0.0000e+00
       4202 165.011702      0.312     13.086    20.5215   4.944587     3.4151     13.000 3.3033e-01    20.5191    35.8053  1025.2939    25.2376    4.54320         54 0.0000e+00
       4283 165.011741      0.333     14.092    20.5241   4.945512     3.4316     14.000 3.3230e-01    20.5214    35.8104  1025.3015    25.2408    4.57124         45 0.0000e+00
       4392 165.011793      0.334     15.101    20.5270   4.946781     3.4486     15.000 3.3313e-01    20.5242    35.8178  1025.3108    25.2458    4.59979         47 0.0000e+00
       4439 165.011816      0.480     16.103    20.5304   4.948103     3.4501     16.000 3.4213e-01    20.5273    35.8254  1025.3200    25.2506    4.60256         54 0.0000e+00
       4506 165.011849      0.345     17.114    20.5379   4.950178     3.4506     17.000 3.2498e-01    20.5346    35.8356  1025.3301    25.2564    4.60311         48 0.0000e+00
       4549 165.011869      0.574     18.114    20.5423   4.951336     3.4540     18.000 3.2065e-01    20.5389    35.8409  1025.3373    25.2594    4.60888         42 0.0000e+00
       4673 165.011929      0.248     19.128    20.5407   4.952224     3.4585     19.000 3.2995e-01    20.5371    35.8491  1025.3484    25.2661    4.61693         48 0.0000e+00
       4746 165.011964      0.386     20.127    20.5282   4.951564     3.4595     20.000 3.6252e-01    20.5244    35.8539  1025.3598    25.2732    4.62008         27 0.0000e+00
       4861 165.012020      0.279     21.142    20.5256   4.951635     3.4622     21.000 3.6562e-01    20.5216    35.8564  1025.3669    25.2758    4.62546         58 0.0000e+00
       4908 165.012042      0.518     22.147    20.5240   4.952010     3.4619     22.000 3.4718e-01    20.5198    35.8604  1025.3747    25.2794    4.62557         41 0.0000e+00
       4948 165.012061      0.598     23.150    20.5259   4.953426     3.4617     23.000 3.3730e-01    20.5215    35.8700  1025.3859    25.2862    4.62555         40 0.0000e+00
       5002 165.012088      0.456     24.154    20.5316   4.955297     3.4649     24.000 3.5427e-01    20.5270    35.8800  1025.3964    25.2924    4.63065         46 0.0000e+00
       5079 165.012125      0.329     25.167    20.5456   4.957987     3.4610     25.000 3.3608e-01    20.5409    35.8896  1025.4043    25.2960    4.62337         56 0.0000e+00
       5126 165.012148      0.506     26.173    20.5511   4.959211     3.4665     26.000 3.2484e-01    20.5462    35.8946  1025.4110    25.2983    4.63274         40 0.0000e+00
       5164 165.012166      0.626     27.178    20.5410   4.958184     3.4617     27.000 3.3786e-01    20.5359    35.8944  1025.4180    25.3010    4.62612         37 0.0000e+00
       5204 165.012185      0.617     28.182    20.5447   4.959192     3.4599     28.000 3.3672e-01    20.5393    35.8992  1025.4249    25.3037    4.62329         50 0.0000e+00
       5271 165.012217      0.335     29.193    20.5423   4.959240     3.4609     29.000 3.5925e-01    20.5368    35.9012  1025.4315    25.3059    4.62575         60 0.0000e+00
       5335 165.012248      0.405     30.199    20.5342   4.958723     3.4657     30.000 3.6906e-01    20.5285    35.9035  1025.4399    25.3099    4.63502         47 0.0000e+00
       5375 165.012267      0.596     31.205    20.5248   4.958420     3.4623     31.000 3.7233e-01    20.5189    35.9086  1025.4507    25.3164    4.63051         35 0.0000e+00
       5415 165.012287      0.607     32.209    20.5234   4.958475     3.4605     32.000 3.8477e-01    20.5173    35.9099  1025.4565    25.3178    4.62827         46 0.0000e+00
       5469 165.012313      0.433     33.220    20.5217   4.958857     3.4580     33.000 3.9051e-01    20.5154    35.9141  1025.4645    25.3215    4.62470         56 0.0000e+00
       5514 165.012335      0.536     34.226    20.5151   4.958631     3.4546     34.000 4.0097e-01    20.5086    35.9175  1025.4732    25.3259    4.62012         37 0.0000e+00
       5557 165.012355      0.570     35.229    20.5133   4.958966     3.4529     35.000 4.1076e-01    20.5067    35.9213  1025.4810    25.3294    4.61780         54 0.0000e+00
       5627 165.012389      0.318     36.241    20.5161   4.960086     3.4548     36.000 4.3771e-01    20.5093    35.9277  1025.4895    25.3335    4.62129         53 0.0000e+00
       5683 165.012416      0.457     37.248    20.5171   4.960579     3.4572     37.000 4.2612e-01    20.5101    35.9305  1025.4958    25.3354    4.62578         42 0.0000e+00
       5717 165.012432      0.665     38.255    20.5182   4.961120     3.4550     38.000 4.1684e-01    20.5110    35.9336  1025.5022    25.3376    4.62252         30 0.0000e+00
       5746 165.012447      0.809     39.257    20.5192   4.961466     3.4539     39.000 4.2233e-01    20.5118    35.9352  1025.5076    25.3386    4.62115         29 0.0000e+00
       5780 165.012463      0.743     40.262    20.5197   4.961681     3.4551     40.000 4.3361e-01    20.5121    35.9362  1025.5125    25.3392    4.62377         39 0.0000e+00
       5830 165.012487      0.495     41.270    20.5200   4.961794     3.4552     41.000 4.4597e-01    20.5122    35.9365  1025.5171    25.3394    4.62460         62 0.0000e+00
       5896 165.012519      0.335     42.283    20.5204   4.961919     3.4504     42.000 4.4440e-01    20.5124    35.9369  1025.5216    25.3397    4.61715         53 0.0000e+00
       5937 165.012539      0.573     43.283    20.5216   4.962446     3.4489     43.000 4.3474e-01    20.5134    35.9397  1025.5279    25.3416    4.61504         39 0.0000e+00
       5987 165.012563      0.486     44.292    20.5256   4.963547     3.4519     44.000 4.5825e-01    20.5172    35.9450  1025.5352    25.3446    4.62015         58 0.0000e+00
       6034 165.012586      0.493     45.305    20.5283   4.964315     3.4517     45.000 4.4318e-01    20.5198    35.9485  1025.5415    25.3466    4.62022         33 0.0000e+00
       6062 165.012599      0.781     46.305    20.5329   4.965377     3.4479     46.000 4.4262e-01    20.5241    35.9530  1025.5480    25.3488    4.61391         28 0.0000e+00
       6099 165.012617      0.704     47.308    20.5459   4.967923     3.4501     47.000 4.8958e-01    20.5370    35.9622  1025.5559    25.3524    4.61691         49 0.0000e+00
       6167 165.012650      0.275     48.324    20.5546   4.969821     3.4407     48.000 5.4266e-01    20.5455    35.9699  1025.5639    25.3559    4.60087         53 0.0000e+00
       6208 165.012669      0.568     49.322    20.5615   4.971052     3.4487     49.000 4.7550e-01    20.5522    35.9737  1025.5692    25.3570    4.61420         36 0.0000e+00
       6244 165.012687      0.672     50.331    20.5650   4.971686     3.4460     50.000 4.7667e-01    20.5554    35.9756  1025.5741    25.3576    4.61010         38 0.0000e+00
       6297 165.012712      0.455     51.339    20.5688   4.972460     3.4466     51.000 5.1526e-01    20.5590    35.9783  1025.5796    25.3587    4.61123         66 0.0000e+00
       6357 165.012741      0.396     52.353    20.5744   4.973490     3.4434     52.000 4.9575e-01    20.5645    35.9815  1025.5849    25.3597    4.60604         42 0.0000e+00
       6389 165.012757      0.675     53.353    20.5808   4.974634     3.4401     53.000 4.8446e-01    20.5707    35.9851  1025.5902    25.3607    4.60041         30 0.0000e+00
       6419 165.012771      0.802     54.359    20.5855   4.975726     3.4377     54.000 4.9168e-01    20.5752    35.9895  1025.5968    25.3629    4.59658         31 0.0000e+00
       6452 165.012787      0.749     55.368    20.5906   4.976915     3.4376     55.000 5.0266e-01    20.5801    35.9945  1025.6035    25.3653    4.59651         31 0.0000e+00
       6487 165.012804      0.713     56.370    20.6041   4.979446     3.4379     56.000 5.2227e-01    20.5934    36.0033  1025.6109    25.3685    4.59624         38 0.0000e+00
       6537 165.012828      0.473     57.381    20.6292   4.983845     3.4320     57.000 5.5731e-01    20.6183    36.0173  1025.6192    25.3724    4.58465         59 0.0000e+00
       6593 165.012855      0.442     58.385    20.6510   4.988027     3.4362     58.000 5.3245e-01    20.6399    36.0325  1025.6292    25.3781    4.59011         48 0.0000e+00
       6635 165.012875      0.562     59.396    20.7015   4.998383     3.4303     59.000 4.6193e-01    20.6902    36.0732  1025.6509    25.3955    4.57562         36 0.0000e+00
       6667 165.012891      0.717     60.403    20.7451   5.007208     3.4214     60.000 4.0139e-01    20.7336    36.1074  1025.6695    25.4099    4.55689         29 0.0000e+00
       6696 165.012904      0.833     61.405    20.7685   5.012843     3.4166     61.000 3.7654e-01    20.7568    36.1328  1025.6868    25.4229    4.54699         27 0.0000e+00
       6727 165.012920      0.795     62.414    20.8290   5.026827     3.4067     62.000 3.3887e-01    20.8171    36.1943  1025.7215    25.4534    4.52456         35 0.0000e+00
       6761 165.012936      0.717     63.423    20.8585   5.036992     3.3948     63.000 3.0926e-01    20.8464    36.2511  1025.7612    25.4887    4.50152         32 0.0000e+00
       6796 165.012953      0.701     64.424    20.8677   5.046980     3.3783     64.000 2.9986e-01    20.8553    36.3238  1025.8184    25.5416    4.47197         42 0.0000e+00
       6857 165.012982      0.361     65.438    20.8710   5.053773     3.3532     65.000 2.9915e-01    20.8584    36.3756  1025.8613    25.5803    4.42901         53 0.0000e+00
       6898 165.013002      0.566     66.446    20.8746   5.058731     3.3402     66.000 2.4186e-01    20.8619    36.4123  1025.8926    25.6073    4.40666         26 0.0000e+00
       6924 165.013015      0.868     67.448    20.8830   5.064820     3.3277     67.000 2.3466e-01    20.8701    36.4540  1025.9265    25.6369    4.38463         27 0.0000e+00
       6955 165.013029      0.847     68.452    20.8929   5.068389     3.3160     68.000 2.4038e-01    20.8797    36.4741  1025.9435    25.6495    4.36439         35 0.0000e+00
       6998 165.013050      0.565     69.463    20.9051   5.072536     3.3025     69.000 2.3829e-01    20.8918    36.4968  1025.9618    25.6636    4.34093         48 0.0000e+00
       7042 165.013072      0.539     70.471    20.9167   5.075920     3.2920     70.000 2.2514e-01    20.9032    36.5139  1025.9760    25.6735    4.32275         40 0.0000e+00
       7080 165.013090      0.629     71.479    20.9230   5.077832     3.2852     71.000 2.1579e-01    20.9093    36.5236  1025.9860    25.6792    4.31129         35 0.0000e+00
       7114 165.013106      0.704     72.483    20.8429   5.067082     3.2523     72.000 2.0473e-01    20.8290    36.5049  1025.9981    25.6869    4.26333         33 0.0000e+00
       7151 165.013124      0.667     73.486    20.5710   5.031276     3.1495     73.000 1.9683e-01    20.5570    36.4471  1026.0325    25.7166    4.11269         48 0.0000e+00
       7245 165.013170      0.280     74.501    20.2923   4.997038     2.9753     74.000 1.8993e-01    20.2783    36.4071  1026.0818    25.7612    3.84022         38 0.0000e+00
       7300 165.013196      0.511     75.508    20.2418   4.990560     2.9274     75.000 1.7840e-01    20.2276    36.3973  1026.0923    25.7673    3.76366         33 0.0000e+00
       7331 165.013211      0.727     76.509    20.1953   4.984620     2.9123     76.000 1.7556e-01    20.1809    36.3883  1026.1023    25.7730    3.74189         34 0.0000e+00
       7412 165.013250      0.436     77.516    20.1055   4.973804     2.8774     77.000 1.7885e-01    20.0911    36.3766  1026.1218    25.7880    3.68940         48 0.0000e+00
       7499 165.013292      0.452     78.527    20.0480   4.967092     2.8550     78.000 1.7585e-01    20.0333    36.3708  1026.1371    25.7989    3.65566         38 0.0000e+00
       7536 165.013310      0.626     79.530    20.0208   4.964029     2.8493     79.000 1.7546e-01    20.0060    36.3687  1026.1472    25.8046    3.64841         39 0.0000e+00
       7598 165.013340      0.393     80.534    19.9621   4.957603     2.8370     80.000 1.8579e-01    19.9471    36.3662  1026.1653    25.8183    3.63171         42 0.0000e+00
       8206 165.013633      0.142     81.538    19.9281   4.954346     2.8171     81.000 1.8374e-01    19.9129    36.3684  1026.1804    25.8291    3.60049         23 0.0000e+00
