jupyter/NEMEA/cnv_final/cnv_final/out_dMCTV010.cnv
* Sea-Bird SBE 9 Data File:
* FileName = D:\ACEX\brutos\MCTV010.hex
* Software Version Seasave V 7.17
* Temperature SN = 4821
* Conductivity SN = 3367
* Number of Bytes Per Scan = 21
* Number of Voltage Words = 3
* Number of Scans Averaged by the Deck Unit = 1
* NMEA UTC (Time) = Jun 14 2012 10:52:44
* NMEA Longitude =  046 37.69 W
* NMEA Latitude =  27 00.43 S
** H38 
** NHo Cruzeiro do Sul 
** 222 
** MCTV ACEx 
**   010
**   27 00.43 S
**   046 37.69 W
**   14/06/2012 13:51Z
**   309
** 9P46375-0882 
**   1T Oliveira Santos
# nquan = 16
# nvalues = 270                         
# units = specified
# name 0 = scan: Scan Count
# name 1 = timeJ: Julian Days
# name 2 = dz/dtM: Descent Rate [m/s]
# name 3 = prDM: Pressure, Digiquartz [db]
# name 4 = t090C: Temperature [ITS-90, deg C]
# name 5 = c0S/m: Conductivity [S/m]
# name 6 = sbeox0V: Oxygen Voltage, SBE 43
# name 7 = depSM: Depth [salt water, m]
# name 8 = flSP: Fluorescence, Seapoint
# name 9 = potemp090C: Potential Temperature [ITS-90, deg C]
# name 10 = sal00: Salinity [PSU]
# name 11 = density00: Density [density, Kg/m^3]
# name 12 = sigma-é00: Density [sigma-theta, Kg/m^3]
# name 13 = sbeox0ML/L: Oxygen, SBE 43 [ml/l], WS = 2
# name 14 = nbin: number of scans per bin
# name 15 = flag: flag
# span 0 =       2492,      21232       
# span 1 = 166.454489, 166.463525       
# span 2 =      0.189,      0.871       
# span 3 =      5.032,    275.611       
# span 4 =    13.7783,    23.0599       
# span 5 =   4.265015,   5.394098       
# span 6 =     2.4380,     3.4784       
# span 7 =      5.000,    274.000       
# span 8 = 5.1574e-02, 4.1128e-01       
# span 9 =    13.7385,    23.0476       
# span 10 =    35.7558,    37.2123      
# span 11 =  1025.4479,  1028.0419      
# span 12 =    25.4265,    26.8266      
# span 13 =    3.34444,    4.45832      
# span 14 =          2,         77      
# span 15 = 0.0000e+00, 0.0000e+00      
# interval = meters: 1                  
# start_time = Jun 14 2012 10:52:44
# bad_flag = -9.990e-29
*END*
       2492 166.454489      0.421      5.032    22.5587   5.284142     3.4709      5.000 1.1296e-01    22.5577    36.7988  1025.4479    25.4265    4.44569         37 0.0000e+00
       2579 166.454530      0.286      6.040    22.5544   5.283921     3.4748      6.000 1.2437e-01    22.5532    36.8004  1025.4547    25.4289    4.45282         51 0.0000e+00
       2644 166.454561      0.403      7.044    22.5532   5.283963     3.4731      7.000 1.3301e-01    22.5518    36.8013  1025.4601    25.4300    4.45076         59 0.0000e+00
       2717 166.454597      0.309      8.052    22.5541   5.284422     3.4764      8.000 1.3138e-01    22.5525    36.8038  1025.4661    25.4317    4.45648         77 0.0000e+00
       2793 166.454634      0.321      9.059    22.5553   5.285107     3.4759      9.000 1.3974e-01    22.5535    36.8078  1025.4732    25.4345    4.45617         76 0.0000e+00
       2860 166.454666      0.382     10.064    22.5579   5.286134     3.4771     10.000 1.3369e-01    22.5559    36.8134  1025.4810    25.4380    4.45832         54 0.0000e+00
       2924 166.454697      0.365     11.072    22.5673   5.288986     3.4758     11.000 1.3967e-01    22.5651    36.8274  1025.4933    25.4460    4.45573         72 0.0000e+00
       2994 166.454730      0.353     12.079    22.5812   5.292986     3.4742     12.000 1.4138e-01    22.5787    36.8467  1025.5083    25.4568    4.45218         49 0.0000e+00
       3041 166.454753      0.503     13.084    22.6086   5.299752     3.4756     13.000 1.4044e-01    22.6060    36.8762  1025.5272    25.4713    4.45220         52 0.0000e+00
       3117 166.454790      0.351     14.090    22.6415   5.307080     3.4784     14.000 1.4115e-01    22.6386    36.9055  1025.5444    25.4842    4.45414         19 0.0000e+00
       3246 166.454852      0.224     15.102    22.6908   5.318108     3.4712     15.000 1.4943e-01    22.6877    36.9497  1025.5681    25.5037    4.43830         33 0.0000e+00
       3327 166.454891      0.328     16.107    22.7264   5.325880     3.4731     16.000 1.5696e-01    22.7232    36.9801  1025.5852    25.5165    4.43846         59 0.0000e+00
       3386 166.454919      0.448     17.107    22.7700   5.335357     3.4752     17.000 1.5786e-01    22.7665    37.0169  1025.6049    25.5319    4.43831         41 0.0000e+00
       3452 166.454951      0.372     18.117    22.8103   5.342906     3.4688     18.000 1.7818e-01    22.8065    37.0415  1025.6163    25.5390    4.42500         41 0.0000e+00
       3536 166.454992      0.304     19.125    22.8365   5.347883     3.4723     19.000 1.7828e-01    22.8326    37.0578  1025.6254    25.5439    4.42886         69 0.0000e+00
       3585 166.455015      0.505     20.131    22.8587   5.351697     3.4715     20.000 1.7761e-01    22.8546    37.0684  1025.6314    25.5456    4.42626         42 0.0000e+00
       3647 166.455046      0.388     21.136    22.8661   5.353025     3.4667     21.000 1.8903e-01    22.8618    37.0721  1025.6364    25.5463    4.41847         60 0.0000e+00
       3754 166.455097      0.373     22.140    22.8933   5.357491     3.4701     22.000 1.9897e-01    22.8887    37.0836  1025.6416    25.5472    4.42227         54 0.0000e+00
       3805 166.455121      0.479     23.152    22.8966   5.358080     3.4691     23.000 2.0516e-01    22.8919    37.0850  1025.6460    25.5473    4.42083         42 0.0000e+00
       3853 166.455145      0.521     24.154    22.8974   5.358235     3.4715     24.000 2.0444e-01    22.8924    37.0852  1025.6503    25.5474    4.42524         39 0.0000e+00
       3964 166.455198      0.272     25.163    22.9033   5.359252     3.4640     25.000 2.1908e-01    22.8981    37.0878  1025.6549    25.5477    4.41340         50 0.0000e+00
       4013 166.455222      0.492     26.170    22.9020   5.359063     3.4680     26.000 2.3237e-01    22.8967    37.0870  1025.6591    25.5475    4.42056         49 0.0000e+00
       4060 166.455245      0.518     27.175    22.9006   5.358934     3.4657     27.000 2.2660e-01    22.8950    37.0869  1025.6637    25.5479    4.41751         45 0.0000e+00
       4131 166.455279      0.298     28.185    22.8992   5.358760     3.4634     28.000 2.3627e-01    22.8935    37.0863  1025.6680    25.5479    4.41457         43 0.0000e+00
       4186 166.455305      0.479     29.176    22.9042   5.359755     3.4673     29.000 2.4234e-01    22.8983    37.0895  1025.6733    25.5489    4.42088         39 0.0000e+00
       4281 166.455351      0.310     30.160    22.9119   5.361040     3.4628     30.000 2.4445e-01    22.9057    37.0927  1025.6777    25.5492    4.41377         27 0.0000e+00
       4355 166.455387      0.498     31.197    22.9201   5.362423     3.4595     31.000 2.6443e-01    22.9137    37.0962  1025.6825    25.5495    4.40835         30 0.0000e+00
       4386 166.455402      0.739     32.204    22.9223   5.362818     3.4579     32.000 2.6555e-01    22.9157    37.0970  1025.6868    25.5495    4.40615         34 0.0000e+00
       4427 166.455421      0.617     33.214    22.9277   5.363748     3.4611     33.000 2.6888e-01    22.9209    37.0993  1025.6913    25.5498    4.41149         48 0.0000e+00
       4492 166.455453      0.317     34.226    22.9385   5.365563     3.4625     34.000 2.8357e-01    22.9315    37.1040  1025.6961    25.5502    4.41335         57 0.0000e+00
       4549 166.455481      0.443     35.213    22.9474   5.367029     3.4612     35.000 2.9808e-01    22.9401    37.1076  1025.7005    25.5505    4.41105         52 0.0000e+00
       4640 166.455524      0.262     36.237    22.9732   5.371343     3.4599     36.000 2.9372e-01    22.9657    37.1190  1025.7061    25.5517    4.40739         48 0.0000e+00
       4706 166.455556      0.376     37.229    22.9803   5.372345     3.4621     37.000 3.0531e-01    22.9727    37.1204  1025.7093    25.5507    4.41100         53 0.0000e+00
       4792 166.455597      0.251     38.247    23.0136   5.378308     3.4620     38.000 2.9154e-01    23.0057    37.1383  1025.7176    25.5547    4.40855         33 0.0000e+00
       4870 166.455635      0.432     39.257    23.0331   5.381171     3.4578     39.000 3.1875e-01    23.0250    37.1437  1025.7204    25.5532    4.40087         41 0.0000e+00
       4912 166.455655      0.559     40.263    23.0378   5.382003     3.4572     40.000 3.1183e-01    23.0295    37.1458  1025.7250    25.5535    4.40010         42 0.0000e+00
       4952 166.455674      0.609     41.269    23.0447   5.383163     3.4616     41.000 3.0077e-01    23.0362    37.1487  1025.7295    25.5537    4.40715         39 0.0000e+00
       4998 166.455697      0.516     42.278    23.0503   5.384117     3.4593     42.000 3.1038e-01    23.0416    37.1509  1025.7339    25.5538    4.40348         48 0.0000e+00
       5041 166.455718      0.552     43.289    23.0541   5.384805     3.4555     43.000 3.1043e-01    23.0451    37.1528  1025.7386    25.5542    4.39783         34 0.0000e+00
       5080 166.455736      0.625     44.289    23.0566   5.385229     3.4517     44.000 3.2344e-01    23.0474    37.1536  1025.7428    25.5542    4.39204         44 0.0000e+00
       5126 166.455758      0.524     45.297    23.0568   5.385348     3.4545     45.000 3.3688e-01    23.0475    37.1539  1025.7473    25.5544    4.39708         42 0.0000e+00
       5199 166.455794      0.339     46.301    23.0545   5.385164     3.4545     46.000 3.4944e-01    23.0450    37.1541  1025.7525    25.5553    4.39794         49 0.0000e+00
       5290 166.455838      0.394     47.313    23.0484   5.384234     3.4551     47.000 3.5730e-01    23.0386    37.1518  1025.7569    25.5553    4.39994         40 0.0000e+00
       5343 166.455863      0.413     48.294    23.0441   5.383679     3.4530     48.000 3.8791e-01    23.0342    37.1507  1025.7615    25.5558    4.39759         55 0.0000e+00
       5422 166.455902      0.295     49.330    23.0395   5.382995     3.4564     49.000 3.9219e-01    23.0293    37.1489  1025.7660    25.5559    4.40403         45 0.0000e+00
       5474 166.455926      0.548     50.330    23.0379   5.382782     3.4488     50.000 3.9177e-01    23.0275    37.1483  1025.7703    25.5560    4.39249         21 0.0000e+00
       5604 166.455989      0.281     51.348    23.0364   5.382585     3.4501     51.000 3.7629e-01    23.0258    37.1477  1025.7747    25.5560    4.39533         37 0.0000e+00
       5639 166.456006      0.658     52.346    23.0338   5.382236     3.4520     52.000 4.0776e-01    23.0230    37.1468  1025.7791    25.5561    4.39919         25 0.0000e+00
       5707 166.456039      0.411     53.292    23.0327   5.382117     3.4480     53.000 3.9985e-01    23.0217    37.1465  1025.7833    25.5563    4.39350         33 0.0000e+00
       5800 166.456083      0.304     54.364    23.0321   5.382089     3.4513     54.000 4.1128e-01    23.0209    37.1464  1025.7880    25.5565    4.39941         49 0.0000e+00
       5920 166.456142      0.264     55.373    23.0312   5.382053     3.4499     55.000 3.8272e-01    23.0198    37.1465  1025.7926    25.5568    4.39781         39 0.0000e+00
       5953 166.456158      0.668     56.376    23.0317   5.382240     3.4503     56.000 3.9190e-01    23.0201    37.1471  1025.7973    25.5572    4.39897         28 0.0000e+00
       5986 166.456173      0.744     57.370    23.0332   5.382560     3.4454     57.000 3.8717e-01    23.0214    37.1481  1025.8019    25.5576    4.39157         34 0.0000e+00
       6030 166.456195      0.561     58.382    23.0355   5.383014     3.4428     58.000 3.8901e-01    23.0234    37.1493  1025.8065    25.5579    4.38791         56 0.0000e+00
       6097 166.456227      0.343     59.395    23.0599   5.388004     3.4401     59.000 4.0572e-01    23.0476    37.1671  1025.8173    25.5644    4.38193         61 0.0000e+00
       6154 166.456254      0.436     60.399    23.0267   5.385906     3.4325     60.000 3.7634e-01    23.0142    37.1785  1025.8400    25.5828    4.37255         51 0.0000e+00
       6213 166.456283      0.397     61.404    23.0170   5.386036     3.4251     61.000 3.5721e-01    23.0044    37.1874  1025.8539    25.5924    4.36174         64 0.0000e+00
       6297 166.456323      0.275     62.421    23.0250   5.387568     3.4258     62.000 3.4867e-01    23.0121    37.1922  1025.8596    25.5938    4.36265         32 0.0000e+00
       6341 166.456344      0.568     63.425    23.0325   5.388825     3.4290     63.000 3.3987e-01    23.0194    37.1953  1025.8641    25.5940    4.36783         30 0.0000e+00
       6369 166.456358      0.771     64.400    23.0376   5.389803     3.4286     64.000 3.4997e-01    23.0244    37.1982  1025.8690    25.5948    4.36736         25 0.0000e+00
       6402 166.456374      0.788     65.406    23.0463   5.391223     3.4299     65.000 3.6633e-01    23.0328    37.2016  1025.8734    25.5949    4.36930         29 0.0000e+00
       6503 166.456423      0.258     66.440    23.0503   5.391940     3.4284     66.000 3.2711e-01    23.0366    37.2033  1025.8780    25.5951    4.36711         43 0.0000e+00
       6551 166.456446      0.524     67.442    23.0544   5.392733     3.4234     67.000 3.2261e-01    23.0405    37.2057  1025.8829    25.5958    4.35935         47 0.0000e+00
       6630 166.456484      0.278     68.457    23.0585   5.393553     3.4224     68.000 3.2212e-01    23.0443    37.2083  1025.8881    25.5966    4.35799         49 0.0000e+00
       6692 166.456514      0.417     69.459    23.0581   5.393711     3.4230     69.000 3.4986e-01    23.0437    37.2095  1025.8934    25.5977    4.35951         43 0.0000e+00
       6739 166.456537      0.504     70.462    23.0580   5.394098     3.4193     70.000 3.4563e-01    23.0434    37.2123  1025.8999    25.5999    4.35406         48 0.0000e+00
       6786 166.456559      0.515     71.476    23.0485   5.393039     3.4160     71.000 3.1755e-01    23.0338    37.2116  1025.9066    25.6022    4.35006         41 0.0000e+00
       6831 166.456581      0.535     72.482    22.9454   5.381125     3.4074     72.000 3.0460e-01    22.9305    37.2060  1025.9367    25.6280    4.34453         47 0.0000e+00
       6895 166.456612      0.416     73.491    22.6784   5.348253     3.3884     73.000 2.8355e-01    22.6634    37.1757  1025.9956    25.6823    4.33490         41 0.0000e+00
       7007 166.456666      0.334     74.498    22.1592   5.281451     3.3543     74.000 2.5126e-01    22.1443    37.0928  1026.0864    25.7682    4.32047         41 0.0000e+00
       7035 166.456679      0.677     75.498    21.9691   5.257464     3.3432     75.000 2.5881e-01    21.9540    37.0651  1026.1236    25.8010    4.31775         30 0.0000e+00
       7077 166.456699      0.584     76.473    21.7025   5.225201     3.3296     76.000 2.5151e-01    21.6874    37.0368  1026.1816    25.8545    4.31644         43 0.0000e+00
       7186 166.456752      0.270     77.519    21.2290   5.168110     3.2840     77.000 2.4453e-01    21.2139    36.9868  1026.2804    25.9482    4.27823         27 0.0000e+00
       7237 166.456776      0.554     78.520    21.1115   5.154520     3.2775     78.000 2.4917e-01    21.0963    36.9787  1026.3113    25.9747    4.27701         39 0.0000e+00
       7305 166.456809      0.340     79.517    21.0663   5.149088     3.2672     79.000 2.5162e-01    21.0510    36.9736  1026.3241    25.9832    4.26395         51 0.0000e+00
       7404 166.456857      0.241     80.542    20.8979   5.128947     3.2527     80.000 2.4788e-01    20.8824    36.9562  1026.3618    26.0163    4.25324         33 0.0000e+00
       7483 166.456895      0.398     81.545    20.8050   5.117528     3.2484     81.000 2.3982e-01    20.7893    36.9438  1026.3822    26.0323    4.25385         52 0.0000e+00
       7541 166.456923      0.401     82.552    20.7447   5.110593     3.2466     82.000 2.3163e-01    20.7289    36.9395  1026.3998    26.0455    4.25606         49 0.0000e+00
       7582 166.456943      0.585     83.558    20.6999   5.104974     3.2434     83.000 2.3793e-01    20.6839    36.9324  1026.4110    26.0523    4.25478         40 0.0000e+00
       7622 166.456963      0.589     84.567    20.6818   5.102623     3.2449     84.000 2.3767e-01    20.6657    36.9286  1026.4175    26.0544    4.25928         38 0.0000e+00
       7657 166.456979      0.685     85.575    20.6294   5.095576     3.2401     85.000 2.2124e-01    20.6131    36.9164  1026.4269    26.0594    4.25610         27 0.0000e+00
       7700 166.457000      0.583     86.564    20.6162   5.094218     3.2367     86.000 2.1855e-01    20.5997    36.9165  1026.4348    26.0631    4.25185         52 0.0000e+00
       7755 166.457026      0.425     87.582    20.5675   5.087395     3.2311     87.000 2.0712e-01    20.5509    36.9028  1026.4421    26.0659    4.24709         45 0.0000e+00
       7795 166.457046      0.581     88.595    20.5100   5.080395     3.2274     88.000 1.9787e-01    20.4932    36.8954  1026.4564    26.0758    4.24579         33 0.0000e+00
       7830 166.457063      0.695     89.598    20.5059   5.079833     3.2228     89.000 1.9848e-01    20.4889    36.8940  1026.4609    26.0760    4.23897         38 0.0000e+00
       7878 166.457086      0.510     90.601    20.4608   5.073674     3.2195     90.000 2.0824e-01    20.4436    36.8826  1026.4688    26.0795    4.23772         53 0.0000e+00
       7946 166.457118      0.369     91.614    20.4065   5.066883     3.2146     91.000 2.0117e-01    20.3892    36.8740  1026.4813    26.0876    4.23423         58 0.0000e+00
       8001 166.457145      0.441     92.624    20.3724   5.062529     3.2104     92.000 1.9708e-01    20.3549    36.8677  1026.4902    26.0921    4.23042         44 0.0000e+00
       8050 166.457169      0.484     93.629    20.3403   5.058627     3.2095     93.000 1.9077e-01    20.3226    36.8634  1026.5000    26.0975    4.23199         46 0.0000e+00
       8087 166.457187      0.633     94.636    20.3308   5.057282     3.2071     94.000 2.0085e-01    20.3130    36.8602  1026.5045    26.0977    4.22926         33 0.0000e+00
