jupyter/NEMEA/cnv_final/cnv_final/out_dMCTV026.cnv
* Sea-Bird SBE 19plus V2 Data File:
* FileName = D:\ACEX_ctd\brutos\MCTV026.hex
* Software Version Seasave V 7.17
* Temperature SN = 6161
* Conductivity SN = 6161
* System UpLoad Time = Jun 19 2012 12:46:47
* NMEA UTC (Time) = Jun 19 2012 12:46:47
* NMEA Longitude =  051 11.55 W
* NMEA Latitude =  33 46.02 S
** H38 
** NHo Cruzeiro do Sul 
** 222 
** MCT V 
**   026
**   33 46.02 S
**   051 11.55 W
**   19/06/2012 15:40 Z
**   216
** 9P46375-0882 
**   1T Oliveira Santos
# nquan = 14
# nvalues = 203                         
# units = specified
# name 0 = scan: Scan Count
# name 1 = timeJ: Julian Days
# name 2 = dz/dtM: Descent Rate [m/s]
# name 3 = prdM: Pressure, Strain Gauge [db]
# name 4 = tv290C: Temperature [ITS-90, deg C]
# name 5 = c0S/m: Conductivity [S/m]
# name 6 = depSM: Depth [salt water, m]
# name 7 = oxsatML/L: Oxygen Saturation [ml/l]
# name 8 = flSP: Fluorescence, Seapoint
# name 9 = potemp090C: Potential Temperature [ITS-90, deg C]
# name 10 = sal00: Salinity [PSU]
# name 11 = density00: Density [density, Kg/m^3]
# name 12 = oxsatML/L: Oxygen Saturation [ml/l]
# name 13 = flag: flag
# span 0 =        281,       3129       
# span 1 = 171.533300, 171.541541       
# span 2 =     -0.081,      1.679       
# span 3 =      2.200,    205.131       
# span 4 =    15.2958,    20.0947       
# span 5 =   4.379622,   4.961265       
# span 6 =      2.000,    204.000       
# span 7 =    5.11707,    5.63859       
# span 8 = 5.6651e-02, 7.2308e-01       
# span 9 =    15.2644,    20.0831       
# span 10 =    35.4505,    36.3415      
# span 11 =  1025.6173,  1027.2581      
# span 12 =    5.11706,    5.63854      
# span 13 = 0.0000e+00, 0.0000e+00      
# interval = meters: 1                  
# start_time = Jun 19 2012 12:46:47
# bad_flag = -9.990e-29
*END*
        281 171.533300     -0.081      2.200    19.6477   4.875402      2.000    5.16866 6.3751e-01    19.6473    35.9868  1025.6173    5.16870 0.0000e+00
        705 171.534526      0.249      3.004    19.6484   4.875308      3.000    5.16868 6.7311e-01    19.6479    35.9852  1025.6192    5.16868 0.0000e+00
        855 171.534959      0.425      4.067    19.6500   4.875571      4.000    5.16852 6.7779e-01    19.6492    35.9856  1025.6239    5.16852 0.0000e+00
        862 171.534981      0.239      5.142    19.6569   4.876465      5.000    5.16781 6.7654e-01    19.6560    35.9866  1025.6275    5.16782 0.0000e+00
        871 171.535007      0.587      6.089    19.6572   4.875941      6.000    5.16795 6.6922e-01    19.6561    35.9817  1025.6278    5.16794 0.0000e+00
        876 171.535020      0.905      6.841    19.6500   4.875387      7.000    5.16860 6.7733e-01    19.6487    35.9831  1025.6340    5.16860 0.0000e+00
        889 171.535059      0.059      8.173    19.6476   4.875482      8.000    5.16874 7.0191e-01    19.6462    35.9853  1025.6422    5.16875 0.0000e+00
        897 171.535082      0.448      9.043    19.6482   4.875487      9.000    5.16872 6.9634e-01    19.6466    35.9846  1025.6452    5.16872 0.0000e+00
        908 171.535113      0.348     10.215    19.6486   4.875895     10.000    5.16859 6.9944e-01    19.6468    35.9872  1025.6522    5.16860 0.0000e+00
        913 171.535127      0.722     11.005    19.6541   4.876326     11.000    5.16812 7.1093e-01    19.6521    35.9857  1025.6532    5.16812 0.0000e+00
        922 171.535152      0.590     11.955    19.6549   4.876422     12.000    5.16805 7.2308e-01    19.6527    35.9855  1025.6569    5.16805 0.0000e+00
        940 171.535205      0.304     13.352    19.6551   4.876436     13.000    5.16805 6.7356e-01    19.6527    35.9849  1025.6625    5.16805 0.0000e+00
        943 171.535215      0.727     14.193    19.6557   4.876566     14.000    5.16798 6.7224e-01    19.6531    35.9852  1025.6662    5.16798 0.0000e+00
        946 171.535224      1.032     14.908    19.6562   4.876646     15.000    5.16793 6.7907e-01    19.6534    35.9852  1025.6692    5.16793 0.0000e+00
        957 171.535254      1.054     15.855    19.6557   4.876424     16.000    5.16804 6.8384e-01    19.6528    35.9833  1025.6721    5.16803 0.0000e+00
        971 171.535296      1.327     17.017    19.6552   4.876457     17.000    5.16808 6.7935e-01    19.6521    35.9836  1025.6775    5.16807 0.0000e+00
        974 171.535303      1.679     17.622    19.6542   4.876490     18.000    5.16815 6.8504e-01    19.6510    35.9846  1025.6811    5.16814 0.0000e+00
        987 171.535342      1.077     18.837    19.6537   4.876458     19.000    5.16821 6.7834e-01    19.6502    35.9843  1025.6864    5.16820 0.0000e+00
        996 171.535368      1.143     19.868    19.6540   4.876563     20.000    5.16816 6.6609e-01    19.6504    35.9845  1025.6909    5.16816 0.0000e+00
       1007 171.535400      0.458     21.053    19.6545   4.876592     21.000    5.16814 6.6022e-01    19.6506    35.9839  1025.6955    5.16814 0.0000e+00
       1021 171.535441      0.309     22.356    19.6548   4.876709     22.000    5.16810 6.4922e-01    19.6507    35.9841  1025.7013    5.16810 0.0000e+00
       1026 171.535453      0.696     23.199    19.6556   4.876843     23.000    5.16802 6.4670e-01    19.6514    35.9842  1025.7048    5.16802 0.0000e+00
       1029 171.535464      0.989     23.928    19.6552   4.876823     24.000    5.16806 6.6140e-01    19.6509    35.9841  1025.7080    5.16806 0.0000e+00
       1043 171.535503      0.554     25.122    19.6551   4.876847     25.000    5.16807 6.8950e-01    19.6505    35.9839  1025.7131    5.16807 0.0000e+00
       1053 171.535533      0.926     26.161    19.6549   4.876900     26.000    5.16808 6.7186e-01    19.6501    35.9842  1025.7179    5.16809 0.0000e+00
       1056 171.535541      1.176     26.875    19.6550   4.876911     27.000    5.16809 6.7686e-01    19.6500    35.9839  1025.7208    5.16809 0.0000e+00
       1073 171.535591      0.216     28.309    19.6548   4.876959     28.000    5.16810 6.8167e-01    19.6496    35.9840  1025.7272    5.16810 0.0000e+00
       1080 171.535612      0.695     29.235    19.6550   4.877104     29.000    5.16806 6.5046e-01    19.6497    35.9846  1025.7317    5.16806 0.0000e+00
       1085 171.535624      0.945     30.036    19.6557   4.877244     30.000    5.16799 6.5630e-01    19.6503    35.9849  1025.7352    5.16799 0.0000e+00
       1096 171.535656      0.482     31.161    19.6561   4.877302     31.000    5.16796 6.9834e-01    19.6504    35.9846  1025.7397    5.16796 0.0000e+00
       1110 171.535696      0.430     32.432    19.6563   4.877386     32.000    5.16793 6.7665e-01    19.6504    35.9847  1025.7453    5.16794 0.0000e+00
       1112 171.535704      0.969     33.098    19.6562   4.877308     33.000    5.16798 6.8692e-01    19.6501    35.9839  1025.7477    5.16798 0.0000e+00
       1121 171.535728      0.676     34.073    19.6554   4.877323     34.000    5.16804 6.9027e-01    19.6491    35.9844  1025.7525    5.16804 0.0000e+00
       1134 171.535766      0.507     35.237    19.6554   4.877462     35.000    5.16801 6.5577e-01    19.6490    35.9850  1025.7580    5.16801 0.0000e+00
       1141 171.535786      0.623     36.193    19.6586   4.878009     36.000    5.16767 6.4588e-01    19.6519    35.9865  1025.7625    5.16766 0.0000e+00
       1148 171.535806      0.554     37.166    19.6675   4.880116     37.000    5.16652 6.2865e-01    19.6607    35.9960  1025.7716    5.16652 0.0000e+00
       1159 171.535838      0.324     38.255    19.6801   4.881066     38.000    5.16544 6.4682e-01    19.6731    35.9926  1025.7705    5.16542 0.0000e+00
       1168 171.535865      0.538     39.254    19.6820   4.881293     39.000    5.16525 6.1914e-01    19.6748    35.9924  1025.7742    5.16524 0.0000e+00
       1175 171.535885      0.588     40.173    19.6815   4.881497     40.000    5.16524 6.4172e-01    19.6741    35.9942  1025.7798    5.16523 0.0000e+00
       1185 171.535915      0.271     41.336    19.6843   4.881717     41.000    5.16501 6.0617e-01    19.6767    35.9932  1025.7833    5.16500 0.0000e+00
       1193 171.535936      0.468     42.200    19.6842   4.882090     42.000    5.16492 6.2248e-01    19.6764    35.9961  1025.7893    5.16492 0.0000e+00
       1203 171.535967      0.414     43.286    19.6857   4.882458     43.000    5.16474 6.0785e-01    19.6778    35.9974  1025.7946    5.16473 0.0000e+00
       1211 171.535989      0.520     44.270    19.6935   4.884070     44.000    5.16381 6.0786e-01    19.6854    36.0037  1025.8017    5.16380 0.0000e+00
       1218 171.536009      0.600     45.167    19.7101   4.888804     45.000    5.16147 6.0367e-01    19.7017    36.0283  1025.8200    5.16146 0.0000e+00
       1230 171.536045      0.236     46.368    19.7707   4.898659     46.000    5.15487 5.9777e-01    19.7622    36.0572  1025.8313    5.15479 0.0000e+00
       1237 171.536065      0.614     47.299    19.8330   4.920648     47.000    5.14496 5.7773e-01    19.8242    36.1850  1025.9165    5.14497 0.0000e+00
       1242 171.536078      0.888     48.074    19.9582   4.940422     48.000    5.13150 5.9206e-01    19.9493    36.2398  1025.9285    5.13142 0.0000e+00
       1257 171.536123      0.201     49.402    20.0816   4.956192     49.000    5.11920 5.7882e-01    20.0724    36.2628  1025.9189    5.11906 0.0000e+00
       1264 171.536143      0.668     50.290    20.0741   4.954807     50.000    5.12005 5.2195e-01    20.0647    36.2576  1025.9208    5.11994 0.0000e+00
       1270 171.536160      0.702     51.226    20.0714   4.954805     51.000    5.12022 5.1018e-01    20.0619    36.2595  1025.9271    5.12013 0.0000e+00
       1281 171.536192      0.353     52.328    20.0727   4.955427     52.000    5.11996 5.0374e-01    20.0629    36.2631  1025.9343    5.11990 0.0000e+00
       1294 171.536229      0.392     53.506    20.0754   4.956063     53.000    5.11960 4.8461e-01    20.0654    36.2656  1025.9406    5.11957 0.0000e+00
       1297 171.536239      0.929     54.197    20.0744   4.955967     54.000    5.11970 4.9515e-01    20.0643    36.2653  1025.9437    5.11966 0.0000e+00
       1304 171.536260      0.636     55.172    20.0726   4.955902     55.000    5.11985 5.1334e-01    20.0623    36.2660  1025.9490    5.11982 0.0000e+00
       1321 171.536307      0.114     56.537    20.0705   4.955801     56.000    5.12001 4.7010e-01    20.0600    36.2665  1025.9558    5.12000 0.0000e+00
       1326 171.536322      0.617     57.419    20.0701   4.955821     57.000    5.12004 4.6175e-01    20.0594    36.2667  1025.9600    5.12004 0.0000e+00
       1330 171.536334      0.926     58.190    20.0702   4.956734     58.000    5.11983 4.5358e-01    20.0594    36.2738  1025.9687    5.11981 0.0000e+00
       1341 171.536367      0.505     59.283    20.0872   4.960204     59.000    5.11780 4.3745e-01    20.0762    36.2873  1025.9792    5.11780 0.0000e+00
       1356 171.536408      0.476     60.478    20.0940   4.960917     60.000    5.11719 3.8288e-01    20.0827    36.2869  1025.9823    5.11717 0.0000e+00
       1360 171.536422      0.767     61.324    20.0944   4.961237     61.000    5.11709 3.7576e-01    20.0829    36.2889  1025.9874    5.11708 0.0000e+00
       1366 171.536439      0.711     62.264    20.0947   4.961265     62.000    5.11707 3.8495e-01    20.0831    36.2885  1025.9911    5.11706 0.0000e+00
       1375 171.536464      0.456     63.283    20.0930   4.961175     63.000    5.11721 4.0200e-01    20.0812    36.2888  1025.9962    5.11721 0.0000e+00
       1390 171.536506      0.246     64.485    20.0897   4.960820     64.000    5.11753 3.5338e-01    20.0777    36.2883  1026.0019    5.11753 0.0000e+00
       1397 171.536527      0.551     65.419    20.0780   4.959444     65.000    5.11868 2.7969e-01    20.0658    36.2867  1026.0079    5.11868 0.0000e+00
       1402 171.536543      0.691     66.313    20.0585   4.957086     66.000    5.12059 2.2607e-01    20.0462    36.2838  1026.0148    5.12061 0.0000e+00
       1410 171.536565      0.535     67.304    19.9942   4.949016     67.000    5.12698 1.7981e-01    19.9816    36.2725  1026.0277    5.12702 0.0000e+00
       1424 171.536605      0.238     68.470    19.8845   4.936859     68.000    5.13750 1.4108e-01    19.8719    36.2665  1026.0573    5.13758 0.0000e+00
       1433 171.536631      0.533     69.461    19.8409   4.931481     69.000    5.14186 1.2077e-01    19.8281    36.2595  1026.0678    5.14194 0.0000e+00
       1438 171.536646      0.781     70.285    19.8060   4.928595     70.000    5.14497 1.1621e-01    19.7930    36.2655  1026.0853    5.14508 0.0000e+00
       1448 171.536675      0.387     71.400    19.7881   4.927832     71.000    5.14643 1.1499e-01    19.7749    36.2743  1026.1016    5.14651 0.0000e+00
       1457 171.536701      0.501     72.380    19.7929   4.929293     72.000    5.14577 1.1159e-01    19.7795    36.2819  1026.1103    5.14583 0.0000e+00
       1468 171.536732      0.354     73.459    19.8072   4.931452     73.000    5.14429 1.1277e-01    19.7936    36.2870  1026.1152    5.14431 0.0000e+00
       1477 171.536758      0.499     74.512    19.8225   4.936482     74.000    5.14197 1.0860e-01    19.8087    36.3149  1026.1370    5.14201 0.0000e+00
       1481 171.536772      0.778     75.284    19.8657   4.942268     75.000    5.13760 1.1221e-01    19.8517    36.3251  1026.1367    5.13760 0.0000e+00
       1499 171.536821      0.210     76.670    19.8940   4.944861     76.000    5.13507 1.1827e-01    19.8797    36.3214  1026.1324    5.13502 0.0000e+00
       1506 171.536842      0.769     77.572    19.8957   4.946174     77.000    5.13458 1.1289e-01    19.8813    36.3304  1026.1427    5.13459 0.0000e+00
       1508 171.536848      1.248     78.165    19.9034   4.947477     78.000    5.13376 1.1335e-01    19.8889    36.3343  1026.1463    5.13374 0.0000e+00
       1523 171.536892      0.785     79.401    19.9299   4.951184     79.000    5.13103 1.1262e-01    19.9151    36.3415  1026.1501    5.13101 0.0000e+00
       1534 171.536924      0.830     80.540    19.9424   4.952217     80.000    5.12995 1.1432e-01    19.9274    36.3388  1026.1497    5.12991 0.0000e+00
       1537 171.536934      1.057     81.315    19.9417   4.951630     81.000    5.13010 1.1759e-01    19.9266    36.3343  1026.1498    5.13011 0.0000e+00
       1550 171.536970      0.766     82.415    19.9153   4.945077     82.000    5.13363 1.1939e-01    19.9000    36.3027  1026.1374    5.13358 0.0000e+00
       1566 171.537016      0.990     83.704    19.8629   4.937387     83.000    5.13900 1.1583e-01    19.8474    36.2840  1026.1428    5.13911 0.0000e+00
       1566 171.537017      1.451     84.277    19.8117   4.923454     84.000    5.14608 1.1365e-01    19.7961    36.2129  1026.1045    5.14614 0.0000e+00
       1569 171.537024      1.645     84.948    19.6703   4.904927     85.000    5.16065 1.1205e-01    19.6547    36.1815  1026.1208    5.16059 0.0000e+00
       1589 171.537082      0.918     86.387    19.4791   4.888011     86.000    5.17795 1.0222e-01    19.4633    36.2061  1026.1963    5.17817 0.0000e+00
       1597 171.537106      1.055     87.360    19.3992   4.875476     87.000    5.18684 9.7353e-02    19.3834    36.1706  1026.1943    5.18697 0.0000e+00
       1603 171.537123      0.827     88.318    19.2694   4.859965     88.000    5.19989 9.6156e-02    19.2534    36.1537  1026.2194    5.20006 0.0000e+00
       1617 171.537165      0.188     89.598    19.1257   4.845682     89.000    5.21364 9.2071e-02    19.1096    36.1586  1026.2661    5.21387 0.0000e+00
       1626 171.537190      0.548     90.479    19.0660   4.837783     90.000    5.21998 9.2216e-02    19.0498    36.1441  1026.2743    5.22015 0.0000e+00
       1636 171.537219      0.373     91.580    19.0347   4.835656     91.000    5.22277 9.1774e-02    19.0183    36.1531  1026.2941    5.22294 0.0000e+00
       1644 171.537242      0.518     92.606    19.0239   4.832849     92.000    5.22428 8.9946e-02    19.0073    36.1386  1026.2902    5.22444 0.0000e+00
       1649 171.537257      0.731     93.431    18.9686   4.824422     93.000    5.23048 9.0010e-02    18.9519    36.1157  1026.2906    5.23058 0.0000e+00
       1662 171.537295      0.329     94.566    18.8791   4.813481     94.000    5.23963 8.8608e-02    18.8622    36.1013  1026.3077    5.23982 0.0000e+00
       1672 171.537324      0.612     95.530    18.7921   4.801447     95.000    5.24911 8.0450e-02    18.7751    36.0755  1026.3144    5.24921 0.0000e+00
       1680 171.537346      0.547     96.529    18.7266   4.794759     96.000    5.25552 7.9411e-02    18.7095    36.0758  1026.3359    5.25566 0.0000e+00
       1688 171.537371      0.483     97.544    18.6839   4.789736     97.000    5.25993 7.8495e-02    18.6666    36.0703  1026.3471    5.26007 0.0000e+00
       1697 171.537397      0.426     98.629    18.6332   4.780575     98.000    5.26599 7.6337e-02    18.6158    36.0367  1026.3390    5.26615 0.0000e+00
       1706 171.537422      0.467     99.530    18.4846   4.763192     99.000    5.28134 7.8478e-02    18.4671    36.0191  1026.3672    5.28152 0.0000e+00
       1723 171.537470      0.253    100.810    18.3934   4.755453    100.000    5.29005 8.1600e-02    18.3758    36.0328  1026.4065    5.29020 0.0000e+00
       1727 171.537483      0.764    101.586    18.3941   4.757209    101.000    5.28953 8.3832e-02    18.3763    36.0468  1026.4204    5.28968 0.0000e+00
       1732 171.537498      0.792    102.510    18.3971   4.757645    102.000    5.28925 8.7965e-02    18.3791    36.0476  1026.4243    5.28936 0.0000e+00
       1746 171.537539      0.316    103.709    18.3750   4.755293    103.000    5.29153 9.4265e-02    18.3568    36.0465  1026.4343    5.29161 0.0000e+00
       1759 171.537576      0.669    104.787    18.3573   4.752917    104.000    5.29341 9.5223e-02    18.3390    36.0414  1026.4396    5.29354 0.0000e+00
