jupyter/NEMEA/cnv_final/cnv_final/out_dMCTV006.cnv
* Sea-Bird SBE 9 Data File:
* FileName = D:\ACEX\brutos\MCTV006.hex
* Software Version Seasave V 7.17
* Temperature SN = 4821
* Conductivity SN = 3367
* Number of Bytes Per Scan = 21
* Number of Voltage Words = 3
* Number of Scans Averaged by the Deck Unit = 1
* NMEA UTC (Time) = Jun 13 2012 06:40:30
* NMEA Longitude =  047 32.51W
* NMEA Latitude =  25 41.13S
** H38 
** NHo Cruzeiro do Sul 
** 222 
** MCTV ACEx 
**   006
**   25 41.13S
**   047 32.51W
**   13/06/2012 09:39Z
**   47
** 9P46375-0882 
**   1T Germano Filho
# nquan = 16
# nvalues = 43                          
# units = specified
# name 0 = scan: Scan Count
# name 1 = timeJ: Julian Days
# name 2 = dz/dtM: Descent Rate [m/s]
# name 3 = prDM: Pressure, Digiquartz [db]
# name 4 = t090C: Temperature [ITS-90, deg C]
# name 5 = c0S/m: Conductivity [S/m]
# name 6 = sbeox0V: Oxygen Voltage, SBE 43
# name 7 = depSM: Depth [salt water, m]
# name 8 = flSP: Fluorescence, Seapoint
# name 9 = potemp090C: Potential Temperature [ITS-90, deg C]
# name 10 = sal00: Salinity [PSU]
# name 11 = density00: Density [density, Kg/m^3]
# name 12 = sigma-é00: Density [sigma-theta, Kg/m^3]
# name 13 = sbeox0ML/L: Oxygen, SBE 43 [ml/l], WS = 2
# name 14 = nbin: number of scans per bin
# name 15 = flag: flag
# span 0 =       3808,       8442       
# span 1 = 165.279961, 165.282196       
# span 2 =      0.179,      0.696       
# span 3 =      5.041,     47.306       
# span 4 =    20.1369,    20.2386       
# span 5 =   4.809135,   4.842481       
# span 6 =     3.3348,     3.5734       
# span 7 =      5.000,     47.000       
# span 8 = 4.1706e-01, 1.8758e+00       
# span 9 =    20.1322,    20.2369       
# span 10 =    34.9488,    35.2464      
# span 11 =  1024.6830,  1025.1080      
# span 12 =    24.6612,    24.9040      
# span 13 =    4.46426,    4.85371      
# span 14 =         21,         68      
# span 15 = 0.0000e+00, 0.0000e+00      
# interval = meters: 1                  
# start_time = Jun 13 2012 06:40:30
# bad_flag = -9.990e-29
*END*
       3808 165.279961      0.179      5.041    20.2364   4.809918     3.5650      5.000 1.2198e+00    20.2355    34.9499  1024.6830    24.6612    4.83757         32 0.0000e+00
       3855 165.279984      0.501      6.032    20.2296   4.809135     3.5688      6.000 1.1597e+00    20.2285    34.9488  1024.6883    24.6622    4.84515         37 0.0000e+00
       3984 165.280046      0.212      7.050    20.2285   4.809195     3.5734      7.000 1.2901e+00    20.2272    34.9498  1024.6938    24.6634    4.85371         21 0.0000e+00
       4084 165.280094      0.256      8.052    20.2363   4.810873     3.5681      8.000 1.2622e+00    20.2348    34.9567  1024.7013    24.6666    4.84451         55 0.0000e+00
       4184 165.280142      0.329      9.056    20.2386   4.814005     3.5666      9.000 1.2101e+00    20.2369    34.9800  1024.7229    24.6838    4.84183         58 0.0000e+00
       4257 165.280177      0.320     10.069    20.2123   4.817413     3.5457     10.000 1.5690e+00    20.2104    35.0293  1024.7719    24.7284    4.80806         55 0.0000e+00
       4301 165.280199      0.553     11.072    20.1734   4.824645     3.5055     11.000 1.8758e+00    20.1713    35.1203  1024.8560    24.8082    4.74144         37 0.0000e+00
       4346 165.280221      0.547     12.072    20.1675   4.831410     3.4596     12.000 1.8497e+00    20.1652    35.1802  1024.9076    24.8555    4.66323         42 0.0000e+00
       4434 165.280263      0.277     13.091    20.1676   4.831978     3.4219     13.000 1.6200e+00    20.1652    35.1843  1024.9151    24.8587    4.59998         46 0.0000e+00
       4471 165.280281      0.605     14.091    20.1665   4.832505     3.4083     14.000 1.5359e+00    20.1638    35.1893  1024.9236    24.8628    4.57752         37 0.0000e+00
       4518 165.280303      0.532     15.098    20.1660   4.832648     3.3943     15.000 1.5694e+00    20.1632    35.1905  1024.9290    24.8639    4.55448         60 0.0000e+00
       4580 165.280333      0.380     16.105    20.1647   4.832795     3.3849     16.000 1.3991e+00    20.1617    35.1924  1024.9352    24.8657    4.53923         60 0.0000e+00
       4653 165.280369      0.308     17.113    20.1535   4.831945     3.3583     17.000 1.1848e+00    20.1503    35.1944  1024.9441    24.8703    4.49578         62 0.0000e+00
       4708 165.280395      0.474     18.121    20.1515   4.832097     3.3502     18.000 9.4192e-01    20.1481    35.1970  1024.9510    24.8728    4.48268         36 0.0000e+00
       4741 165.280411      0.689     19.123    20.1465   4.831566     3.3433     19.000 7.9703e-01    20.1430    35.1965  1024.9563    24.8738    4.47211         35 0.0000e+00
       4783 165.280431      0.604     20.127    20.1394   4.830760     3.3391     20.000 7.8407e-01    20.1356    35.1955  1024.9618    24.8750    4.46618         42 0.0000e+00
       4874 165.280475      0.280     21.140    20.1369   4.830507     3.3461     21.000 6.2358e-01    20.1329    35.1951  1024.9667    24.8754    4.47882         62 0.0000e+00
       4935 165.280505      0.408     22.147    20.1381   4.830855     3.3403     22.000 5.8254e-01    20.1340    35.1966  1024.9718    24.8763    4.46954         54 0.0000e+00
       4981 165.280527      0.529     23.152    20.1487   4.832615     3.3467     23.000 6.3142e-01    20.1444    35.2017  1024.9773    24.8774    4.48005         38 0.0000e+00
       5038 165.280554      0.406     24.156    20.1534   4.833312     3.3561     24.000 6.5618e-01    20.1489    35.2032  1024.9816    24.8774    4.49613         61 0.0000e+00
       5105 165.280586      0.384     25.164    20.1569   4.834049     3.3592     25.000 5.9107e-01    20.1523    35.2059  1024.9871    24.8785    4.50163         55 0.0000e+00
       5181 165.280623      0.352     26.171    20.1567   4.834148     3.3619     26.000 7.4494e-01    20.1519    35.2065  1024.9920    24.8791    4.50671         33 0.0000e+00
       5279 165.280670      0.327     27.182    20.1560   4.834164     3.3589     27.000 6.0001e-01    20.1510    35.2069  1024.9969    24.8796    4.50230         46 0.0000e+00
       5316 165.280688      0.591     28.183    20.1535   4.834055     3.3534     28.000 5.9080e-01    20.1482    35.2077  1025.0026    24.8810    4.49378         39 0.0000e+00
       5369 165.280714      0.452     29.191    20.1494   4.833632     3.3492     29.000 6.2326e-01    20.1439    35.2074  1025.0078    24.8818    4.48771         68 0.0000e+00
       5445 165.280751      0.273     30.201    20.1460   4.833264     3.3456     30.000 5.5532e-01    20.1404    35.2068  1025.0127    24.8824    4.48236         41 0.0000e+00
       5545 165.280799      0.273     31.211    20.1411   4.832665     3.3423     31.000 5.2334e-01    20.1353    35.2056  1025.0175    24.8828    4.47780         44 0.0000e+00
       5591 165.280821      0.554     32.214    20.1381   4.832446     3.3381     32.000 4.4778e-01    20.1322    35.2060  1025.0229    24.8839    4.47162         35 0.0000e+00
       5625 165.280837      0.696     33.216    20.1458   4.834494     3.3381     33.000 4.2158e-01    20.1396    35.2160  1025.0329    24.8895    4.47126         35 0.0000e+00
       5699 165.280873      0.367     34.223    20.1616   4.837728     3.3355     34.000 4.1706e-01    20.1553    35.2288  1025.0428    24.8952    4.46594         45 0.0000e+00
       5770 165.280907      0.470     35.232    20.1744   4.840313     3.3353     35.000 4.1743e-01    20.1678    35.2389  1025.0515    24.8996    4.46495         39 0.0000e+00
       5819 165.280931      0.484     36.237    20.1779   4.841044     3.3348     36.000 4.3538e-01    20.1711    35.2416  1025.0571    24.9008    4.46426         61 0.0000e+00
       5877 165.280959      0.419     37.246    20.1793   4.841403     3.3349     37.000 4.3961e-01    20.1724    35.2430  1025.0621    24.9014    4.46497         50 0.0000e+00
       5952 165.280995      0.329     38.248    20.1798   4.841574     3.3397     38.000 4.4819e-01    20.1727    35.2436  1025.0668    24.9018    4.47370         38 0.0000e+00
       6034 165.281034      0.334     39.261    20.1800   4.841709     3.3400     39.000 4.2482e-01    20.1727    35.2442  1025.0716    24.9023    4.47474         61 0.0000e+00
       6084 165.281058      0.480     40.265    20.1804   4.841892     3.3450     40.000 4.2094e-01    20.1729    35.2450  1025.0765    24.9028    4.48384         43 0.0000e+00
       6142 165.281086      0.505     41.271    20.1807   4.841973     3.3427     41.000 4.3949e-01    20.1730    35.2451  1025.0809    24.9029    4.48051         51 0.0000e+00
       6366 165.281194      0.354     42.275    20.1808   4.842029     3.3428     42.000 4.3540e-01    20.1729    35.2451  1025.0853    24.9029    4.48130         54 0.0000e+00
       7269 165.281630      0.231     43.288    20.1809   4.842127     3.3454     43.000 4.5026e-01    20.1729    35.2454  1025.0899    24.9032    4.48626         39 0.0000e+00
       7418 165.281702      0.426     44.288    20.1812   4.842194     3.3413     44.000 4.4426e-01    20.1729    35.2454  1025.0942    24.9031    4.47991         38 0.0000e+00
       7605 165.281792      0.305     45.305    20.1812   4.842304     3.3415     45.000 4.6382e-01    20.1728    35.2459  1025.0990    24.9036    4.48082         42 0.0000e+00
       7629 165.281803      0.682     46.300    20.1813   4.842368     3.3432     46.000 4.3643e-01    20.1727    35.2459  1025.1033    24.9036    4.48430         32 0.0000e+00
       8442 165.282196      0.318     47.306    20.1815   4.842481     3.3426     47.000 4.7222e-01    20.1727    35.2464  1025.1080    24.9040    4.48382         60 0.0000e+00
