jupyter/NEMEA/cnv_final/cnv_final/out_dMCTV007.cnv
* Sea-Bird SBE 9 Data File:
* FileName = D:\ACEX\brutos\MCTV007.hex
* Software Version Seasave V 7.17
* Temperature SN = 4821
* Conductivity SN = 3367
* Number of Bytes Per Scan = 21
* Number of Voltage Words = 3
* Number of Scans Averaged by the Deck Unit = 1
* NMEA UTC (Time) = Jun 13 2012 17:22:07
* NMEA Longitude =  048 14.226W
* NMEA Latitude =  27 0.056S
** H38 
** NHo Cruzeiro do Sul 
** 222 
** MCTV ACEx 
**   007
**   27 0.056S
**   048 14.226W
**   13/06/2012 20:30Z
**   45
** 9P46375-0882 
**   Pesq. Catarina Cecilio
# nquan = 16
# nvalues = 41                          
# units = specified
# name 0 = scan: Scan Count
# name 1 = timeJ: Julian Days
# name 2 = dz/dtM: Descent Rate [m/s]
# name 3 = prDM: Pressure, Digiquartz [db]
# name 4 = t090C: Temperature [ITS-90, deg C]
# name 5 = c0S/m: Conductivity [S/m]
# name 6 = sbeox0V: Oxygen Voltage, SBE 43
# name 7 = depSM: Depth [salt water, m]
# name 8 = flSP: Fluorescence, Seapoint
# name 9 = potemp090C: Potential Temperature [ITS-90, deg C]
# name 10 = sal00: Salinity [PSU]
# name 11 = density00: Density [density, Kg/m^3]
# name 12 = sigma-é00: Density [sigma-theta, Kg/m^3]
# name 13 = sbeox0ML/L: Oxygen, SBE 43 [ml/l], WS = 2
# name 14 = nbin: number of scans per bin
# name 15 = flag: flag
# span 0 =       5084,      10218       
# span 1 = 165.726143, 165.728620       
# span 2 =     -0.119,      0.695       
# span 3 =      5.047,     45.294       
# span 4 =    19.2851,    19.5539       
# span 5 =   4.622015,   4.701053       
# span 6 =     3.3173,     3.5683       
# span 7 =      5.000,     45.000       
# span 8 = 3.2347e-01, 1.7555e+00       
# span 9 =    19.2806,    19.5530       
# span 10 =    34.1713,    34.6468      
# span 11 =  1024.2855,  1024.8192      
# span 12 =    24.2593,    24.6232      
# span 13 =    4.50933,    4.92431      
# span 14 =          6,         69      
# span 15 = 0.0000e+00, 0.0000e+00      
# interval = meters: 1                  
# start_time = Jun 13 2012 17:22:07
# bad_flag = -9.990e-29
*END*
       5084 165.726143      0.032      5.047    19.5539   4.649222     3.5683      5.000 1.4917e+00    19.5530    34.1945  1024.2857    24.2639    4.92431          6 0.0000e+00
       5153 165.726177      0.312      6.038    19.5293   4.645080     3.5529      6.000 1.2804e+00    19.5283    34.1801  1024.2855    24.2593    4.90117         66 0.0000e+00
       5216 165.726207      0.395      7.044    19.4461   4.636894     3.5489      7.000 1.3835e+00    19.4449    34.1803  1024.3115    24.2810    4.90228         52 0.0000e+00
       5323 165.726259      0.261      8.052    19.4036   4.632737     3.5374      8.000 1.6501e+00    19.4022    34.1805  1024.3270    24.2921    4.88681         58 0.0000e+00
       5415 165.726303      0.255      9.062    19.3907   4.631495     3.5291      9.000 1.7385e+00    19.3891    34.1805  1024.3347    24.2955    4.87440         24 0.0000e+00
       5499 165.726344      0.327     10.069    19.3793   4.630228     3.5082     10.000 1.6546e+00    19.3775    34.1790  1024.3410    24.2973    4.84003         52 0.0000e+00
       5547 165.726367      0.490     11.071    19.3722   4.629616     3.5021     11.000 1.7555e+00    19.3702    34.1793  1024.3474    24.2994    4.83082         46 0.0000e+00
       5621 165.726402      0.371     12.073    19.3593   4.628116     3.4848     12.000 1.5332e+00    19.3571    34.1772  1024.3535    24.3012    4.80268         29 0.0000e+00
       5717 165.726449      0.302     13.085    19.3400   4.625724     3.4673     13.000 1.3086e+00    19.3376    34.1729  1024.3596    24.3029    4.77501         47 0.0000e+00
       5928 165.726550      0.241     14.098    19.3255   4.624144     3.4486     14.000 1.1042e+00    19.3230    34.1713  1024.3665    24.3054    4.74456         34 0.0000e+00
       5978 165.726575      0.572     15.096    19.3199   4.623852     3.4398     15.000 9.3828e-01    19.3172    34.1731  1024.3737    24.3083    4.73054         39 0.0000e+00
       6019 165.726594      0.594     16.104    19.3182   4.623940     3.4329     16.000 9.9203e-01    19.3153    34.1749  1024.3799    24.3101    4.71921         41 0.0000e+00
       6061 165.726614      0.577     17.112    19.3150   4.624098     3.4284     17.000 8.9073e-01    19.3119    34.1785  1024.3880    24.3138    4.71227         38 0.0000e+00
       6102 165.726634      0.588     18.116    19.3142   4.624078     3.4277     18.000 7.9709e-01    19.3110    34.1786  1024.3926    24.3141    4.71189         44 0.0000e+00
       6150 165.726657      0.503     19.126    19.3122   4.624041     3.4248     19.000 7.3897e-01    19.3088    34.1796  1024.3983    24.3154    4.70767         53 0.0000e+00
       6197 165.726680      0.513     20.132    19.3055   4.623626     3.4190     20.000 6.5243e-01    19.3019    34.1813  1024.4057    24.3185    4.69867         41 0.0000e+00
       6240 165.726701      0.562     21.140    19.3007   4.623150     3.4213     21.000 5.9956e-01    19.2969    34.1810  1024.4112    24.3195    4.70378         42 0.0000e+00
       6277 165.726719      0.641     22.144    19.2956   4.622590     3.4189     22.000 6.1653e-01    19.2917    34.1801  1024.4162    24.3202    4.70077         35 0.0000e+00
       6319 165.726739      0.588     23.149    19.2880   4.622015     3.4158     23.000 5.8915e-01    19.2839    34.1812  1024.4234    24.3230    4.69650         52 0.0000e+00
       6378 165.726768      0.384     24.160    19.2852   4.623035     3.4135     24.000 5.2753e-01    19.2809    34.1916  1024.4365    24.3317    4.69325         58 0.0000e+00
       6426 165.726791      0.509     25.165    19.2851   4.624182     3.4092     25.000 5.2386e-01    19.2806    34.2009  1024.4480    24.3389    4.68618         39 0.0000e+00
       6463 165.726809      0.644     26.171    19.2856   4.625127     3.4058     26.000 5.1920e-01    19.2809    34.2079  1024.4576    24.3442    4.68060         37 0.0000e+00
       6507 165.726830      0.560     27.177    19.2876   4.626377     3.4080     27.000 4.7697e-01    19.2828    34.2162  1024.4678    24.3500    4.68474         50 0.0000e+00
       6559 165.726855      0.451     28.186    19.2926   4.628061     3.4072     28.000 4.6196e-01    19.2875    34.2258  1024.4783    24.3561    4.68331         47 0.0000e+00
       6599 165.726874      0.596     29.192    19.2998   4.629414     3.4046     29.000 4.5495e-01    19.2946    34.2307  1024.4846    24.3581    4.67871         38 0.0000e+00
       6641 165.726894      0.584     30.195    19.3176   4.632369     3.3997     30.000 4.4677e-01    19.3122    34.2401  1024.4916    24.3608    4.66904         50 0.0000e+00
       6708 165.726927      0.320     31.207    19.3536   4.638966     3.3930     31.000 4.8242e-01    19.3480    34.2648  1024.5056    24.3704    4.65443         60 0.0000e+00
       6755 165.726949      0.524     32.213    19.4214   4.651203     3.3879     32.000 5.0327e-01    19.4156    34.3100  1024.5270    24.3875    4.63921         41 0.0000e+00
       6795 165.726968      0.602     33.217    19.4373   4.654446     3.3762     33.000 4.8458e-01    19.4313    34.3233  1024.5375    24.3936    4.61800         38 0.0000e+00
       6839 165.726990      0.555     34.217    19.4011   4.650493     3.3691     34.000 4.0344e-01    19.3949    34.3201  1024.5487    24.4005    4.60951         40 0.0000e+00
       6931 165.727034      0.269     35.239    19.3278   4.641439     3.3772     35.000 3.4615e-01    19.3214    34.3051  1024.5607    24.4080    4.63065         41 0.0000e+00
       6968 165.727052      0.623     36.239    19.3220   4.643054     3.3773     36.000 3.5410e-01    19.3155    34.3229  1024.5801    24.4231    4.63149         29 0.0000e+00
       7004 165.727069      0.695     37.240    19.3748   4.658173     3.3683     37.000 3.2347e-01    19.3681    34.4042  1024.6330    24.4717    4.60982         42 0.0000e+00
       7080 165.727106      0.319     38.253    19.3892   4.666071     3.3700     38.000 3.7099e-01    19.3823    34.4573  1024.6742    24.5086    4.61070         48 0.0000e+00
       7141 165.727135      0.421     39.259    19.4161   4.674769     3.3675     39.000 4.4137e-01    19.4090    34.5068  1024.7094    24.5394    4.60354         51 0.0000e+00
       7900 165.727501      0.373     40.262    19.4498   4.683938     3.3640     40.000 4.3885e-01    19.4426    34.5543  1024.7414    24.5671    4.59394         51 0.0000e+00
       9358 165.728204      0.343     41.271    19.4739   4.689731     3.3640     41.000 4.0973e-01    19.4664    34.5820  1024.7607    24.5820    4.59194         43 0.0000e+00
       9265 165.728160      0.253     42.280    19.4817   4.691813     3.3656     42.000 4.0347e-01    19.4740    34.5923  1024.7710    24.5880    4.59435         53 0.0000e+00
       9323 165.728188      0.433     43.286    19.4831   4.692440     3.3669     43.000 3.8911e-01    19.4752    34.5960  1024.7778    24.5905    4.59706         54 0.0000e+00
       9377 165.728214      0.447     44.291    19.4932   4.696516     3.3546     44.000 3.8502e-01    19.4852    34.6209  1024.7986    24.6069    4.57497         59 0.0000e+00
      10218 165.728620     -0.119     45.294    19.5068   4.701053     3.3173     45.000 4.2643e-01    19.4986    34.6468  1024.8192    24.6232    4.50933         69 0.0000e+00
