jupyter/NEMEA/cnv_final/cnv_final/out_dMCTV025a.cnv
* Sea-Bird SBE 19plus V2 Data File:
* FileName = D:\ACEX_ctd\brutos\MCTV025a.hex
* Software Version Seasave V 7.17
* Temperature SN = 6161
* Conductivity SN = 6161
* System UpLoad Time = Jun 19 2012 10:59:36
* NMEA UTC (Time) = Jun 19 2012 10:59:36
* NMEA Longitude =  051 07.44 W
* NMEA Latitude =  33 46.65 S
** H38 
** NHo Cruzeiro do Sul 
** 222 
** MCT V 
**   025a
**   33 46.65 S
**   051 07.44 W
**   19/06/2012 13:13 Z
**   670
** 9P46375-0882 
**   CT Fernandes
# nquan = 14
# nvalues = 461                         
# units = specified
# name 0 = scan: Scan Count
# name 1 = timeJ: Julian Days
# name 2 = dz/dtM: Descent Rate [m/s]
# name 3 = prdM: Pressure, Strain Gauge [db]
# name 4 = tv290C: Temperature [ITS-90, deg C]
# name 5 = c0S/m: Conductivity [S/m]
# name 6 = depSM: Depth [salt water, m]
# name 7 = oxsatML/L: Oxygen Saturation [ml/l]
# name 8 = flSP: Fluorescence, Seapoint
# name 9 = potemp090C: Potential Temperature [ITS-90, deg C]
# name 10 = sal00: Salinity [PSU]
# name 11 = density00: Density [density, Kg/m^3]
# name 12 = oxsatML/L: Oxygen Saturation [ml/l]
# name 13 = flag: flag
# span 0 =       1721,       5252       
# span 1 = 171.463033, 171.473249       
# span 2 =     -0.167,      1.698       
# span 3 =      2.017,    464.795       
# span 4 =     7.4711,    20.3826       
# span 5 =   3.548377,   4.995159       
# span 6 =      2.000,    462.000       
# span 7 =    5.08935,    6.70892       
# span 8 = 2.2441e-02, 4.8890e+00       
# span 9 =     7.4254,    20.3693       
# span 10 =    34.5028,    36.3399      
# span 11 =  1025.2551,  1029.0895      
# span 12 =    5.08928,    6.70899      
# span 13 = 0.0000e+00, 0.0000e+00      
# interval = meters: 1                  
# start_time = Jun 19 2012 10:59:36
# bad_flag = -9.990e-29
*END*
[from data line 413]
       4982 171.472469      0.528    417.898     8.4356   3.640928    415.000    6.55996 4.8835e+00     8.3916    34.5795  1028.7744    6.56013 0.0000e+00
       4986 171.472479      0.957    418.672     8.3723   3.632763    416.000    6.57046 4.8835e+00     8.3285    34.5546  1028.7687    6.57060 0.0000e+00
       4991 171.472493      0.915    419.751     8.2760   3.625459    417.000    6.58400 4.8835e+00     8.2323    34.5709  1028.8019    6.58428 0.0000e+00
       4996 171.472510      0.686    420.986     8.2305   3.621534    418.000    6.59064 4.8835e+00     8.1868    34.5732  1028.8166    6.59098 0.0000e+00
       4999 171.472518      0.923    421.863     8.2068   3.617653    419.000    6.59509 4.8836e+00     8.1631    34.5548  1028.8100    6.59532 0.0000e+00
       5002 171.472525      1.284    422.587     8.1720   3.614730    420.000    6.60014 4.8836e+00     8.1284    34.5575  1028.8209    6.60042 0.0000e+00
       5004 171.472533      1.527    423.305     8.1450   3.612478    421.000    6.60412 4.8835e+00     8.1014    34.5597  1028.8301    6.60439 0.0000e+00
       5016 171.472566      0.803    424.693     8.1173   3.611335    422.000    6.60770 4.8836e+00     8.0736    34.5741  1028.8521    6.60795 0.0000e+00
       5025 171.472593      1.024    426.012     8.1234   3.611260    423.000    6.60721 4.8837e+00     8.0795    34.5667  1028.8513    6.60734 0.0000e+00
       5027 171.472599      1.473    426.762     8.1101   3.610166    424.000    6.60911 4.8836e+00     8.0662    34.5677  1028.8576    6.60929 0.0000e+00
       5030 171.472606      1.689    427.582     8.0997   3.608726    425.000    6.61093 4.8836e+00     8.0557    34.5622  1028.8587    6.61110 0.0000e+00
       5033 171.472615      1.587    428.496     8.0790   3.606416    426.000    6.61425 4.8835e+00     8.0350    34.5575  1028.8624    6.61443 0.0000e+00
       5037 171.472628      1.095    429.534     8.0457   3.603195    427.000    6.61936 4.8835e+00     8.0017    34.5553  1028.8708    6.61954 0.0000e+00
       5047 171.472656      0.304    430.964     8.0174   3.601745    428.000    6.62313 4.8835e+00     7.9734    34.5669  1028.8908    6.62330 0.0000e+00
       5053 171.472675      0.593    432.035     8.0131   3.600249    429.000    6.62435 4.8835e+00     7.9690    34.5547  1028.8867    6.62448 0.0000e+00
       5056 171.472683      0.966    432.844     7.9962   3.598714    430.000    6.62689 4.8835e+00     7.9520    34.5546  1028.8930    6.62705 0.0000e+00
       5060 171.472694      1.125    433.729     7.9807   3.597361    431.000    6.62925 4.8835e+00     7.9365    34.5549  1028.8997    6.62938 0.0000e+00
       5065 171.472707      0.963    434.731     7.9660   3.595186    432.000    6.63180 4.8834e+00     7.9217    34.5456  1028.8993    6.63200 0.0000e+00
       5071 171.472724      0.709    435.816     7.9065   3.588254    433.000    6.64162 4.8836e+00     7.8623    34.5295  1028.9010    6.64171 0.0000e+00
       5077 171.472743      0.633    436.914     7.8591   3.584696    434.000    6.64837 4.8836e+00     7.8150    34.5375  1028.9196    6.64857 0.0000e+00
       5083 171.472760      0.651    438.019     7.8380   3.583095    435.000    6.65146 4.8836e+00     7.7938    34.5406  1028.9304    6.65165 0.0000e+00
       5087 171.472772      0.859    438.958     7.8302   3.582574    436.000    6.65260 4.8836e+00     7.7859    34.5422  1028.9372    6.65277 0.0000e+00
       5091 171.472783      1.024    439.917     7.8275   3.582441    437.000    6.65298 4.8836e+00     7.7832    34.5430  1028.9425    6.65314 0.0000e+00
       5094 171.472793      1.067    440.876     7.8246   3.582119    438.000    6.65349 4.8836e+00     7.7802    34.5419  1028.9465    6.65362 0.0000e+00
       5098 171.472804      1.117    441.774     7.8214   3.581794    439.000    6.65403 4.8835e+00     7.7769    34.5412  1028.9504    6.65415 0.0000e+00
       5102 171.472815      1.094    442.652     7.8174   3.581608    440.000    6.65459 4.8837e+00     7.7728    34.5427  1028.9563    6.65469 0.0000e+00
       5111 171.472842      0.394    444.016     7.8182   3.581853    441.000    6.65443 4.8837e+00     7.7735    34.5439  1028.9633    6.65451 0.0000e+00
       5118 171.472862      0.581    445.151     7.8139   3.581270    442.000    6.65522 4.8836e+00     7.7690    34.5414  1028.9671    6.65528 0.0000e+00
       5121 171.472871      1.005    445.967     7.8106   3.580806    443.000    6.65580 4.8835e+00     7.7657    34.5392  1028.9696    6.65587 0.0000e+00
       5125 171.472881      1.204    446.823     7.8004   3.578931    444.000    6.65781 4.8834e+00     7.7554    34.5288  1028.9669    6.65788 0.0000e+00
       5129 171.472893      1.091    447.799     7.7764   3.577064    445.000    6.66133 4.8835e+00     7.7314    34.5319  1028.9775    6.66141 0.0000e+00
       5135 171.472912      0.683    449.034     7.7310   3.570887    446.000    6.66920 4.8834e+00     7.6861    34.5097  1028.9728    6.66930 0.0000e+00
       5140 171.472926      0.718    450.125     7.6859   3.567534    447.000    6.67570 4.8834e+00     7.6410    34.5176  1028.9910    6.67586 0.0000e+00
       5144 171.472936      0.984    450.996     7.6660   3.565471    448.000    6.67893 4.8834e+00     7.6211    34.5146  1028.9957    6.67905 0.0000e+00
       5147 171.472945      1.224    451.809     7.6522   3.564429    449.000    6.68089 4.8834e+00     7.6072    34.5167  1029.0031    6.68108 0.0000e+00
       5150 171.472956      1.197    452.665     7.6255   3.561120    450.000    6.68546 4.8834e+00     7.5805    34.5069  1029.0035    6.68559 0.0000e+00
       5163 171.472993      0.003    454.296     7.6113   3.561937    451.000    6.68669 4.8836e+00     7.5661    34.5290  1029.0304    6.68683 0.0000e+00
       5168 171.473007      0.673    455.305     7.6028   3.560083    452.000    6.68852 4.8836e+00     7.5576    34.5169  1029.0269    6.68865 0.0000e+00
       5171 171.473015      1.113    456.066     7.5997   3.559542    453.000    6.68910 4.8836e+00     7.5544    34.5138  1029.0283    6.68927 0.0000e+00
       5174 171.473023      1.394    456.879     7.5867   3.557801    454.000    6.69147 4.8836e+00     7.5414    34.5075  1029.0290    6.69154 0.0000e+00
       5177 171.473032      1.416    457.748     7.5700   3.556509    455.000    6.69391 4.8835e+00     7.5247    34.5096  1029.0372    6.69402 0.0000e+00
       5182 171.473048      0.908    458.820     7.5558   3.555704    456.000    6.69588 4.8835e+00     7.5105    34.5144  1029.0480    6.69599 0.0000e+00
       5193 171.473078      0.314    460.167     7.5493   3.555258    457.000    6.69686 4.8836e+00     7.5038    34.5154  1029.0559    6.69695 0.0000e+00
       5199 171.473095      0.643    461.089     7.5419   3.554191    458.000    6.69822 4.8836e+00     7.4963    34.5108  1029.0576    6.69830 0.0000e+00
       5203 171.473109      0.807    461.921     7.5292   3.552991    459.000    6.70020 4.8836e+00     7.4836    34.5100  1029.0628    6.70030 0.0000e+00
       5214 171.473141      0.390    463.028     7.5112   3.551063    460.000    6.70316 4.8836e+00     7.4656    34.5064  1029.0677    6.70321 0.0000e+00
       5228 171.473181      0.378    464.005     7.4918   3.548994    461.000    6.70632 4.8829e+00     7.4461    34.5028  1029.0723    6.70638 0.0000e+00
       5252 171.473249      0.226    464.795     7.4711   3.548377    462.000    6.70892 4.8625e+00     7.4254    34.5162  1029.0895    6.70899 0.0000e+00
