jupyter/NEMEA/teste_rotina/cnvs/dMCTV012baby.cnv
* Sea-Bird SBE 9 Data File:
* FileName = D:\ACEX\brutos\MCTV012.hex
* Software Version Seasave V 7.17
* Temperature SN = 4821
* Conductivity SN = 3367
* Number of Bytes Per Scan = 21
* Number of Voltage Words = 3
* Number of Scans Averaged by the Deck Unit = 1
* NMEA Latitude = e 1 = timeJ
* NMEA Longitude =  48664 166.
* NMEA UTC (Time) = Jun 06 2012 18:11:00
** H38
** NHo Cruzeiro do Sul
** 222
** MCTV ACEx
**   012
**   27 00.66S
**   046  19.71W
**   14/06/2012 18:11Z
**   662
** 9P46375-0882
**   1T Germano Filho
# nquan = 16
# nvalues = 591
# units = specified
# name 0 = scan: Scan Count
# name 1 = timeJ: Julian Days
# name 2 = dz/dtM: Descent Rate [m/s]
# name 3 = prDM: Pressure, Digiquartz [db]
# name 4 = t090C: Temperature [ITS-90, deg C]
# name 5 = c0S/m: Conductivity [S/m]
# name 6 = sbeox0V: Oxygen Voltage, SBE 43
# name 7 = depSM: Depth [salt water, m]
# name 8 = flSP: Fluorescence, Seapoint
# name 9 = potemp090C: Potential Temperature [ITS-90, deg C]
# name 10 = sal00: Salinity [PSU]
# name 11 = density00: Density [density, Kg/m^3]
# name 12 = sigma-Θ00: Density [sigma-theta, Kg/m^3]
# name 13 = sbeox0ML/L: Oxygen, SBE 43 [ml/l], WS = 2
# name 14 = nbin: number of scans per bin
# name 15 = flag: flag
# span 0 =       2706,      48664
# span 1 = 166.634742, 166.656906
# span 2 =      0.329,      1.440
# span 3 =      5.042,    599.743
# span 4 =     5.7963,    23.1837
# span 5 =   3.429936,   5.410287
# span 6 =     2.0516,     3.4843
# span 7 =      5.000,    595.000
# span 8 = 4.6294e-02, 4.8542e-01
# span 9 =     5.7440,    23.1827
# span 10 =    34.8271,    37.3068
# span 11 =  1025.4807,  1030.2709
# span 12 =    25.4592,    27.8677
# span 13 =    3.18622,    4.44098
# span 14 =         15,         72
# span 15 = 0.0000e+00, 0.0000e+00
# interval = meters: 1
# start_time = Jun 14 2012 15:12:09
# bad_flag = -9.990e-29
*END*
[from data line 189]
7920 166.637257      1.002    195.359    16.5970   4.591978     3.0154    194.000 5.3769e-02    16.5651    36.1788  1027.3745    26.5229    4.25487         29 0.0000e+00
7948 166.637270      0.868    196.371    16.5439   4.585370     3.0091    195.000 5.4119e-02    16.5118    36.1680  1027.3834    26.5272    4.24845         25 0.0000e+00
7972 166.637282      0.920    197.383    16.4823   4.577606     3.0052    196.000 5.3883e-02    16.4501    36.1546  1027.3923    26.5314    4.24707         22 0.0000e+00
7992 166.637291      1.098    198.386    16.4283   4.571590     3.0037    197.000 5.3109e-02    16.3961    36.1497  1027.4057    26.5403    4.24925         18 0.0000e+00
8010 166.637300      1.258    199.386    16.4088   4.569348     3.0030    198.000 5.2955e-02    16.3764    36.1471  1027.4128    26.5429    4.25026         19 0.0000e+00
8031 166.637310      1.263    200.394    16.3985   4.568204     3.0039    199.000 5.3163e-02    16.3659    36.1459  1027.4187    26.5444    4.25339         22 0.0000e+00
8054 166.637321      1.076    201.411    16.3838   4.566440     3.0052    200.000 5.3054e-02    16.3511    36.1431  1027.4245    26.5457    4.25758         22 0.0000e+00
8077 166.637332      1.052    202.412    16.3638   4.563879     3.0055    201.000 5.2945e-02    16.3310    36.1381  1027.4298    26.5466    4.26032         22 0.0000e+00
8098 166.637342      1.078    203.423    16.3224   4.558845     3.0039    202.000 5.2686e-02    16.2895    36.1305  1027.4382    26.5504    4.26150         20 0.0000e+00
8117 166.637352      1.169    204.431    16.2903   4.554699     3.0013    203.000 5.2639e-02    16.2573    36.1223  1027.4440    26.5517    4.26022         18 0.0000e+00
8135 166.637360      1.285    205.441    16.2459   4.549464     2.9983    204.000 5.1840e-02    16.2127    36.1156  1027.4538    26.5569    4.25892         17 0.0000e+00
8152 166.637368      1.363    206.442    16.2118   4.545538     2.9979    205.000 5.2594e-02    16.1785    36.1112  1027.4628    26.5614    4.26167         17 0.0000e+00
8170 166.637377      1.396    207.449    16.1890   4.542751     2.9970    206.000 5.2310e-02    16.1556    36.1066  1027.4691    26.5632    4.26244         19 0.0000e+00
8189 166.637386      1.360    208.458    16.1600   4.539160     2.9960    207.000 5.2247e-02    16.1265    36.1006  1027.4756    26.5653    4.26370         19 0.0000e+00
8209 166.637396      1.267    209.467    16.1174   4.534248     2.9935    208.000 5.1805e-02    16.0837    36.0950  1027.4859    26.5710    4.26322         21 0.0000e+00
8231 166.637406      1.157    210.473    16.0889   4.530744     2.9933    209.000 5.1329e-02    16.0552    36.0892  1027.4925    26.5731    4.26582         21 0.0000e+00
8253 166.637417      1.117    211.478    16.0663   4.528092     2.9934    210.000 5.1440e-02    16.0324    36.0857  1027.4995    26.5757    4.26862         23 0.0000e+00
8276 166.637428      1.049    212.493    16.0419   4.525266     2.9924    211.000 5.0696e-02    16.0079    36.0822  1027.5070    26.5786    4.26944         22 0.0000e+00
8299 166.637439      1.036    213.501    16.0226   4.523040     2.9931    212.000 5.1199e-02    15.9885    36.0794  1027.5138    26.5810    4.27282         22 0.0000e+00
8319 166.637449      1.126    214.506    16.0133   4.521735     2.9929    213.000 5.1020e-02    15.9790    36.0758  1027.5176    26.5803    4.27391         19 0.0000e+00
8337 166.637458      1.240    215.516    15.9801   4.517665     2.9924    214.000 5.0896e-02    15.9457    36.0691  1027.5247    26.5829    4.27654         19 0.0000e+00
8355 166.637466      1.325    216.523    15.9525   4.514578     2.9922    215.000 5.1287e-02    15.9180    36.0662  1027.5334    26.5871    4.27894         16 0.0000e+00
8372 166.637474      1.369    217.525    15.9354   4.512720     2.9912    216.000 5.1025e-02    15.9007    36.0647  1027.5407    26.5899    4.27915         19 0.0000e+00
8391 166.637483      1.370    218.530    15.9224   4.511060     2.9902    217.000 5.1401e-02    15.8877    36.0612  1027.5454    26.5902    4.27895         19 0.0000e+00
8413 166.637494      1.229    219.541    15.8945   4.507716     2.9888    218.000 5.1791e-02    15.8597    36.0562  1027.5525    26.5928    4.27945         24 0.0000e+00
8436 166.637505      1.049    220.554    15.8689   4.504489     2.9859    219.000 5.1383e-02    15.8339    36.0502  1027.5583    26.5940    4.27672         23 0.0000e+00
8458 166.637516      1.046    221.563    15.7993   4.496052     2.9836    220.000 5.0122e-02    15.7642    36.0374  1027.5691    26.6001    4.27899         22 0.0000e+00
8478 166.637525      1.139    222.570    15.7435   4.488940     2.9819    221.000 4.9565e-02    15.7083    36.0239  1027.5761    26.6025    4.28129         17 0.0000e+00
8495 166.637534      1.276    223.576    15.6661   4.479977     2.9811    222.000 5.0079e-02    15.6309    36.0134  1027.5904    26.6120    4.28700         16 0.0000e+00
8512 166.637542      1.394    224.574    15.6368   4.477094     2.9787    223.000 5.0766e-02    15.6015    36.0138  1027.6018    26.6190    4.28551         17 0.0000e+00
8529 166.637550      1.427    225.581    15.6244   4.475725     2.9760    224.000 5.0399e-02    15.5890    36.0123  1027.6079    26.6207    4.28200         19 0.0000e+00
8550 166.637560      1.309    226.593    15.6176   4.475037     2.9740    225.000 5.1859e-02    15.5820    36.0119  1027.6137    26.6220    4.27949         22 0.0000e+00
8574 166.637572      1.073    227.606    15.6127   4.474533     2.9718    226.000 5.1945e-02    15.5769    36.0115  1027.6189    26.6228    4.27633         24 0.0000e+00
8598 166.637583      0.985    228.616    15.6060   4.473861     2.9710    227.000 5.1529e-02    15.5701    36.0110  1027.6246    26.6240    4.27588         23 0.0000e+00
8618 166.637593      1.093    229.627    15.5811   4.470607     2.9693    228.000 5.1278e-02    15.5451    36.0041  1027.6294    26.6243    4.27547         18 0.0000e+00
8635 166.637601      1.257    230.627    15.5458   4.466741     2.9668    229.000 5.0630e-02    15.5096    36.0010  1027.6396    26.6300    4.27447         17 0.0000e+00
8652 166.637609      1.386    231.634    15.5066   4.461810     2.9683    230.000 5.1214e-02    15.4704    35.9918  1027.6459    26.6317    4.28127         16 0.0000e+00
8669 166.637618      1.440    232.638    15.4715   4.457955     2.9697    231.000 5.2466e-02    15.4352    35.9886  1027.6559    26.6372    4.28750         18 0.0000e+00
8688 166.637627      1.365    233.649    15.4414   4.454557     2.9728    232.000 5.0198e-02    15.4050    35.9850  1027.6645    26.6412    4.29641         20 0.0000e+00
8711 166.637638      1.178    234.652    15.4222   4.452621     2.9759    233.000 5.0382e-02    15.3857    35.9846  1027.6730    26.6453    4.30442         23 0.0000e+00
8734 166.637649      1.048    235.667    15.4144   4.451835     2.9788    234.000 5.0102e-02    15.3777    35.9842  1027.6790    26.6468    4.31126         24 0.0000e+00
8756 166.637660      1.053    236.675    15.3951   4.449366     2.9786    235.000 4.9764e-02    15.3583    35.9791  1027.6839    26.6472    4.31324         21 0.0000e+00
8777 166.637670      1.122    237.683    15.3623   4.445484     2.9793    236.000 4.9887e-02    15.3254    35.9735  1027.6915    26.6503    4.31806         21 0.0000e+00
8797 166.637679      1.185    238.690    15.3365   4.442607     2.9806    237.000 4.9294e-02    15.2995    35.9706  1027.6996    26.6539    4.32326         19 0.0000e+00
8816 166.637689      1.237    239.697    15.3011   4.438269     2.9810    238.000 4.9524e-02    15.2640    35.9632  1027.7064    26.6561    4.32782         18 0.0000e+00
8835 166.637698      1.264    240.705    15.2774   4.435632     2.9797    239.000 5.0184e-02    15.2401    35.9606  1027.7143    26.6595    4.32788         21 0.0000e+00
8854 166.637707      1.258    241.715    15.2565   4.432893     2.9771    240.000 4.8902e-02    15.2192    35.9544  1027.7187    26.6594    4.32538         17 0.0000e+00
8872 166.637716      1.297    242.718    15.1993   4.426173     2.9751    241.000 4.9258e-02    15.1619    35.9453  1027.7291    26.6651    4.32732         18 0.0000e+00
8892 166.637725      1.300    243.719    15.1837   4.424772     2.9737    242.000 5.0168e-02    15.1462    35.9465  1027.7380    26.6695    4.32648         23 0.0000e+00
8918 166.637738      1.065    244.731    15.1761   4.423869     2.9719    243.000 4.9420e-02    15.1384    35.9449  1027.7429    26.6700    4.32426         30 0.0000e+00
8950 166.637753      0.779    245.751    15.1479   4.420430     2.9716    244.000 5.0666e-02    15.1101    35.9390  1027.7493    26.6718    4.32679         28 0.0000e+00
8972 166.637764      0.892    246.753    15.1239   4.417574     2.9719    245.000 5.0071e-02    15.0860    35.9345  1027.7557    26.6737    4.33009         22 0.0000e+00
8993 166.637774      1.125    247.759    15.1075   4.415668     2.9711    246.000 4.9306e-02    15.0694    35.9318  1027.7618    26.6753    4.33060         19 0.0000e+00
9014 166.637784      1.159    248.762    15.0917   4.413962     2.9691    247.000 4.9800e-02    15.0535    35.9303  1027.7686    26.6777    4.32871         25 0.0000e+00
9038 166.637796      1.049    249.778    15.0738   4.411520     2.9651    248.000 4.8839e-02    15.0355    35.9241  1027.7724    26.6769    4.32337         21 0.0000e+00
9058 166.637805      1.081    250.786    15.0354   4.407359     2.9627    249.000 4.9292e-02    14.9971    35.9209  1027.7830    26.6829    4.32266         19 0.0000e+00
9076 166.637814      1.237    251.793    15.0228   4.405430     2.9599    250.000 4.9614e-02    14.9843    35.9144  1027.7853    26.6808    4.31912         16 0.0000e+00
9093 166.637822      1.344    252.794    14.9638   4.398309     2.9570    251.000 4.9853e-02    14.9252    35.9032  1027.7944    26.6852    4.31930         17 0.0000e+00
9111 166.637831      1.381    253.802    14.9061   4.392107     2.9554    252.000 5.0351e-02    14.8674    35.8991  1027.8086    26.6947    4.32187         18 0.0000e+00
9131 166.637840      1.328    254.805    14.8853   4.389899     2.9552    253.000 5.0115e-02    14.8465    35.8976  1027.8165    26.6981    4.32387         23 0.0000e+00
9156 166.637853      1.084    255.819    14.8651   4.387579     2.9533    254.000 4.9366e-02    14.8263    35.8944  1027.8231    26.7002    4.32248         28 0.0000e+00
9184 166.637866      0.884    256.833    14.8559   4.386658     2.9519    255.000 4.9292e-02    14.8169    35.8941  1027.8294    26.7020    4.32127         27 0.0000e+00
9208 166.637877      0.943    257.836    14.8462   4.385390     2.9491    256.000 4.9017e-02    14.8070    35.8910  1027.8336    26.7017    4.31730         21 0.0000e+00
9231 166.637889      1.045    258.844    14.8204   4.382388     2.9457    257.000 4.8842e-02    14.7811    35.8868  1027.8406    26.7042    4.31377         25 0.0000e+00
9255 166.637900      1.027    259.849    14.7844   4.378343     2.9443    258.000 4.8989e-02    14.7451    35.8824  1027.8496    26.7087    4.31475         24 0.0000e+00
9281 166.637913      0.958    260.863    14.7646   4.376353     2.9432    259.000 4.9315e-02    14.7251    35.8819  1027.8582    26.7127    4.31484         26 0.0000e+00
9305 166.637924      0.961    261.869    14.7587   4.375861     2.9424    260.000 4.9395e-02    14.7191    35.8824  1027.8644    26.7144    4.31433         22 0.0000e+00
9326 166.637935      1.064    262.877    14.7565   4.375705     2.9427    261.000 5.0169e-02    14.7168    35.8826  1027.8694    26.7150    4.31573         22 0.0000e+00
9348 166.637945      1.122    263.880    14.7538   4.375483     2.9434    262.000 4.8977e-02    14.7139    35.8827  1027.8745    26.7157    4.31786         21 0.0000e+00
9370 166.637956      1.108    264.890    14.7460   4.374608     2.9428    263.000 4.9856e-02    14.7059    35.8814  1027.8797    26.7165    4.31790         24 0.0000e+00
9394 166.637967      1.035    265.901    14.7187   4.371342     2.9406    264.000 4.9725e-02    14.6786    35.8760  1027.8862    26.7184    4.31686         22 0.0000e+00
9416 166.637978      1.063    266.911    14.6900   4.368188     2.9381    265.000 4.8933e-02    14.6498    35.8731  1027.8947    26.7224    4.31500         21 0.0000e+00
9436 166.637987      1.152    267.915    14.6719   4.366224     2.9362    266.000 4.9958e-02    14.6316    35.8713  1027.9018    26.7249    4.31352         19 0.0000e+00
9455 166.637997      1.218    268.920    14.6465   4.363204     2.9341    267.000 4.8613e-02    14.6060    35.8665  1027.9082    26.7268    4.31237         20 0.0000e+00
9475 166.638007      1.217    269.925    14.6307   4.361612     2.9326    268.000 4.9450e-02    14.5901    35.8660  1027.9158    26.7299    4.31142         20 0.0000e+00
9497 166.638017      1.174    270.933    14.6186   4.360156     2.9310    269.000 4.9931e-02    14.5779    35.8634  1027.9209    26.7305    4.30995         22 0.0000e+00
9519 166.638028      1.123    271.946    14.5969   4.357751     2.9325    270.000 4.9249e-02    14.5561    35.8608  1027.9282    26.7333    4.31530         22 0.0000e+00
9542 166.638039      1.072    272.953    14.5680   4.354484     2.9374    271.000 4.9340e-02    14.5271    35.8569  1027.9360    26.7366    4.32787         22 0.0000e+00
9567 166.638051      1.028    273.957    14.5573   4.353535     2.9435    272.000 4.9802e-02    14.5163    35.8576  1027.9434    26.7394    4.34115         30 0.0000e+00
9596 166.638065      0.835    274.972    14.5538   4.353098     2.9489    273.000 4.9826e-02    14.5126    35.8564  1027.9477    26.7393    4.35259         26 0.0000e+00
9622 166.638077      0.874    275.979    14.5287   4.350128     2.9489    274.000 4.9515e-02    14.4874    35.8518  1027.9542    26.7412    4.35537         23 0.0000e+00
9646 166.638089      0.990    276.982    14.5101   4.348046     2.9469    275.000 4.9037e-02    14.4687    35.8493  1027.9608    26.7433    4.35386         25 0.0000e+00
9671 166.638101      0.993    277.994    14.4794   4.344298     2.9449    276.000 4.8889e-02    14.4379    35.8426  1027.9669    26.7448    4.35333         23 0.0000e+00
9694 166.638112      0.993    279.003    14.4329   4.338748     2.9411    277.000 4.9398e-02    14.3913    35.8339  1027.9749    26.7481    4.35081         20 0.0000e+00
9714 166.638122      1.117    280.001    14.3911   4.334439     2.9371    278.000 4.9372e-02    14.3495    35.8322  1027.9872    26.7558    4.34713         23 0.0000e+00
9739 166.638134      1.072    281.019    14.3718   4.332368     2.9364    279.000 4.9870e-02    14.3301    35.8305  1027.9946    26.7587    4.34815         25 0.0000e+00
9766 166.638147      0.930    282.024    14.3659   4.331877     2.9382    280.000 4.9100e-02    14.3240    35.8310  1028.0007    26.7604    4.35261         29 0.0000e+00
9795 166.638161      0.855    283.033    14.3649   4.331831     2.9377    281.000 4.8798e-02    14.3229    35.8310  1028.0054    26.7607    4.35234         29 0.0000e+00
9824 166.638175      0.810    284.042    14.3440   4.329346     2.9369    282.000 4.9003e-02    14.3018    35.8270  1028.0114    26.7621    4.35328         30 0.0000e+00
9851 166.638188      0.874    285.050    14.3158   4.326085     2.9357    283.000 4.9788e-02    14.2735    35.8224  1028.0185    26.7647    4.35411         23 0.0000e+00
9874 166.638199      0.986    286.059    14.2921   4.323661     2.9357    284.000 4.9796e-02    14.2498    35.8214  1028.0274    26.7690    4.35663         23 0.0000e+00
9896 166.638209      1.079    287.063    14.2753   4.321525     2.9347    285.000 4.9656e-02    14.2328    35.8168  1028.0319    26.7690    4.35695         21 0.0000e+00
9919 166.638220      1.086    288.072    14.2522   4.318804     2.9335    286.000 4.9040e-02    14.2097    35.8125  1028.0381    26.7706    4.35733         24 0.0000e+00
