jupyter/NEMEA/teste_rotina/cnvs/dMCTV012baby.cnv
* Sea-Bird SBE 9 Data File:
* FileName = D:\ACEX\brutos\MCTV012.hex
* Software Version Seasave V 7.17
* Temperature SN = 4821
* Conductivity SN = 3367
* Number of Bytes Per Scan = 21
* Number of Voltage Words = 3
* Number of Scans Averaged by the Deck Unit = 1
* NMEA Latitude = e 1 = timeJ
* NMEA Longitude =  48664 166.
* NMEA UTC (Time) = Jun 06 2012 18:11:00
** H38
** NHo Cruzeiro do Sul
** 222
** MCTV ACEx
**   012
**   27 00.66S
**   046  19.71W
**   14/06/2012 18:11Z
**   662
** 9P46375-0882
**   1T Germano Filho
# nquan = 16
# nvalues = 591
# units = specified
# name 0 = scan: Scan Count
# name 1 = timeJ: Julian Days
# name 2 = dz/dtM: Descent Rate [m/s]
# name 3 = prDM: Pressure, Digiquartz [db]
# name 4 = t090C: Temperature [ITS-90, deg C]
# name 5 = c0S/m: Conductivity [S/m]
# name 6 = sbeox0V: Oxygen Voltage, SBE 43
# name 7 = depSM: Depth [salt water, m]
# name 8 = flSP: Fluorescence, Seapoint
# name 9 = potemp090C: Potential Temperature [ITS-90, deg C]
# name 10 = sal00: Salinity [PSU]
# name 11 = density00: Density [density, Kg/m^3]
# name 12 = sigma-Θ00: Density [sigma-theta, Kg/m^3]
# name 13 = sbeox0ML/L: Oxygen, SBE 43 [ml/l], WS = 2
# name 14 = nbin: number of scans per bin
# name 15 = flag: flag
# span 0 =       2706,      48664
# span 1 = 166.634742, 166.656906
# span 2 =      0.329,      1.440
# span 3 =      5.042,    599.743
# span 4 =     5.7963,    23.1837
# span 5 =   3.429936,   5.410287
# span 6 =     2.0516,     3.4843
# span 7 =      5.000,    595.000
# span 8 = 4.6294e-02, 4.8542e-01
# span 9 =     5.7440,    23.1827
# span 10 =    34.8271,    37.3068
# span 11 =  1025.4807,  1030.2709
# span 12 =    25.4592,    27.8677
# span 13 =    3.18622,    4.44098
# span 14 =         15,         72
# span 15 = 0.0000e+00, 0.0000e+00
# interval = meters: 1
# start_time = Jun 14 2012 15:12:09
# bad_flag = -9.990e-29
*END*
[from data line 470]
32983 166.649343      0.577    478.663    10.8102   3.943463     2.5721    475.000 4.8024e-02    10.7508    35.3620  1029.2386    27.1026    4.02905         43 0.0000e+00
33020 166.649361      0.616    479.676    10.7949   3.942462     2.5396    476.000 4.8013e-02    10.7355    35.3662  1029.2494    27.1087    3.96057         31 0.0000e+00
33046 166.649374      0.824    480.681    10.7851   3.941213     2.5357    477.000 4.7866e-02    10.7255    35.3627  1029.2530    27.1078    3.95360         25 0.0000e+00
33070 166.649385      0.973    481.686    10.7651   3.940078     2.5330    478.000 4.8559e-02    10.7055    35.3702  1029.2670    27.1172    3.94988         23 0.0000e+00
33100 166.649399      0.909    482.697    10.7577   3.941657     2.5108    479.000 4.7323e-02    10.6979    35.3927  1029.2904    27.1361    3.90258         34 0.0000e+00
33134 166.649416      0.746    483.703    10.7466   3.940688     2.4646    480.000 4.7694e-02    10.6868    35.3932  1029.2974    27.1385    3.80429         38 0.0000e+00
33179 166.649437      0.543    484.713    10.7169   3.939775     2.4111    481.000 4.7123e-02    10.6571    35.4122  1029.3223    27.1586    3.69114         48 0.0000e+00
33234 166.649464      0.433    485.724    10.6818   3.936654     2.3976    482.000 4.7888e-02    10.6219    35.4144  1029.3350    27.1666    3.66525         61 0.0000e+00
33298 166.649495      0.359    486.733    10.6323   3.922687     2.5352    483.000 4.7583e-02    10.5726    35.3212  1029.2765    27.1027    3.96948         58 0.0000e+00
33344 166.649517      0.539    487.742    10.6197   3.922751     2.5553    484.000 4.7938e-02    10.5599    35.3336  1029.2930    27.1146    4.01432         35 0.0000e+00
33380 166.649534      0.669    488.749    10.6143   3.922890     2.5202    485.000 4.7489e-02    10.5544    35.3397  1029.3032    27.1204    3.93927         37 0.0000e+00
33418 166.649553      0.644    489.760    10.6083   3.922563     2.5003    486.000 4.8176e-02    10.5482    35.3418  1029.3106    27.1232    3.89712         39 0.0000e+00
33458 166.649572      0.601    490.768    10.5944   3.922296     2.4837    487.000 4.7656e-02    10.5343    35.3520  1029.3256    27.1336    3.86251         43 0.0000e+00
36284 166.650935      0.595    491.772    10.5690   3.921905     2.4637    488.000 4.7652e-02    10.5088    35.3722  1029.3505    27.1538    3.82130         37 0.0000e+00
43806 166.654563      0.695    492.785    10.5528   3.923630     2.4508    489.000 4.7080e-02    10.4925    35.4048  1029.3834    27.1822    3.79422         39 0.0000e+00
43760 166.654541      0.575    493.797    10.5190   3.921792     2.4262    490.000 4.7373e-02    10.4587    35.4186  1029.4049    27.1989    3.74386         43 0.0000e+00
43797 166.654559      0.638    494.806    10.4403   3.913616     2.4254    491.000 4.7023e-02    10.3802    35.4118  1029.4188    27.2075    3.74884         33 0.0000e+00
43831 166.654575      0.718    495.814    10.3313   3.905043     2.4560    492.000 4.7553e-02    10.2714    35.4305  1029.4580    27.2411    3.82436         34 0.0000e+00
43865 166.654591      0.715    496.820    10.1987   3.894598     2.4696    493.000 4.6980e-02    10.1391    35.4530  1029.5045    27.2818    3.86485         36 0.0000e+00
43906 166.654611      0.610    497.830    10.1292   3.888146     2.4662    494.000 4.8122e-02    10.0698    35.4546  1029.5230    27.2950    3.86358         43 0.0000e+00
43947 166.654631      0.567    498.845    10.0841   3.879931     2.4528    495.000 4.7536e-02    10.0247    35.4144  1029.5046    27.2715    3.83937         33 0.0000e+00
43978 166.654646      0.721    499.845    10.0612   3.871649     2.4702    496.000 4.7494e-02    10.0018    35.3518  1029.4645    27.2265    3.88148         30 0.0000e+00
44011 166.654662      0.767    500.856    10.0440   3.870674     2.4716    497.000 4.8761e-02     9.9846    35.3582  1029.4771    27.2344    3.88620         36 0.0000e+00
44053 166.654681      0.596    501.865    10.0216   3.870434     2.4470    498.000 4.7899e-02     9.9622    35.3771  1029.5004    27.2531    3.83411         45 0.0000e+00
44096 166.654702      0.561    502.876     9.9477   3.867188     2.4320    499.000 4.7917e-02     9.8883    35.4157  1029.5483    27.2959    3.80684         41 0.0000e+00
44140 166.654723      0.553    503.884     9.8641   3.860721     2.4346    500.000 4.7959e-02     9.8049    35.4307  1029.5797    27.3219    3.81955         43 0.0000e+00
44180 166.654743      0.598    504.891     9.7781   3.852202     2.4288    501.000 4.8145e-02     9.7191    35.4271  1029.5969    27.3336    3.81418         39 0.0000e+00
44224 166.654764      0.539    505.901     9.6994   3.857866     2.4135    502.000 4.8119e-02     9.6404    35.5622  1029.7207    27.4526    3.78414         44 0.0000e+00
44269 166.654786      0.547    506.913     9.4727   3.836473     2.3960    503.000 4.8537e-02     9.4145    35.5647  1029.7675    27.4924    3.76402         46 0.0000e+00
44312 166.654807      0.540    507.924     9.3467   3.816024     2.3892    504.000 4.8131e-02     9.2888    35.4768  1029.7259    27.4445    3.76184         35 0.0000e+00
44346 166.654823      0.705    508.928     9.2889   3.799054     2.4038    505.000 4.8527e-02     9.2312    35.3573  1029.6473    27.3604    3.80244         36 0.0000e+00
44386 166.654842      0.621    509.938     9.2235   3.797387     2.4112    506.000 4.8234e-02     9.1659    35.4040  1029.6997    27.4077    3.82379         44 0.0000e+00
44443 166.654870      0.412    510.947     9.1568   3.810890     2.3659    507.000 4.8350e-02     9.0992    35.6104  1029.8768    27.5803    3.72348         57 0.0000e+00
44511 166.654902      0.356    511.960     9.0595   3.808788     2.2885    508.000 4.8417e-02     9.0021    35.6847  1029.9561    27.6542    3.55650         40 0.0000e+00
44546 166.654919      0.656    512.964     8.8367   3.773832     2.2922    509.000 4.8712e-02     8.7802    35.5403  1029.8863    27.5769    3.58585         37 0.0000e+00
44590 166.654941      0.539    513.984     8.7501   3.760876     2.3427    510.000 4.8429e-02     8.6938    35.4900  1029.8664    27.5512    3.70833         39 0.0000e+00
44616 166.654953      0.764    514.981     8.6672   3.743557     2.3426    511.000 4.8449e-02     8.6112    35.3897  1029.8066    27.4856    3.71780         25 0.0000e+00
44642 166.654966      0.944    515.994     8.6335   3.730729     2.3597    512.000 4.8368e-02     8.5776    35.2874  1029.7370    27.4107    3.76222         26 0.0000e+00
44670 166.654979      0.898    517.000     8.4442   3.720290     2.3908    513.000 4.8915e-02     8.3888    35.3652  1029.8339    27.5012    3.84725         30 0.0000e+00
44702 166.654994      0.797    518.008     8.2060   3.699979     2.4121    514.000 4.7785e-02     8.1514    35.3873  1029.8951    27.5551    3.91618         33 0.0000e+00
44742 166.655014      0.630    519.018     8.1421   3.702096     2.4062    515.000 4.7930e-02     8.0875    35.4737  1029.9777    27.6328    3.90650         53 0.0000e+00
44799 166.655042      0.386    520.032     8.1659   3.732811     2.3524    516.000 4.7950e-02     8.1109    35.7774  1030.2158    27.8677    3.77431         48 0.0000e+00
44837 166.655060      0.604    521.043     8.0936   3.681521     2.3346    517.000 4.8882e-02     8.0392    35.3015  1029.8601    27.5048    3.75166         30 0.0000e+00
44865 166.655073      0.820    522.049     8.0705   3.669037     2.3610    518.000 4.7570e-02     8.0161    35.1906  1029.7817    27.4212    3.81746         28 0.0000e+00
44892 166.655086      0.890    523.055     8.0536   3.664427     2.3933    519.000 4.7792e-02     7.9992    35.1577  1029.7633    27.3979    3.89466         28 0.0000e+00
44923 166.655101      0.813    524.065     8.0218   3.662032     2.4107    520.000 4.8198e-02     7.9674    35.1634  1029.7775    27.4072    3.93774         32 0.0000e+00
44957 166.655118      0.725    525.074     8.0035   3.659972     2.4149    521.000 4.7878e-02     7.9491    35.1592  1029.7817    27.4066    3.94980         38 0.0000e+00
44997 166.655137      0.620    526.084     7.9726   3.660548     2.3989    522.000 4.8303e-02     7.9182    35.1958  1029.8199    27.4401    3.91518         41 0.0000e+00
45037 166.655156      0.602    527.095     7.9438   3.659072     2.3796    523.000 4.8367e-02     7.8894    35.2084  1029.8389    27.4542    3.87329         36 0.0000e+00
45073 166.655173      0.665    528.100     7.9258   3.652938     2.3786    524.000 4.8195e-02     7.8714    35.1602  1029.8086    27.4190    3.87414         36 0.0000e+00
45111 166.655192      0.648    529.111     7.9039   3.650163     2.3918    525.000 4.7323e-02     7.8494    35.1518  1029.8102    27.4158    3.90747         39 0.0000e+00
45149 166.655210      0.625    530.123     7.8930   3.646869     2.3898    526.000 4.7760e-02     7.8385    35.1269  1029.7970    27.3978    3.90482         37 0.0000e+00
45180 166.655225      0.733    531.129     7.8889   3.642753     2.4065    527.000 4.8062e-02     7.8344    35.0863  1029.7704    27.3665    3.94529         25 0.0000e+00
45212 166.655240      0.790    532.136     7.8901   3.641808     2.4158    528.000 4.8086e-02     7.8354    35.0745  1029.7656    27.3571    3.96772         34 0.0000e+00
45247 166.655257      0.705    533.149     7.8899   3.641554     2.4085    529.000 4.8162e-02     7.8352    35.0714  1029.7678    27.3547    3.95144         36 0.0000e+00
45279 166.655273      0.720    534.160     7.8858   3.639960     2.4135    530.000 4.7840e-02     7.8310    35.0580  1029.7625    27.3447    3.96421         27 0.0000e+00
45305 166.655285      0.872    535.166     7.8793   3.638207     2.4301    531.000 4.8114e-02     7.8244    35.0452  1029.7580    27.3356    4.00411         25 0.0000e+00
45335 166.655300      0.862    536.168     7.8606   3.642645     2.4234    532.000 4.8527e-02     7.8056    35.1111  1029.8171    27.3902    3.98915         38 0.0000e+00
45377 166.655320      0.562    537.188     7.8419   3.653454     2.3838    533.000 4.8143e-02     7.7867    35.2456  1029.9299    27.4988    3.89613         41 0.0000e+00
45411 166.655337      0.661    538.199     7.7515   3.632793     2.3503    534.000 4.8337e-02     7.6968    35.1134  1029.8456    27.4082    3.82991         29 0.0000e+00
45436 166.655349      0.878    539.205     7.7062   3.624606     2.3452    535.000 4.7474e-02     7.6515    35.0701  1029.8234    27.3808    3.82360         22 0.0000e+00
45459 166.655360      1.035    540.207     7.6875   3.621866     2.3599    536.000 4.8426e-02     7.6328    35.0589  1029.8222    27.3747    3.86024         24 0.0000e+00
45493 166.655376      0.810    541.217     7.6416   3.624980     2.3617    537.000 4.8251e-02     7.5869    35.1381  1029.8959    27.4437    3.86691         41 0.0000e+00
45534 166.655396      0.581    542.233     7.5892   3.624400     2.3360    538.000 4.8114e-02     7.5346    35.1840  1029.9448    27.4875    3.81083         37 0.0000e+00
45567 166.655412      0.688    543.241     7.5630   3.612178     2.3201    539.000 4.8590e-02     7.5085    35.0777  1029.8702    27.4076    3.77891         28 0.0000e+00
45595 166.655425      0.831    544.249     7.5178   3.606856     2.3359    540.000 4.9160e-02     7.4634    35.0650  1029.8719    27.4042    3.82050         27 0.0000e+00
45621 166.655438      0.917    545.259     7.4648   3.601281     2.3629    541.000 4.8737e-02     7.4105    35.0574  1029.8788    27.4058    3.88915         24 0.0000e+00
45645 166.655449      0.985    546.267     7.4081   3.596467     2.3809    542.000 4.8225e-02     7.3539    35.0617  1029.8956    27.4174    3.93659         24 0.0000e+00
45672 166.655462      0.953    547.272     7.3923   3.594034     2.3916    543.000 4.8817e-02     7.3381    35.0507  1029.8940    27.4110    3.96379         33 0.0000e+00
45712 166.655482      0.624    548.285     7.3920   3.611508     2.3750    544.000 4.8059e-02     7.3376    35.2404  1030.0472    27.5604    3.92070         41 0.0000e+00
45750 166.655500      0.615    549.295     7.3732   3.592144     2.3442    545.000 4.8749e-02     7.3189    35.0484  1029.9043    27.4119    3.85551         31 0.0000e+00
45778 166.655513      0.792    550.303     7.3577   3.587204     2.3493    546.000 4.9217e-02     7.3034    35.0098  1029.8811    27.3837    3.87020         26 0.0000e+00
45805 166.655527      0.896    551.310     7.3504   3.585512     2.3656    547.000 4.8315e-02     7.2960    34.9983  1029.8777    27.3757    3.91009         31 0.0000e+00
45841 166.655544      0.713    552.323     7.3414   3.586412     2.3744    548.000 4.9108e-02     7.2869    35.0166  1029.8981    27.3915    3.93165         38 0.0000e+00
45876 166.655561      0.663    553.333     7.3369   3.584677     2.3626    549.000 4.8875e-02     7.2824    35.0018  1029.8917    27.3804    3.90514         33 0.0000e+00
45908 166.655576      0.759    554.340     7.3131   3.582633     2.3734    550.000 4.7578e-02     7.2585    35.0030  1029.9010    27.3848    3.93304         31 0.0000e+00
45943 166.655593      0.710    555.350     7.2680   3.579799     2.3848    551.000 4.8292e-02     7.2135    35.0172  1029.9236    27.4023    3.96417         34 0.0000e+00
45975 166.655608      0.728    556.362     7.1800   3.573422     2.3922    552.000 4.8313e-02     7.1258    35.0358  1029.9563    27.4294    3.98943         30 0.0000e+00
46175 166.655705      0.761    557.362     7.1436   3.571044     2.3342    553.000 4.8109e-02     7.0894    35.0461  1029.9745    27.4427    3.85622         36 0.0000e+00
46958 166.656083      0.389    558.387     7.1370   3.584324     2.0516    554.000 4.8149e-02     7.0826    35.1976  1030.0988    27.5629    3.18622         35 0.0000e+00
46900 166.656055      0.767    559.385     7.1153   3.565752     2.1224    555.000 4.8483e-02     7.0610    35.0159  1029.9643    27.4228    3.35945         27 0.0000e+00
46927 166.656068      0.916    560.397     7.0724   3.560398     2.1918    556.000 4.8616e-02     7.0183    35.0001  1029.9630    27.4164    3.52789         27 0.0000e+00
46953 166.656080      0.907    561.405     6.9869   3.553456     2.2609    557.000 4.8893e-02     6.9330    35.0100  1029.9883    27.4360    3.69881         25 0.0000e+00
46980 166.656093      0.920    562.416     6.8953   3.547699     2.3056    558.000 4.9023e-02     6.8416    35.0390  1030.0296    27.4716    3.81249         27 0.0000e+00
47005 166.656106      0.920    563.427     6.8858   3.540112     2.3376    559.000 4.8280e-02     6.8321    34.9647  1029.9773    27.4143    3.89178         24 0.0000e+00
47028 166.656117      1.013    564.432     6.8769   3.537512     2.3666    560.000 4.8064e-02     6.8232    34.9447  1029.9675    27.3997    3.96274         22 0.0000e+00
47052 166.656128      1.045    565.443     6.8527   3.536421     2.3809    561.000 4.8469e-02     6.7990    34.9567  1029.9851    27.4125    3.99906         27 0.0000e+00
