jupyter/NEMEA/teste_rotina/cnvs/dMCTV012baby.cnv
* Sea-Bird SBE 9 Data File:
* FileName = D:\ACEX\brutos\MCTV012.hex
* Software Version Seasave V 7.17
* Temperature SN = 4821
* Conductivity SN = 3367
* Number of Bytes Per Scan = 21
* Number of Voltage Words = 3
* Number of Scans Averaged by the Deck Unit = 1
* NMEA Latitude = e 1 = timeJ
* NMEA Longitude =  48664 166.
* NMEA UTC (Time) = Jun 06 2012 18:11:00
** H38
** NHo Cruzeiro do Sul
** 222
** MCTV ACEx
**   012
**   27 00.66S
**   046  19.71W
**   14/06/2012 18:11Z
**   662
** 9P46375-0882
**   1T Germano Filho
# nquan = 16
# nvalues = 591
# units = specified
# name 0 = scan: Scan Count
# name 1 = timeJ: Julian Days
# name 2 = dz/dtM: Descent Rate [m/s]
# name 3 = prDM: Pressure, Digiquartz [db]
# name 4 = t090C: Temperature [ITS-90, deg C]
# name 5 = c0S/m: Conductivity [S/m]
# name 6 = sbeox0V: Oxygen Voltage, SBE 43
# name 7 = depSM: Depth [salt water, m]
# name 8 = flSP: Fluorescence, Seapoint
# name 9 = potemp090C: Potential Temperature [ITS-90, deg C]
# name 10 = sal00: Salinity [PSU]
# name 11 = density00: Density [density, Kg/m^3]
# name 12 = sigma-Θ00: Density [sigma-theta, Kg/m^3]
# name 13 = sbeox0ML/L: Oxygen, SBE 43 [ml/l], WS = 2
# name 14 = nbin: number of scans per bin
# name 15 = flag: flag
# span 0 =       2706,      48664
# span 1 = 166.634742, 166.656906
# span 2 =      0.329,      1.440
# span 3 =      5.042,    599.743
# span 4 =     5.7963,    23.1837
# span 5 =   3.429936,   5.410287
# span 6 =     2.0516,     3.4843
# span 7 =      5.000,    595.000
# span 8 = 4.6294e-02, 4.8542e-01
# span 9 =     5.7440,    23.1827
# span 10 =    34.8271,    37.3068
# span 11 =  1025.4807,  1030.2709
# span 12 =    25.4592,    27.8677
# span 13 =    3.18622,    4.44098
# span 14 =         15,         72
# span 15 = 0.0000e+00, 0.0000e+00
# interval = meters: 1
# start_time = Jun 14 2012 15:12:09
# bad_flag = -9.990e-29
*END*
[from data line 95]
5485 166.636082      0.657    100.674    20.7912   5.120015     3.2652    100.000 1.4374e-01    20.7719    36.9690  1026.4883    26.0563    4.29344         34 0.0000e+00
5516 166.636097      0.753    101.689    20.7319   5.112500     3.2679    101.000 1.4337e-01    20.7125    36.9591  1026.5013    26.0649    4.30313         27 0.0000e+00
5543 166.636110      0.875    102.693    20.6911   5.106531     3.2683    102.000 1.3832e-01    20.6715    36.9456  1026.5066    26.0658    4.30780         27 0.0000e+00
5572 166.636124      0.868    103.694    20.6143   5.096073     3.2742    103.000 1.5215e-01    20.5946    36.9269  1026.5177    26.0725    4.32472         32 0.0000e+00
5624 166.636149      0.459    104.708    20.5253   5.085208     3.2758    104.000 1.4700e-01    20.5054    36.9154  1026.5376    26.0879    4.33502         49 0.0000e+00
5677 166.636175      0.461    105.706    20.3903   5.066319     3.2715    105.000 1.5067e-01    20.3703    36.8783  1026.5503    26.0961    4.33949         31 0.0000e+00
5702 166.636187      0.817    106.725    20.3314   5.058499     3.2706    106.000 1.5137e-01    20.3112    36.8653  1026.5607    26.1020    4.34351         21 0.0000e+00
5723 166.636197      1.057    107.724    20.2997   5.054605     3.2680    107.000 1.5163e-01    20.2794    36.8606  1026.5701    26.1071    4.34220         21 0.0000e+00
5745 166.636207      1.136    108.733    20.2708   5.050935     3.2667    108.000 1.5556e-01    20.2503    36.8554  1026.5783    26.1108    4.34288         22 0.0000e+00
5772 166.636220      0.984    109.737    20.2105   5.043052     3.2597    109.000 1.4846e-01    20.1899    36.8429  1026.5893    26.1175    4.33654         33 0.0000e+00
5807 166.636237      0.733    110.748    20.1356   5.034325     3.2553    110.000 1.5355e-01    20.1149    36.8362  1026.6088    26.1325    4.33553         34 0.0000e+00
5850 166.636258      0.546    111.753    20.1070   5.030702     3.2549    111.000 1.1817e-01    20.0861    36.8310  1026.6169    26.1362    4.33785         41 0.0000e+00
5893 166.636279      0.561    112.758    20.0628   5.025156     3.2513    112.000 1.2048e-01    20.0417    36.8237  1026.6275    26.1424    4.33598         36 0.0000e+00
5926 166.636295      0.691    113.768    20.0197   5.021366     3.2398    113.000 1.0272e-01    19.9985    36.8298  1026.6481    26.1586    4.32004         31 0.0000e+00
5955 166.636309      0.816    114.785    19.9911   5.018038     3.2282    114.000 9.0568e-02    19.9697    36.8270  1026.6582    26.1642    4.30315         26 0.0000e+00
5977 166.636320      0.942    115.784    19.9656   5.015036     3.2196    115.000 7.8060e-02    19.9440    36.8242  1026.6672    26.1689    4.29104         21 0.0000e+00
5999 166.636330      1.099    116.786    19.9335   5.011054     3.2131    116.000 7.4705e-02    19.9118    36.8190  1026.6761    26.1735    4.28324         22 0.0000e+00
6027 166.636344      0.959    117.799    19.9120   5.008328     3.2079    117.000 7.7791e-02    19.8901    36.8150  1026.6832    26.1762    4.27664         29 0.0000e+00
6056 166.636357      0.825    118.806    19.8699   5.002853     3.1992    118.000 7.4882e-02    19.8478    36.8063  1026.6922    26.1807    4.26570         27 0.0000e+00
6081 166.636370      0.915    119.813    19.7789   4.990875     3.1911    119.000 7.2864e-02    19.7568    36.7865  1026.7057    26.1897    4.25985         25 0.0000e+00
6106 166.636382      0.967    120.822    19.7233   4.983998     3.1873    120.000 6.8872e-02    19.7010    36.7779  1026.7184    26.1979    4.25836         24 0.0000e+00
6130 166.636393      0.982    121.827    19.6751   4.977497     3.1850    121.000 6.9219e-02    19.6527    36.7659  1026.7264    26.2015    4.25889         22 0.0000e+00
6155 166.636405      0.986    122.835    19.6283   4.971214     3.1835    122.000 6.5007e-02    19.6056    36.7545  1026.7344    26.2051    4.26082         25 0.0000e+00
6179 166.636417      1.000    123.840    19.5593   4.962107     3.1818    123.000 6.4755e-02    19.5365    36.7390  1026.7452    26.2115    4.26403         23 0.0000e+00
6203 166.636428      1.011    124.845    19.5204   4.957291     3.1784    124.000 6.1999e-02    19.4975    36.7328  1026.7551    26.2169    4.26191         25 0.0000e+00
6230 166.636441      0.951    125.853    19.4199   4.943645     3.1747    125.000 6.0728e-02    19.3969    36.7070  1026.7663    26.2235    4.26450         29 0.0000e+00
6262 166.636457      0.778    126.867    19.2809   4.926098     3.1691    126.000 6.1188e-02    19.2579    36.6824  1026.7884    26.2410    4.26666         32 0.0000e+00
6292 166.636471      0.757    127.865    19.2257   4.919236     3.1673    127.000 5.9543e-02    19.2025    36.6733  1026.8002    26.2484    4.26853         27 0.0000e+00
6317 166.636484      0.904    128.885    19.1934   4.914827     3.1654    128.000 5.7053e-02    19.1701    36.6644  1026.8063    26.2500    4.26861         20 0.0000e+00
6340 166.636495      1.029    129.878    19.1442   4.908634     3.1649    129.000 5.6504e-02    19.1207    36.6555  1026.8167    26.2560    4.27215         23 0.0000e+00
6366 166.636507      0.982    130.878    19.1083   4.904245     3.1588    130.000 5.4228e-02    19.0846    36.6500  1026.8262    26.2611    4.26504         29 0.0000e+00
6399 166.636523      0.788    131.900    19.0484   4.896183     3.1551    131.000 5.4716e-02    19.0246    36.6347  1026.8346    26.2649    4.26431         30 0.0000e+00
6426 166.636536      0.808    132.909    19.0129   4.892266     3.1546    132.000 5.4355e-02    18.9890    36.6327  1026.8466    26.2726    4.26671         25 0.0000e+00
6448 166.636546      0.984    133.909    19.0033   4.890755     3.1529    133.000 5.1521e-02    18.9792    36.6282  1026.8500    26.2716    4.26528         18 0.0000e+00
6467 166.636556      1.175    134.923    18.9595   4.885061     3.1511    134.000 5.1689e-02    18.9353    36.6185  1026.8584    26.2756    4.26623         18 0.0000e+00
6485 166.636564      1.293    135.921    18.9217   4.880455     3.1515    135.000 5.3137e-02    18.8973    36.6128  1026.8681    26.2809    4.27064         20 0.0000e+00
6509 166.636576      1.178    136.926    18.8963   4.877497     3.1520    136.000 5.2368e-02    18.8717    36.6100  1026.8769    26.2853    4.27411         29 0.0000e+00
6549 166.636595      0.619    137.937    18.8844   4.876112     3.1510    137.000 5.2448e-02    18.8597    36.6084  1026.8832    26.2872    4.27391         41 0.0000e+00
6590 166.636615      0.593    138.944    18.8662   4.873710     3.1482    138.000 5.2944e-02    18.8413    36.6038  1026.8888    26.2884    4.27118         37 0.0000e+00
6624 166.636631      0.673    139.951    18.8415   4.870494     3.1448    139.000 5.3317e-02    18.8165    36.5981  1026.8953    26.2904    4.26783         27 0.0000e+00
6650 166.636644      0.855    140.965    18.8210   4.867916     3.1431    140.000 5.4050e-02    18.7958    36.5942  1026.9020    26.2927    4.26708         24 0.0000e+00
6676 166.636656      0.948    141.964    18.7910   4.863902     3.1409    141.000 5.3109e-02    18.7657    36.5864  1026.9081    26.2944    4.26638         25 0.0000e+00
6698 166.636667      0.979    142.990    18.7500   4.858586     3.1385    142.000 5.1748e-02    18.7245    36.5774  1026.9163    26.2981    4.26611         16 0.0000e+00
6716 166.636676      1.187    143.975    18.7003   4.852398     3.1357    143.000 5.2169e-02    18.6746    36.5687  1026.9267    26.3041    4.26583         18 0.0000e+00
6737 166.636686      1.245    144.981    18.6427   4.844892     3.1331    144.000 5.3181e-02    18.6169    36.5558  1026.9360    26.3089    4.26658         21 0.0000e+00
6759 166.636696      1.135    145.998    18.6040   4.840377     3.1304    145.000 5.1924e-02    18.5781    36.5514  1026.9470    26.3155    4.26556         23 0.0000e+00
6780 166.636707      1.102    147.009    18.5836   4.837838     3.1289    146.000 5.2625e-02    18.5576    36.5475  1026.9536    26.3177    4.26526         20 0.0000e+00
6801 166.636717      1.143    148.018    18.5672   4.835778     3.1278    147.000 5.1704e-02    18.5410    36.5443  1026.9598    26.3194    4.26524         18 0.0000e+00
6819 166.636726      1.233    149.026    18.5586   4.834819     3.1251    148.000 5.2775e-02    18.5323    36.5433  1026.9656    26.3209    4.26176         17 0.0000e+00
6836 166.636734      1.326    150.020    18.5508   4.833791     3.1224    149.000 5.1632e-02    18.5242    36.5412  1026.9703    26.3213    4.25829         17 0.0000e+00
6853 166.636742      1.395    151.032    18.5372   4.832098     3.1233    150.000 5.4623e-02    18.5105    36.5384  1026.9761    26.3227    4.26152         15 0.0000e+00
6870 166.636750      1.437    152.042    18.5292   4.831247     3.1228    151.000 5.0937e-02    18.5023    36.5380  1026.9822    26.3244    4.26184         15 0.0000e+00
6887 166.636758      1.437    153.042    18.5053   4.827698     3.1177    152.000 5.1290e-02    18.4782    36.5287  1026.9856    26.3234    4.25562         17 0.0000e+00
6905 166.636767      1.395    154.045    18.4612   4.822519     3.1153    153.000 5.1207e-02    18.4341    36.5233  1026.9971    26.3305    4.25545         17 0.0000e+00
6925 166.636777      1.300    155.061    18.4344   4.819238     3.1160    154.000 5.2780e-02    18.4071    36.5189  1027.0050    26.3339    4.25935         23 0.0000e+00
6948 166.636788      1.146    156.070    18.4119   4.816552     3.1162    155.000 5.3095e-02    18.3845    36.5155  1027.0126    26.3370    4.26216         21 0.0000e+00
6973 166.636800      0.990    157.073    18.3991   4.815073     3.1155    156.000 5.0529e-02    18.3715    36.5140  1027.0190    26.3391    4.26249         22 0.0000e+00
6998 166.636812      0.942    158.070    18.3906   4.813941     3.1160    157.000 5.2477e-02    18.3628    36.5115  1027.0237    26.3394    4.26480         21 0.0000e+00
7025 166.636825      0.958    159.091    18.3799   4.812707     3.1138    158.000 5.2926e-02    18.3519    36.5101  1027.0298    26.3411    4.26236         32 0.0000e+00
7051 166.636837      0.880    160.118    18.3720   4.811676     3.1118    159.000 5.1392e-02    18.3438    36.5080  1027.0346    26.3415    4.26006         20 0.0000e+00
7068 166.636846      1.068    161.114    18.3603   4.810120     3.1104    160.000 5.2032e-02    18.3320    36.5047  1027.0394    26.3420    4.25910         16 0.0000e+00
7084 166.636853      1.348    162.109    18.3418   4.807632     3.1085    161.000 5.0694e-02    18.3134    36.4995  1027.0445    26.3427    4.25786         16 0.0000e+00
7102 166.636862      1.440    163.118    18.3227   4.805332     3.1060    162.000 5.0639e-02    18.2941    36.4965  1027.0515    26.3452    4.25558         19 0.0000e+00
7123 166.636872      1.309    164.125    18.2994   4.802194     3.1047    163.000 5.1201e-02    18.2706    36.4901  1027.0569    26.3462    4.25584         22 0.0000e+00
7149 166.636885      1.056    165.135    18.2509   4.796222     3.1011    164.000 5.4058e-02    18.2220    36.4819  1027.0673    26.3521    4.25404         28 0.0000e+00
7181 166.636900      0.765    166.144    18.1999   4.789773     3.0969    165.000 5.1944e-02    18.1708    36.4718  1027.0769    26.3572    4.25134         32 0.0000e+00
7213 166.636916      0.744    167.153    18.1768   4.786924     3.0958    166.000 5.2905e-02    18.1477    36.4675  1027.0839    26.3597    4.25196         30 0.0000e+00
7241 166.636929      0.828    168.162    18.1605   4.784835     3.0933    167.000 5.2212e-02    18.1312    36.4638  1027.0895    26.3610    4.24943         22 0.0000e+00
7264 166.636940      0.965    169.166    18.1492   4.783411     3.0930    168.000 5.1130e-02    18.1197    36.4613  1027.0949    26.3620    4.25035         21 0.0000e+00
7284 166.636950      1.114    170.170    18.1265   4.780108     3.0921    169.000 5.2170e-02    18.0968    36.4529  1027.0985    26.3612    4.25141         19 0.0000e+00
7304 166.636959      1.215    171.174    18.0658   4.772626     3.0887    170.000 5.2496e-02    18.0361    36.4424  1027.1102    26.3683    4.25086         19 0.0000e+00
7326 166.636970      1.150    172.182    17.9936   4.763781     3.0862    171.000 5.3157e-02    17.9637    36.4305  1027.1237    26.3773    4.25296         24 0.0000e+00
7351 166.636982      1.033    173.195    17.9185   4.754250     3.0821    172.000 5.2960e-02    17.8886    36.4151  1027.1352    26.3841    4.25242         24 0.0000e+00
7378 166.636995      0.917    174.206    17.8233   4.742727     3.0788    173.000 5.3351e-02    17.7933    36.4006  1027.1522    26.3965    4.25491         29 0.0000e+00
7408 166.637010      0.826    175.211    17.7624   4.734999     3.0746    174.000 5.2398e-02    17.7323    36.3880  1027.1622    26.4019    4.25307         28 0.0000e+00
7438 166.637024      0.812    176.217    17.6592   4.721871     3.0678    175.000 5.3915e-02    17.6291    36.3665  1027.1758    26.4109    4.25016         31 0.0000e+00
7469 166.637039      0.785    177.230    17.5841   4.712882     3.0644    176.000 5.5266e-02    17.5539    36.3555  1027.1905    26.4209    4.25073         28 0.0000e+00
7497 166.637052      0.832    178.231    17.5260   4.705325     3.0638    177.000 5.7270e-02    17.4957    36.3417  1027.1986    26.4245    4.25510         30 0.0000e+00
7523 166.637065      0.871    179.246    17.4494   4.696194     3.0568    178.000 5.7829e-02    17.4190    36.3307  1027.2135    26.4348    4.24954         22 0.0000e+00
7546 166.637076      1.005    180.252    17.3908   4.688322     3.0494    179.000 5.8183e-02    17.3603    36.3144  1027.2199    26.4366    4.24176         23 0.0000e+00
7567 166.637086      1.098    181.263    17.2834   4.675306     3.0470    180.000 5.4806e-02    17.2529    36.2971  1027.2374    26.4494    4.24679         20 0.0000e+00
7588 166.637096      1.151    182.259    17.2307   4.669391     3.0466    181.000 5.3562e-02    17.2001    36.2925  1027.2511    26.4586    4.25092         21 0.0000e+00
7610 166.637107      1.150    183.267    17.2135   4.667203     3.0454    182.000 5.2624e-02    17.1828    36.2885  1027.2566    26.4597    4.25079         23 0.0000e+00
7636 166.637120      1.001    184.279    17.1833   4.663306     3.0422    183.000 5.2190e-02    17.1524    36.2812  1027.2629    26.4614    4.24821         28 0.0000e+00
7664 166.637133      0.880    185.288    17.1188   4.655516     3.0409    184.000 5.2507e-02    17.0878    36.2708  1027.2750    26.4690    4.25182         28 0.0000e+00
7693 166.637147      0.846    186.294    17.0716   4.649863     3.0372    185.000 5.2074e-02    17.0405    36.2634  1027.2853    26.4747    4.24953         31 0.0000e+00
7722 166.637161      0.832    187.301    17.0365   4.645799     3.0360    186.000 5.1516e-02    17.0053    36.2590  1027.2948    26.4798    4.25091         27 0.0000e+00
7750 166.637175      0.845    188.306    17.0204   4.643883     3.0340    187.000 5.1946e-02    16.9891    36.2563  1027.3011    26.4816    4.24904         29 0.0000e+00
7780 166.637189      0.826    189.319    17.0053   4.642109     3.0332    188.000 5.1539e-02    16.9738    36.2539  1027.3074    26.4835    4.24941         28 0.0000e+00
7807 166.637202      0.854    190.328    16.9538   4.635342     3.0320    189.000 5.1517e-02    16.9221    36.2407  1027.3141    26.4856    4.25234         26 0.0000e+00
7830 166.637213      0.975    191.336    16.8591   4.623256     3.0274    190.000 5.1667e-02    16.8274    36.2194  1027.3251    26.4919    4.25252         22 0.0000e+00
7851 166.637223      1.090    192.337    16.7638   4.612555     3.0248    191.000 5.1605e-02    16.7320    36.2109  1027.3460    26.5081    4.25628         19 0.0000e+00
7872 166.637233      1.163    193.348    16.7210   4.607174     3.0218    192.000 5.3075e-02    16.6892    36.2017  1027.3536    26.5111    4.25503         23 0.0000e+00
