jupyter/NEMEA/teste_rotina/cnvs/dMCTV020.cnv
* Sea-Bird SBE 19plus V2 Data File:
* FileName = D:\ACEX\brutos\MCTV020.hex
* Software Version Seasave V 7.17
* Temperature SN = 6161
* Conductivity SN = 6161
* System UpLoad Time = Jun 17 2012 22:10:57
** H38 
** NHo Cruzeiro do Sul 
** 222 
** MCTV ACEx 
**   020
**   31 44.17S
**   049 30.04W
**   18/06/2012 01:10Z
**   635
** 19P51959-6161 
**   1T Germano Filho
# nquan = 14
# nvalues = 436                         
# units = specified
# name 0 = scan: Scan Count
# name 1 = timeJ: Julian Days
# name 2 = dz/dtM: Descent Rate [m/s]
# name 3 = prdM: Pressure, Strain Gauge [db]
# name 4 = tv290C: Temperature [ITS-90, deg C]
# name 5 = c0S/m: Conductivity [S/m]
# name 6 = depSM: Depth [salt water, m]
# name 7 = flSP: Fluorescence, Seapoint
# name 8 = potemp090C: Potential Temperature [ITS-90, deg C]
# name 9 = sal00: Salinity [PSU]
# name 10 = density00: Density [density, Kg/m^3]
# name 11 = sigma-é00: Density [sigma-theta, Kg/m^3]
# name 12 = nbin: number of scans per bin
# name 13 = flag: flag
# span 0 =        404,       3020       
# span 1 = 169.925438, 169.933006       
# span 2 =     -0.095,      1.865       
# span 3 =      5.179,    475.831       
# span 4 =     7.1992,    21.0461       
# span 5 =   3.527935,   5.089521       
# span 6 =      5.000,    440.000       
# span 7 = -9.780e-06, 2.8093e-04       
# span 8 =     7.1534,    21.0292       
# span 9 =    34.4752,    36.5100       
# span 10 =  1025.1984,  1029.2146      
# span 11 =    25.1669,    27.0501      
# span 12 =          2,         27      
# span 13 = 0.0000e+00, 0.0000e+00      
# interval = meters: 1                  
# start_time = Jun 17 2012 22:10:57
# bad_flag = -9.990e-29
*END*
[from data line 207]
       1901 169.929769      0.713    213.460    15.2935   4.388988    212.000 3.5645e-05    15.2606    35.5334  1027.2618    26.3256          8 0.0000e+00
       1909 169.929791      0.478    214.732    15.1875   4.374471    213.000 -3.056e-06    15.1545    35.4972  1027.2635    26.3212          5 0.0000e+00
       1912 169.929801      0.823    215.644    15.1638   4.374497    214.000 0.0000e+00    15.1307    35.5185  1027.2892    26.3430          3 0.0000e+00
       1916 169.929811      1.099    216.484    15.1432   4.373686    215.000 0.0000e+00    15.1100    35.5295  1027.3061    26.3560          4 0.0000e+00
       1919 169.929822      1.168    217.400    15.1090   4.369263    216.000 0.0000e+00    15.0757    35.5199  1027.3104    26.3562          4 0.0000e+00
       1924 169.929836      0.895    218.524    15.0465   4.361626    217.000 0.0000e+00    15.0132    35.5065  1027.3191    26.3597          6 0.0000e+00
       1930 169.929851      0.753    219.651    14.9712   4.350630    218.000 0.0000e+00    14.9378    35.4741  1027.3160    26.3513          4 0.0000e+00
       1934 169.929863      0.901    220.610    14.9171   4.344273    219.000 0.0000e+00    14.8836    35.4648  1027.3252    26.3561          4 0.0000e+00
       1937 169.929873      1.074    221.506    14.8750   4.339207    220.000 0.0000e+00    14.8415    35.4564  1027.3320    26.3588          3 0.0000e+00
       1941 169.929884      1.102    222.437    14.8334   4.334658    221.000 0.0000e+00    14.7998    35.4521  1027.3422    26.3646          5 0.0000e+00
       1946 169.929899      0.866    223.510    14.7875   4.329629    222.000 0.0000e+00    14.7539    35.4473  1027.3534    26.3710          6 0.0000e+00
       1952 169.929915      0.710    224.580    14.7492   4.324431    223.000 0.0000e+00    14.7154    35.4341  1027.3565    26.3692          5 0.0000e+00
       1958 169.929932      0.707    225.664    14.7277   4.323362    224.000 0.0000e+00    14.6938    35.4434  1027.3732    26.3811          6 0.0000e+00
       1963 169.929948      0.716    226.789    14.7137   4.322094    225.000 0.0000e+00    14.6797    35.4441  1027.3818    26.3846          4 0.0000e+00
       1967 169.929958      0.920    227.748    14.7039   4.321391    226.000 0.0000e+00    14.6697    35.4462  1027.3898    26.3884          4 0.0000e+00
       1970 169.929967      1.156    228.623    14.6937   4.320980    227.000 0.0000e+00    14.6594    35.4513  1027.3999    26.3947          2 0.0000e+00
       1972 169.929975      1.349    229.432    14.6804   4.318985    228.000 0.0000e+00    14.6460    35.4448  1027.4014    26.3925          3 0.0000e+00
       1976 169.929986      1.284    230.360    14.6598   4.316487    229.000 0.0000e+00    14.6253    35.4403  1027.4065    26.3935          5 0.0000e+00
       1983 169.930007      0.546    231.741    14.6219   4.311109    230.000 0.0000e+00    14.5873    35.4247  1027.4091    26.3898          8 0.0000e+00
       1989 169.930022      0.650    232.803    14.6084   4.310912    231.000 0.0000e+00    14.5736    35.4348  1027.4245    26.4006          4 0.0000e+00
       1992 169.930031      1.025    233.526    14.6008   4.310570    232.000 0.0000e+00    14.5659    35.4383  1027.4321    26.4049          3 0.0000e+00
       1999 169.930053      0.634    234.663    14.5725   4.307239    233.000 0.0000e+00    14.5375    35.4330  1027.4392    26.4069         12 0.0000e+00
       2010 169.930083      0.300    236.193    14.5367   4.304462    234.000 0.0000e+00    14.5015    35.4395  1027.4588    26.4197          2 0.0000e+00
       2012 169.930090      0.981    236.977    14.5260   4.303652    235.000 0.0000e+00    14.4907    35.4414  1027.4662    26.4236          3 0.0000e+00
       2014 169.930096      1.440    237.796    14.5116   4.301866    236.000 0.0000e+00    14.4762    35.4378  1027.4702    26.4239          2 0.0000e+00
       2016 169.930102      1.710    238.572    14.4953   4.299777    237.000 0.0000e+00    14.4598    35.4330  1027.4735    26.4238          2 0.0000e+00
       2018 169.930108      1.852    239.318    14.4765   4.297743    238.000 0.0000e+00    14.4410    35.4312  1027.4795    26.4263          2 0.0000e+00
       2021 169.930117      1.819    240.100    14.4498   4.293159    239.000 0.0000e+00    14.4142    35.4130  1027.4748    26.4181          4 0.0000e+00
       2036 169.930158      0.023    242.031    14.3651   4.283571    240.000 0.0000e+00    14.3293    35.4010  1027.4926    26.4271          8 0.0000e+00
       2041 169.930173      0.840    242.974    14.3515   4.282726    241.000 0.0000e+00    14.3157    35.4051  1027.5030    26.4332          3 0.0000e+00
       2043 169.930179      1.253    243.730    14.3407   4.281245    242.000 0.0000e+00    14.3047    35.4010  1027.5055    26.4323          3 0.0000e+00
       2046 169.930188      1.420    244.578    14.3281   4.279516    243.000 0.0000e+00    14.2920    35.3963  1027.5083    26.4314          3 0.0000e+00
       2050 169.930199      1.281    245.539    14.3133   4.278554    244.000 0.0000e+00    14.2771    35.4004  1027.5190    26.4378          5 0.0000e+00
       2055 169.930215      0.785    246.751    14.2884   4.275988    245.000 0.0000e+00    14.2520    35.3990  1027.5287    26.4421          6 0.0000e+00
       2060 169.930229      0.752    247.769    14.2660   4.273042    246.000 5.4745e-05    14.2295    35.3918  1027.5325    26.4413          4 0.0000e+00
       2065 169.930243      0.869    248.744    14.2475   4.272238    247.000 2.5023e-07    14.2109    35.4009  1027.5479    26.4523          5 0.0000e+00
       2070 169.930259      0.766    249.862    14.2219   4.268587    248.000 0.0000e+00    14.1853    35.3899  1027.5499    26.4493          5 0.0000e+00
       2075 169.930272      0.802    250.887    14.2022   4.267247    249.000 0.0000e+00    14.1654    35.3951  1027.5628    26.4575          4 0.0000e+00
       2078 169.930282      1.018    251.752    14.1850   4.266248    250.000 0.0000e+00    14.1481    35.4013  1027.5751    26.4659          4 0.0000e+00
       2082 169.930293      1.107    252.662    14.1589   4.262149    251.000 0.0000e+00    14.1219    35.3867  1027.5736    26.4602          4 0.0000e+00
       2088 169.930308      0.845    253.762    14.1228   4.257300    252.000 0.0000e+00    14.0857    35.3743  1027.5767    26.4584          6 0.0000e+00
       2093 169.930325      0.670    254.880    14.0953   4.254599    253.000 0.0000e+00    14.0581    35.3740  1027.5874    26.4640          5 0.0000e+00
       2098 169.930339      0.799    255.879    14.0780   4.253881    254.000 0.0000e+00    14.0406    35.3828  1027.6023    26.4744          5 0.0000e+00
       2103 169.930352      0.875    256.879    14.0539   4.251917    255.000 0.0000e+00    14.0165    35.3861  1027.6145    26.4821          4 0.0000e+00
       2107 169.930363      0.970    257.820    14.0193   4.246801    256.000 0.0000e+00    13.9818    35.3699  1027.6136    26.4769          4 0.0000e+00
       2111 169.930375      0.990    258.810    13.9727   4.241762    257.000 0.0000e+00    13.9352    35.3652  1027.6244    26.4831          5 0.0000e+00
       2116 169.930391      0.817    259.973    13.9094   4.233288    258.000 0.0000e+00    13.8718    35.3438  1027.6266    26.4799          4 0.0000e+00
       2120 169.930401      0.906    260.905    13.8653   4.227348    259.000 0.0000e+00    13.8276    35.3285  1027.6283    26.4773          4 0.0000e+00
       2123 169.930410      1.131    261.739    13.8308   4.224158    260.000 0.0000e+00    13.7931    35.3300  1027.6406    26.4857          3 0.0000e+00
       2127 169.930423      1.078    262.709    13.7886   4.218931    261.000 0.0000e+00    13.7508    35.3195  1027.6458    26.4864          6 0.0000e+00
       2134 169.930442      0.608    263.923    13.7382   4.212586    262.000 0.0000e+00    13.7004    35.3058  1027.6514    26.4864          6 0.0000e+00
       2140 169.930459      0.643    265.023    13.7145   4.211327    263.000 0.0000e+00    13.6765    35.3154  1027.6688    26.4988          5 0.0000e+00
       2144 169.930472      0.840    266.006    13.7014   4.210219    264.000 0.0000e+00    13.6633    35.3167  1027.6769    26.5025          4 0.0000e+00
       2147 169.930481      1.021    266.868    13.6889   4.209387    265.000 0.0000e+00    13.6507    35.3200  1027.6859    26.5077          4 0.0000e+00
       2151 169.930493      1.101    267.796    13.6698   4.206982    266.000 0.0000e+00    13.6315    35.3147  1027.6899    26.5075          4 0.0000e+00
       2157 169.930509      0.794    268.985    13.6380   4.202519    267.000 0.0000e+00    13.5996    35.3016  1027.6919    26.5040          6 0.0000e+00
       2162 169.930523      0.747    270.049    13.6163   4.200576    268.000 0.0000e+00    13.5777    35.3029  1027.7022    26.5096          4 0.0000e+00
       2165 169.930532      1.028    270.888    13.6025   4.200272    269.000 0.0000e+00    13.5639    35.3124  1027.7161    26.5198          3 0.0000e+00
       2169 169.930543      1.181    271.741    13.5817   4.197629    270.000 0.0000e+00    13.5430    35.3064  1027.7197    26.5194          4 0.0000e+00
       2175 169.930560      0.753    272.902    13.5427   4.191906    271.000 0.0000e+00    13.5040    35.2879  1027.7188    26.5132          8 0.0000e+00
       2182 169.930581      0.561    274.096    13.5191   4.189985    272.000 0.0000e+00    13.4802    35.2912  1027.7317    26.5207          6 0.0000e+00
       2186 169.930594      0.795    275.050    13.5123   4.189942    273.000 0.0000e+00    13.4732    35.2967  1027.7416    26.5263          4 0.0000e+00
       2190 169.930606      0.956    275.996    13.5047   4.189423    274.000 0.0000e+00    13.4655    35.2983  1027.7487    26.5292          4 0.0000e+00
       2195 169.930618      0.947    277.084    13.4921   4.188374    275.000 2.0205e-05    13.4528    35.2996  1027.7571    26.5328          4 0.0000e+00
       2198 169.930629      0.963    278.057    13.4740   4.187276    276.000 3.2079e-07    13.4346    35.3056  1027.7698    26.5412          4 0.0000e+00
       2201 169.930638      1.159    278.875    13.4522   4.184704    277.000 0.0000e+00    13.4127    35.3011  1027.7746    26.5423          2 0.0000e+00
       2204 169.930646      1.321    279.624    13.4229   4.180664    278.000 0.0000e+00    13.3834    35.2897  1027.7753    26.5394          4 0.0000e+00
       2216 169.930679      0.415    281.144    13.3408   4.169830    279.000 0.0000e+00    13.3013    35.2627  1027.7784    26.5353          7 0.0000e+00
       2223 169.930699      0.778    282.377    13.3172   4.169153    280.000 0.0000e+00    13.2775    35.2776  1027.8004    26.5517          3 0.0000e+00
       2225 169.930705      1.318    283.093    13.3102   4.168219    281.000 0.0000e+00    13.2704    35.2749  1027.8029    26.5511          2 0.0000e+00
       2227 169.930712      1.612    283.898    13.2997   4.165962    282.000 0.0000e+00    13.2599    35.2629  1027.7994    26.5439          3 0.0000e+00
       2230 169.930719      1.660    284.736    13.2890   4.164955    283.000 0.0000e+00    13.2491    35.2629  1027.8054    26.5462          3 0.0000e+00
       2234 169.930731      1.284    285.713    13.2733   4.163449    284.000 0.0000e+00    13.2333    35.2628  1027.8128    26.5493          6 0.0000e+00
       2245 169.930765      0.040    287.383    13.2411   4.159281    285.000 8.1973e-05    13.2009    35.2524  1027.8190    26.5479         10 0.0000e+00
       2250 169.930778      0.620    288.330    13.2393   4.160088    286.000 -9.780e-06    13.1989    35.2614  1027.8305    26.5552          3 0.0000e+00
       2252 169.930785      1.095    289.001    13.2357   4.159770    287.000 0.0000e+00    13.1952    35.2614  1027.8342    26.5559          3 0.0000e+00
       2256 169.930795      1.284    289.802    13.2276   4.159010    288.000 0.0000e+00    13.1871    35.2613  1027.8394    26.5575          5 0.0000e+00
       2265 169.930822      0.315    291.398    13.1965   4.155362    289.000 0.0000e+00    13.1557    35.2549  1027.8480    26.5589         10 0.0000e+00
       2270 169.930835      0.673    292.445    13.1767   4.155502    290.000 0.0000e+00    13.1359    35.2741  1027.8717    26.5779          2 0.0000e+00
       2272 169.930842      1.144    293.260    13.1556   4.152979    291.000 0.0000e+00    13.1147    35.2694  1027.8760    26.5785          3 0.0000e+00
       2274 169.930849      1.496    294.026    13.1314   4.148837    292.000 0.0000e+00    13.0904    35.2522  1027.8712    26.5701          2 0.0000e+00
       2277 169.930855      1.709    294.810    13.1044   4.142495    293.000 0.0000e+00    13.0634    35.2166  1027.8527    26.5479          2 0.0000e+00
       2280 169.930865      1.553    295.695    13.0715   4.140720    294.000 0.0000e+00    13.0304    35.2298  1027.8737    26.5649          5 0.0000e+00
       2292 169.930899      0.131    297.331    12.9893   4.131643    295.000 1.3369e-05    12.9482    35.2190  1027.8896    26.5730         14 0.0000e+00
       2298 169.930918      0.618    298.459    12.9669   4.131229    296.000 -6.145e-07    12.9257    35.2353  1027.9118    26.5903          3 0.0000e+00
       2301 169.930927      1.026    299.289    12.9490   4.129775    297.000 0.0000e+00    12.9077    35.2378  1027.9211    26.5957          3 0.0000e+00
       2304 169.930935      1.304    300.093    12.9243   4.126255    298.000 2.8093e-04    12.8830    35.2268  1027.9213    26.5922          3 0.0000e+00
       2307 169.930943      1.418    300.956    12.8928   4.120849    299.000 -4.240e-06    12.8514    35.2040  1027.9140    26.5809          3 0.0000e+00
       2312 169.930958      1.016    302.111    12.8361   4.114748    300.000 0.0000e+00    12.7947    35.1979  1027.9260    26.5875          7 0.0000e+00
       2318 169.930976      0.548    303.457    12.7645   4.106034    301.000 0.0000e+00    12.7230    35.1806  1027.9333    26.5883          4 0.0000e+00
       2321 169.930985      0.913    304.276    12.7342   4.103025    302.000 0.0000e+00    12.6927    35.1797  1027.9424    26.5936          3 0.0000e+00
       2324 169.930992      1.259    305.008    12.7073   4.099367    303.000 0.0000e+00    12.6657    35.1694  1027.9431    26.5909          3 0.0000e+00
       2327 169.931002      1.326    305.806    12.6734   4.095648    304.000 0.0000e+00    12.6318    35.1649  1027.9501    26.5942          5 0.0000e+00
       2342 169.931044      0.237    307.689    12.5746   4.085659    305.000 0.0000e+00    12.5329    35.1602  1027.9749    26.6101          5 0.0000e+00
       2345 169.931052      0.889    308.551    12.5536   4.084459    306.000 0.0000e+00    12.5119    35.1678  1027.9889    26.6201          2 0.0000e+00
       2347 169.931059      1.315    309.389    12.5283   4.081964    307.000 0.0000e+00    12.4865    35.1670  1027.9972    26.6245          3 0.0000e+00
       2349 169.931066      1.583    310.184    12.4994   4.078517    308.000 0.0000e+00    12.4576    35.1605  1028.0015    26.6251          2 0.0000e+00
       2351 169.931072      1.757    310.980    12.4656   4.073208    309.000 0.0000e+00    12.4238    35.1406  1027.9964    26.6163          2 0.0000e+00
       2354 169.931080      1.691    311.863    12.4225   4.066289    310.000 0.0000e+00    12.3806    35.1137  1027.9882    26.6038          4 0.0000e+00
       2362 169.931102      0.702    313.172    12.3394   4.057080    311.000 0.0000e+00    12.2975    35.1018  1028.0015    26.6108         13 0.0000e+00
       2372 169.931132      0.368    314.625    12.2801   4.052268    312.000 0.0000e+00    12.2382    35.1101  1028.0262    26.6288          4 0.0000e+00
       2375 169.931140      0.906    315.415    12.2705   4.050289    313.000 0.0000e+00    12.2285    35.0995  1028.0235    26.6224          3 0.0000e+00
