jupyter/NEMEA/teste_rotina/cnvs/dMCTV012baby.cnv
* Sea-Bird SBE 9 Data File:
* FileName = D:\ACEX\brutos\MCTV012.hex
* Software Version Seasave V 7.17
* Temperature SN = 4821
* Conductivity SN = 3367
* Number of Bytes Per Scan = 21
* Number of Voltage Words = 3
* Number of Scans Averaged by the Deck Unit = 1
* NMEA Latitude = e 1 = timeJ
* NMEA Longitude =  48664 166.
* NMEA UTC (Time) = Jun 06 2012 18:11:00
** H38
** NHo Cruzeiro do Sul
** 222
** MCTV ACEx
**   012
**   27 00.66S
**   046  19.71W
**   14/06/2012 18:11Z
**   662
** 9P46375-0882
**   1T Germano Filho
# nquan = 16
# nvalues = 591
# units = specified
# name 0 = scan: Scan Count
# name 1 = timeJ: Julian Days
# name 2 = dz/dtM: Descent Rate [m/s]
# name 3 = prDM: Pressure, Digiquartz [db]
# name 4 = t090C: Temperature [ITS-90, deg C]
# name 5 = c0S/m: Conductivity [S/m]
# name 6 = sbeox0V: Oxygen Voltage, SBE 43
# name 7 = depSM: Depth [salt water, m]
# name 8 = flSP: Fluorescence, Seapoint
# name 9 = potemp090C: Potential Temperature [ITS-90, deg C]
# name 10 = sal00: Salinity [PSU]
# name 11 = density00: Density [density, Kg/m^3]
# name 12 = sigma-Θ00: Density [sigma-theta, Kg/m^3]
# name 13 = sbeox0ML/L: Oxygen, SBE 43 [ml/l], WS = 2
# name 14 = nbin: number of scans per bin
# name 15 = flag: flag
# span 0 =       2706,      48664
# span 1 = 166.634742, 166.656906
# span 2 =      0.329,      1.440
# span 3 =      5.042,    599.743
# span 4 =     5.7963,    23.1837
# span 5 =   3.429936,   5.410287
# span 6 =     2.0516,     3.4843
# span 7 =      5.000,    595.000
# span 8 = 4.6294e-02, 4.8542e-01
# span 9 =     5.7440,    23.1827
# span 10 =    34.8271,    37.3068
# span 11 =  1025.4807,  1030.2709
# span 12 =    25.4592,    27.8677
# span 13 =    3.18622,    4.44098
# span 14 =         15,         72
# span 15 = 0.0000e+00, 0.0000e+00
# interval = meters: 1
# start_time = Jun 14 2012 15:12:09
# bad_flag = -9.990e-29
*END*
2706 166.634742      0.599      5.042    23.1837   5.387895     2.9232      5.000 1.4294e-01    23.1827    37.0805  1025.4807    25.4592    3.52323         18 0.0000e+00
2735 166.634756      0.729      6.037    23.1811   5.395440     2.9020      6.000 1.4515e-01    23.1799    37.1409  1025.5316    25.5059    3.48899         28 0.0000e+00
2764 166.634770      0.857      7.045    23.1729   5.398409     2.8486      7.000 1.4372e-01    23.1715    37.1706  1025.5608    25.5309    3.40462         28 0.0000e+00
2793 166.634784      0.823      8.054    23.1485   5.397913     2.8186      8.000 1.4438e-01    23.1468    37.1870  1025.5849    25.5505    3.35858         29 0.0000e+00
2820 166.634797      0.868      9.060    23.1367   5.400010     2.8414      9.000 1.4255e-01    23.1348    37.2130  1025.6124    25.5738    3.39541         24 0.0000e+00
2845 166.634809      0.952     10.064    23.1389   5.403707     2.8607     10.000 1.5251e-01    23.1369    37.2395  1025.6361    25.5933    3.42584         24 0.0000e+00
2872 166.634822      0.920     11.067    23.1378   5.404140     3.0875     11.000 1.5889e-01    23.1356    37.2434  1025.6438    25.5966    3.78623         35 0.0000e+00
2912 166.634841      0.633     12.079    23.1316   5.408546     3.3744     12.000 1.7587e-01    23.1291    37.2826  1025.6797    25.6283    4.24158         40 0.0000e+00
2949 166.634859      0.623     13.088    23.1277   5.409694     3.4423     13.000 1.5459e-01    23.1250    37.2945  1025.6942    25.6385    4.34993         33 0.0000e+00
2978 166.634873      0.788     14.095    23.1245   5.409422     3.4568     14.000 1.5747e-01    23.1215    37.2948  1025.6998    25.6397    4.37372         28 0.0000e+00
3006 166.634887      0.865     15.097    23.1228   5.409368     3.4622     15.000 1.5805e-01    23.1197    37.2954  1025.7051    25.6408    4.38300         27 0.0000e+00
3033 166.634900      0.881     16.108    23.1225   5.409442     3.4665     16.000 1.6231e-01    23.1192    37.2958  1025.7098    25.6412    4.39040         27 0.0000e+00
3058 166.634912      0.931     17.113    23.1218   5.409418     3.4711     17.000 1.7954e-01    23.1183    37.2959  1025.7144    25.6416    4.39837         24 0.0000e+00
3083 166.634924      0.960     18.116    23.1199   5.409210     3.4682     18.000 1.6412e-01    23.1162    37.2956  1025.7191    25.6419    4.39450         26 0.0000e+00
3111 166.634938      0.901     19.123    23.1177   5.408924     3.4719     19.000 1.7165e-01    23.1138    37.2948  1025.7235    25.6421    4.40120         32 0.0000e+00
3143 166.634953      0.781     20.132    23.1161   5.408758     3.4727     20.000 2.1132e-01    23.1119    37.2946  1025.7281    25.6424    4.40325         31 0.0000e+00
3177 166.634969      0.729     21.137    23.1154   5.408753     3.4733     21.000 1.8857e-01    23.1111    37.2948  1025.7328    25.6428    4.40483         36 0.0000e+00
3213 166.634986      0.673     22.146    23.1140   5.408613     3.4722     22.000 1.9225e-01    23.1094    37.2946  1025.7374    25.6431    4.40380         33 0.0000e+00
3246 166.635003      0.701     23.153    23.1129   5.408539     3.4749     23.000 1.9201e-01    23.1081    37.2945  1025.7421    25.6435    4.40869         31 0.0000e+00
3275 166.635016      0.809     24.159    23.1115   5.408389     3.4776     24.000 1.8249e-01    23.1065    37.2943  1025.7466    25.6437    4.41369         28 0.0000e+00
3301 166.635029      0.904     25.165    23.1106   5.408349     3.4789     25.000 1.8680e-01    23.1054    37.2943  1025.7513    25.6441    4.41643         24 0.0000e+00
3328 166.635042      0.906     26.170    23.1097   5.408308     3.4758     26.000 1.8520e-01    23.1043    37.2944  1025.7559    25.6445    4.41229         28 0.0000e+00
3358 166.635056      0.842     27.175    23.1084   5.408168     3.4770     27.000 2.0373e-01    23.1028    37.2941  1025.7604    25.6447    4.41489         33 0.0000e+00
3393 166.635073      0.703     28.185    23.1076   5.408098     3.4781     28.000 2.0031e-01    23.1018    37.2938  1025.7648    25.6448    4.41724         36 0.0000e+00
3430 166.635091      0.655     29.193    23.1054   5.407811     3.4758     29.000 2.2185e-01    23.0993    37.2932  1025.7693    25.6450    4.41438         33 0.0000e+00
3461 166.635106      0.737     30.195    23.1028   5.407493     3.4795     30.000 2.0140e-01    23.0965    37.2925  1025.7739    25.6454    4.42106         31 0.0000e+00
3496 166.635123      0.723     31.203    23.1028   5.407600     3.4822     31.000 2.0636e-01    23.0964    37.2930  1025.7786    25.6457    4.42597         39 0.0000e+00
3537 166.635143      0.588     32.214    23.1040   5.407867     3.4775     32.000 2.2786e-01    23.0974    37.2937  1025.7831    25.6460    4.41901         38 0.0000e+00
3571 166.635159      0.669     33.221    23.1035   5.407885     3.4792     33.000 2.1369e-01    23.0967    37.2939  1025.7878    25.6463    4.42231         31 0.0000e+00
3600 166.635173      0.809     34.227    23.1028   5.407819     3.4843     34.000 2.1214e-01    23.0957    37.2937  1025.7922    25.6464    4.43108         27 0.0000e+00
3626 166.635186      0.896     35.232    23.1029   5.407915     3.4834     35.000 2.1080e-01    23.0956    37.2939  1025.7967    25.6466    4.43016         26 0.0000e+00
3651 166.635198      0.946     36.238    23.1026   5.407928     3.4814     36.000 2.1636e-01    23.0951    37.2939  1025.8011    25.6468    4.42764         25 0.0000e+00
3679 166.635211      0.906     37.241    23.1019   5.407899     3.4818     37.000 2.1843e-01    23.0942    37.2940  1025.8057    25.6472    4.42891         32 0.0000e+00
3715 166.635229      0.705     38.251    23.1012   5.407820     3.4825     38.000 2.3432e-01    23.0933    37.2936  1025.8099    25.6471    4.43074         40 0.0000e+00
3757 166.635249      0.586     39.258    23.0989   5.407485     3.4786     39.000 2.1990e-01    23.0907    37.2926  1025.8142    25.6471    4.42526         44 0.0000e+00
3806 166.635272      0.474     40.268    23.0968   5.407237     3.4779     40.000 2.1303e-01    23.0885    37.2921  1025.8188    25.6473    4.42493         41 0.0000e+00
3836 166.635287      0.695     41.283    23.0934   5.406807     3.4807     41.000 2.1903e-01    23.0849    37.2913  1025.8236    25.6478    4.43034         23 0.0000e+00
3855 166.635296      1.007     42.281    23.0905   5.406425     3.4776     42.000 2.0912e-01    23.0818    37.2904  1025.8281    25.6480    4.42627         19 0.0000e+00
3875 166.635306      1.209     43.280    23.0860   5.405796     3.4766     43.000 2.0977e-01    23.0771    37.2890  1025.8326    25.6483    4.42564         21 0.0000e+00
3897 166.635316      1.188     44.287    23.0804   5.405018     3.4803     44.000 2.1050e-01    23.0712    37.2874  1025.8374    25.6488    4.43255         25 0.0000e+00
3925 166.635330      0.934     45.297    23.0776   5.404684     3.4763     45.000 2.1846e-01    23.0682    37.2868  1025.8421    25.6492    4.42695         32 0.0000e+00
3959 166.635346      0.732     46.304    23.0768   5.404634     3.4729     46.000 2.3697e-01    23.0673    37.2867  1025.8466    25.6495    4.42223         33 0.0000e+00
3994 166.635363      0.695     47.311    23.0774   5.404763     3.4793     47.000 2.4021e-01    23.0677    37.2868  1025.8509    25.6494    4.43304         35 0.0000e+00
4033 166.635382      0.626     48.319    23.0777   5.404837     3.4810     48.000 2.4318e-01    23.0678    37.2868  1025.8551    25.6494    4.43628         42 0.0000e+00
4073 166.635401      0.608     49.329    23.0773   5.404868     3.4792     49.000 2.4054e-01    23.0671    37.2870  1025.8598    25.6497    4.43413         34 0.0000e+00
4103 166.635416      0.738     50.335    23.0754   5.404627     3.4782     50.000 2.4073e-01    23.0650    37.2864  1025.8642    25.6499    4.43324         26 0.0000e+00
4128 166.635428      0.911     51.339    23.0737   5.404383     3.4799     51.000 2.2619e-01    23.0631    37.2856  1025.8685    25.6499    4.43676         24 0.0000e+00
4154 166.635440      0.949     52.344    23.0691   5.403817     3.4820     52.000 2.2399e-01    23.0583    37.2847  1025.8734    25.6506    4.44098         27 0.0000e+00
4182 166.635454      0.883     53.353    23.0677   5.403643     3.4813     53.000 2.3169e-01    23.0567    37.2842  1025.8778    25.6507    4.44058         28 0.0000e+00
4212 166.635468      0.830     54.358    23.0660   5.403549     3.4772     54.000 2.5065e-01    23.0548    37.2846  1025.8829    25.6515    4.43481         32 0.0000e+00
4247 166.635485      0.722     55.365    23.0676   5.403894     3.4738     55.000 2.6174e-01    23.0562    37.2856  1025.8876    25.6519    4.42983         38 0.0000e+00
4287 166.635505      0.596     56.375    23.0684   5.404061     3.4782     56.000 2.7584e-01    23.0567    37.2859  1025.8919    25.6519    4.43733         42 0.0000e+00
4325 166.635523      0.620     57.384    23.0684   5.404151     3.4784     57.000 2.7218e-01    23.0566    37.2862  1025.8965    25.6522    4.43828         32 0.0000e+00
4355 166.635537      0.768     58.392    23.0665   5.403935     3.4750     58.000 2.4971e-01    23.0544    37.2858  1025.9011    25.6525    4.43362         26 0.0000e+00
4379 166.635549      0.916     59.395    23.0652   5.403790     3.4725     59.000 2.5475e-01    23.0529    37.2854  1025.9055    25.6527    4.43027         24 0.0000e+00
4404 166.635561      1.000     60.399    23.0632   5.403481     3.4711     60.000 2.4387e-01    23.0507    37.2843  1025.9097    25.6525    4.42888         26 0.0000e+00
4432 166.635574      0.909     61.405    23.0589   5.402924     3.4710     61.000 2.5553e-01    23.0462    37.2833  1025.9145    25.6531    4.42963         31 0.0000e+00
4465 166.635590      0.764     62.414    23.0540   5.402296     3.4713     62.000 2.6275e-01    23.0411    37.2822  1025.9194    25.6537    4.43112         32 0.0000e+00
4498 166.635606      0.706     63.421    23.0525   5.402120     3.4710     63.000 2.7038e-01    23.0394    37.2818  1025.9239    25.6538    4.43131         32 0.0000e+00
4528 166.635621      0.785     64.432    23.0506   5.401892     3.4696     64.000 2.8249e-01    23.0373    37.2813  1025.9284    25.6541    4.42986         25 0.0000e+00
4552 166.635632      0.918     65.439    23.0489   5.401698     3.4691     65.000 2.5633e-01    23.0354    37.2809  1025.9329    25.6544    4.42977         23 0.0000e+00
4575 166.635643      1.032     66.441    23.0478   5.401592     3.4685     66.000 2.5703e-01    23.0341    37.2806  1025.9373    25.6545    4.42954         21 0.0000e+00
4598 166.635654      1.072     67.444    23.0454   5.401303     3.4668     67.000 2.6024e-01    23.0315    37.2800  1025.9420    25.6549    4.42763         25 0.0000e+00
4625 166.635667      0.970     68.454    23.0453   5.401362     3.4651     68.000 2.8754e-01    23.0312    37.2802  1025.9465    25.6551    4.42550         31 0.0000e+00
4659 166.635684      0.727     69.462    23.0476   5.401804     3.4644     69.000 3.2631e-01    23.0333    37.2814  1025.9510    25.6553    4.42476         37 0.0000e+00
4694 166.635701      0.681     70.476    23.0513   5.402522     3.4627     70.000 3.0844e-01    23.0368    37.2834  1025.9559    25.6558    4.42230         32 0.0000e+00
4720 166.635713      0.828     71.478    23.0553   5.403196     3.4661     71.000 2.9469e-01    23.0405    37.2849  1025.9602    25.6559    4.42806         22 0.0000e+00
4744 166.635725      0.997     72.483    23.0643   5.405145     3.4677     72.000 3.2709e-01    23.0493    37.2921  1025.9674    25.6588    4.43039         25 0.0000e+00
4768 166.635736      0.995     73.492    23.0867   5.408908     3.4656     73.000 3.4897e-01    23.0715    37.3020  1025.9727    25.6599    4.42567         22 0.0000e+00
4792 166.635748      1.024     74.497    23.0933   5.410287     3.4601     74.000 4.0665e-01    23.0779    37.3068  1025.9787    25.6616    4.41692         25 0.0000e+00
4815 166.635759      1.029     75.503    23.0811   5.408897     3.4541     75.000 4.3847e-01    23.0655    37.3059  1025.9859    25.6646    4.40884         23 0.0000e+00
4839 166.635771      1.024     76.507    23.0155   5.398000     3.4387     76.000 4.8188e-01    22.9997    37.2765  1025.9871    25.6614    4.39035         27 0.0000e+00
4871 166.635786      0.819     77.519    22.6000   5.346384     3.4170     77.000 4.7145e-01    22.5842    37.2266  1026.0744    25.7439    4.38801         34 0.0000e+00
4906 166.635803      0.687     78.528    22.2903   5.306362     3.3957     78.000 4.8542e-01    22.2745    37.1759  1026.1293    25.7942    4.37843         29 0.0000e+00
4932 166.635816      0.812     79.530    22.0409   5.276831     3.3836     79.000 3.4829e-01    22.0250    37.1558  1026.1896    25.8498    4.37845         26 0.0000e+00
4958 166.635828      0.957     80.539    21.9071   5.261304     3.3784     80.000 3.4720e-01    21.8911    37.1471  1026.2253    25.8811    4.38072         26 0.0000e+00
4985 166.635841      0.901     81.549    21.8333   5.252447     3.3752     81.000 3.4991e-01    21.8171    37.1398  1026.2450    25.8964    4.38184         29 0.0000e+00
5011 166.635853      0.908     82.556    21.7973   5.248002     3.3714     82.000 3.3543e-01    21.7809    37.1350  1026.2559    25.9030    4.37909         23 0.0000e+00
5032 166.635864      1.029     83.563    21.7670   5.244257     3.3713     83.000 3.2704e-01    21.7504    37.1309  1026.2657    25.9084    4.38192         19 0.0000e+00
5052 166.635873      1.169     84.567    21.7415   5.240655     3.3685     84.000 3.0740e-01    21.7248    37.1237  1026.2718    25.9101    4.37993         19 0.0000e+00
5072 166.635883      1.220     85.564    21.6904   5.233913     3.3625     85.000 3.0279e-01    21.6735    37.1136  1026.2828    25.9168    4.37474         20 0.0000e+00
5095 166.635894      1.126     86.579    21.6383   5.227680     3.3600     86.000 2.9106e-01    21.6212    37.1083  1026.2979    25.9275    4.37527         25 0.0000e+00
5120 166.635906      0.987     87.588    21.6191   5.225220     3.3575     87.000 3.0355e-01    21.6018    37.1049  1026.3050    25.9303    4.37334         25 0.0000e+00
5145 166.635918      0.948     88.591    21.6041   5.223524     3.3521     88.000 2.9623e-01    21.5867    37.1038  1026.3128    25.9338    4.36617         24 0.0000e+00
5169 166.635930      1.001     89.599    21.5846   5.220888     3.3488     89.000 2.9718e-01    21.5670    37.0992  1026.3191    25.9358    4.36302         23 0.0000e+00
5195 166.635942      0.987     90.609    21.5474   5.216968     3.3443     90.000 2.9730e-01    21.5296    37.0996  1026.3342    25.9465    4.35890         27 0.0000e+00
5226 166.635957      0.831     91.611    21.5493   5.217812     3.3406     91.000 2.9965e-01    21.5313    37.1044  1026.3416    25.9496    4.35318         34 0.0000e+00
5265 166.635976      0.608     92.624    21.5146   5.214726     3.3277     92.000 2.8139e-01    21.4964    37.1093  1026.3595    25.9631    4.33485         36 0.0000e+00
5294 166.635990      0.744     93.633    21.4316   5.203759     3.3112     93.000 2.5103e-01    21.4132    37.0927  1026.3745    25.9737    4.31484         25 0.0000e+00
5319 166.636002      0.943     94.634    21.3198   5.188337     3.3052     94.000 2.3643e-01    21.3014    37.0650  1026.3890    25.9837    4.31451         22 0.0000e+00
5343 166.636013      1.017     95.644    21.2153   5.174186     3.3028     95.000 2.3060e-01    21.1967    37.0412  1026.4043    25.9946    4.31957         25 0.0000e+00
5366 166.636025      1.006     96.650    21.1667   5.168127     3.3035     96.000 2.3438e-01    21.1479    37.0341  1026.4167    26.0026    4.32512         23 0.0000e+00
5391 166.636037      1.006     97.658    21.1166   5.161822     3.3025     97.000 2.1593e-01    21.0977    37.0263  1026.4290    26.0105    4.32809         27 0.0000e+00
5417 166.636049      0.951     98.662    21.0961   5.160875     3.2948     98.000 1.9466e-01    21.0770    37.0360  1026.4465    26.0237    4.31707         28 0.0000e+00
