jupyter/NEMEA/teste_rotina/cnvs/dMCTV004baby.cnv
* Sea-Bird SBE 9 Data File:
* FileName = D:\ACEX\brutos\MCTV004.hex
* Software Version Seasave V 7.17
* Temperature SN = 4821
* Conductivity SN = 3367
* Number of Bytes Per Scan = 21
* Number of Voltage Words = 3
* Number of Scans Averaged by the Deck Unit = 1
* NMEA Latitude = 25 54.906 s
* NMEA Longitude = 046 1.015 w
* NMEA UTC (Time) = Jun 06 2012 20:55:00
** H38
** NHo Cruzeiro do Sul
** 222
** MCTV ACEx
**   004
**   25 54.906 s
**   046 1.015 w
**   12/06/2012 20:55Z
**   205
** 9P46375-0882
**   Pesq. Catarina Cecilio
# nquan = 16
# nvalues = 163
# units = specified
# name 0 = scan: Scan Count
# name 1 = timeJ: Julian Days
# name 2 = dz/dtM: Descent Rate [m/s]
# name 3 = prDM: Pressure, Digiquartz [db]
# name 4 = t090C: Temperature [ITS-90, deg C]
# name 5 = c0S/m: Conductivity [S/m]
# name 6 = sbeox0V: Oxygen Voltage, SBE 43
# name 7 = depSM: Depth [salt water, m]
# name 8 = flSP: Fluorescence, Seapoint
# name 9 = potemp090C: Potential Temperature [ITS-90, deg C]
# name 10 = sal00: Salinity [PSU]
# name 11 = density00: Density [density, Kg/m^3]
# name 12 = sigma-Θ00: Density [sigma-theta, Kg/m^3]
# name 13 = sbeox0ML/L: Oxygen, SBE 43 [ml/l], WS = 2
# name 14 = nbin: number of scans per bin
# name 15 = flag: flag
# span 0 =       3150,      10125
# span 1 = 164.748370, 164.751734
# span 2 =      0.238,      1.237
# span 3 =      5.032,    168.154
# span 4 =    12.9266,    22.4699
# span 5 =   4.163487,   5.251002
# span 6 =     2.4874,     3.4779
# span 7 =      5.000,    167.000
# span 8 = 4.8303e-02, 5.0254e-02
# span 9 =    12.9034,    22.4630
# span 10 =    35.6370,    36.7490
# span 11 =  1025.1426,  1027.6514
# span 12 =    25.1210,    26.9061
# span 13 =    3.34483,    4.52425
# span 14 =         14,         57
# span 15 = 0.0000e+00, 0.0000e+00
# interval = meters: 1
# start_time = Jun 12 2012 17:55:28
# bad_flag = -9.990e-29
*END*
[from data line 95]
5966 164.749728      1.112    100.677    14.5900   4.349188     2.5700    100.000 4.8848e-02    14.5750    35.8592  1027.1711    26.7279    3.53198         21 0.0000e+00
5991 164.749740      1.003    101.682    14.5409   4.343539     2.5834    101.000 4.8537e-02    14.5258    35.8520  1027.1807    26.7330    3.56143         25 0.0000e+00
6013 164.749751      0.992    102.698    14.5029   4.339021     2.6049    102.000 4.8904e-02    14.4877    35.8449  1027.1881    26.7359    3.60536         21 0.0000e+00
6032 164.749760      1.144    103.700    14.4657   4.335101     2.6254    103.000 4.8620e-02    14.4504    35.8426  1027.1989    26.7422    3.64733         17 0.0000e+00
6054 164.749771      1.227    104.694    14.4567   4.334184     2.6423    104.000 4.8455e-02    14.4412    35.8421  1027.2048    26.7437    3.68056         28 0.0000e+00
6097 164.749791      0.600    105.709    14.4476   4.333251     2.6580    105.000 4.8769e-02    14.4320    35.8415  1027.2108    26.7452    3.71153         47 0.0000e+00
6133 164.749809      0.598    106.728    14.4390   4.332107     2.6643    106.000 4.8794e-02    14.4232    35.8384  1027.2149    26.7448    3.72479         26 0.0000e+00
6157 164.749820      0.918    107.724    14.3877   4.325971     2.6747    107.000 4.8504e-02    14.3718    35.8287  1027.2229    26.7483    3.74899         22 0.0000e+00
6189 164.749836      0.849    108.729    14.3661   4.324146     2.6897    108.000 4.8454e-02    14.3500    35.8314  1027.2342    26.7551    3.77947         44 0.0000e+00
6235 164.749858      0.457    109.748    14.3724   4.324788     2.7004    109.000 4.8445e-02    14.3561    35.8310  1027.2371    26.7535    3.79988         34 0.0000e+00
6260 164.749870      0.772    110.754    14.3528   4.322679     2.7041    110.000 4.8784e-02    14.3364    35.8292  1027.2444    26.7564    3.80895         21 0.0000e+00
6280 164.749880      1.087    111.760    14.3433   4.321566     2.7097    111.000 4.8681e-02    14.3268    35.8273  1027.2494    26.7569    3.82097         16 0.0000e+00
6300 164.749890      1.213    112.747    14.3367   4.320988     2.7150    112.000 4.8552e-02    14.3201    35.8276  1027.2554    26.7586    3.83191         25 0.0000e+00
6340 164.749909      0.749    113.767    14.3285   4.320041     2.7233    113.000 4.8596e-02    14.3117    35.8260  1027.2605    26.7592    3.84899         40 0.0000e+00
6403 164.749939      0.318    114.784    14.3181   4.318878     2.7350    114.000 4.8538e-02    14.3011    35.8244  1027.2661    26.7603    3.87266         33 0.0000e+00
6428 164.749951      0.772    115.784    14.3042   4.317229     2.7385    115.000 4.8805e-02    14.2872    35.8215  1027.2713    26.7610    3.88094         25 0.0000e+00
6453 164.749963      0.947    116.784    14.2557   4.311398     2.7461    116.000 4.8505e-02    14.2385    35.8119  1027.2788    26.7640    3.89978         26 0.0000e+00
6483 164.749978      0.845    117.798    14.2263   4.308352     2.7574    117.000 4.8535e-02    14.2090    35.8104  1027.2885    26.7692    3.92429         32 0.0000e+00
6512 164.749992      0.804    118.810    14.1918   4.303709     2.7669    118.000 4.8751e-02    14.1744    35.7988  1027.2915    26.7676    3.94592         25 0.0000e+00
6537 164.750004      0.914    119.814    14.1024   4.293686     2.7859    119.000 4.8795e-02    14.0849    35.7880  1027.3068    26.7783    3.99006         26 0.0000e+00
6563 164.750016      0.956    120.815    14.0647   4.289711     2.8109    120.000 4.8757e-02    14.0471    35.7855  1027.3174    26.7844    4.04144         29 0.0000e+00
6606 164.750037      0.609    121.826    14.0348   4.286467     2.8455    121.000 4.8578e-02    14.0171    35.7826  1027.3261    26.7886    4.11076         55 0.0000e+00
6653 164.750060      0.499    122.834    13.9902   4.281248     2.8751    122.000 4.8624e-02    13.9724    35.7749  1027.3341    26.7921    4.17204         34 0.0000e+00
6683 164.750074      0.753    123.848    13.9701   4.279141     2.8920    123.000 4.8995e-02    13.9522    35.7735  1027.3418    26.7953    4.20666         24 0.0000e+00
6706 164.750085      0.950    124.847    13.9560   4.277689     2.9037    124.000 4.8753e-02    13.9379    35.7726  1027.3486    26.7976    4.23103         25 0.0000e+00
6732 164.750098      0.977    125.851    13.9454   4.276553     2.9120    125.000 4.8920e-02    13.9272    35.7714  1027.3544    26.7989    4.24845         28 0.0000e+00
6766 164.750114      0.743    126.868    13.9307   4.274964     2.9167    126.000 4.8797e-02    13.9124    35.7697  1027.3607    26.8008    4.25937         34 0.0000e+00
6795 164.750128      0.787    127.873    13.9072   4.272208     2.9191    127.000 4.8746e-02    13.8888    35.7654  1027.3669    26.8024    4.26663         26 0.0000e+00
6819 164.750140      0.935    128.879    13.8772   4.269074     2.9240    128.000 4.8962e-02    13.8586    35.7636  1027.3763    26.8073    4.27929         21 0.0000e+00
6844 164.750152      1.016    129.876    13.8647   4.267824     2.9296    129.000 4.8844e-02    13.8460    35.7630  1027.3830    26.8096    4.29161         32 0.0000e+00
6894 164.750176      0.444    130.889    13.8481   4.265910     2.9375    130.000 4.9014e-02    13.8292    35.7602  1027.3888    26.8109    4.30892         53 0.0000e+00
6934 164.750195      0.606    131.902    13.7931   4.259815     2.9433    131.000 4.9031e-02    13.7741    35.7538  1027.4001    26.8176    4.32556         32 0.0000e+00
6966 164.750211      0.748    132.901    13.7738   4.257902     2.9446    132.000 4.8802e-02    13.7548    35.7534  1027.4082    26.8213    4.33037         30 0.0000e+00
7002 164.750228      0.691    133.911    13.7703   4.257601     2.9458    133.000 4.8906e-02    13.7511    35.7534  1027.4135    26.8220    4.33353         38 0.0000e+00
7040 164.750246      0.629    134.924    13.7637   4.256733     2.9470    134.000 4.8875e-02    13.7443    35.7510  1027.4176    26.8216    4.33715         34 0.0000e+00
7069 164.750260      0.766    135.927    13.7354   4.253609     2.9468    135.000 4.9012e-02    13.7159    35.7476  1027.4254    26.8249    4.33979         28 0.0000e+00
7095 164.750273      0.880    136.940    13.7251   4.252359     2.9427    136.000 4.8951e-02    13.7054    35.7451  1027.4301    26.8252    4.33352         22 0.0000e+00
7118 164.750284      1.008    137.936    13.6880   4.248082     2.9375    137.000 4.8787e-02    13.6683    35.7390  1027.4376    26.8282    4.32733         23 0.0000e+00
7150 164.750299      0.870    138.943    13.6749   4.246823     2.9323    138.000 4.8778e-02    13.6551    35.7389  1027.4448    26.8309    4.31903         39 0.0000e+00
7201 164.750324      0.431    139.957    13.6755   4.246925     2.9265    139.000 4.8927e-02    13.6555    35.7389  1027.4492    26.8308    4.30832         48 0.0000e+00
7234 164.750340      0.648    140.974    13.6697   4.246336     2.9244    140.000 4.8837e-02    13.6495    35.7384  1027.4546    26.8317    4.30526         23 0.0000e+00
7257 164.750351      0.948    141.964    13.6594   4.245060     2.9218    141.000 4.8888e-02    13.6392    35.7355  1027.4589    26.8316    4.30182         25 0.0000e+00
7286 164.750365      0.929    142.974    13.6332   4.241964     2.9166    142.000 4.9075e-02    13.6128    35.7304  1027.4650    26.8332    4.29461         35 0.0000e+00
7326 164.750384      0.606    143.987    13.5878   4.236988     2.9088    143.000 4.8863e-02    13.5673    35.7255  1027.4753    26.8388    4.28422         40 0.0000e+00
7372 164.750407      0.530    144.991    13.5759   4.235739     2.9067    144.000 4.8864e-02    13.5553    35.7244  1027.4813    26.8405    4.28172         52 0.0000e+00
7423 164.750431      0.453    146.005    13.5639   4.234302     2.9031    145.000 4.8641e-02    13.5432    35.7216  1027.4862    26.8408    4.27632         40 0.0000e+00
7452 164.750445      0.695    147.008    13.5217   4.229443     2.9034    146.000 4.8838e-02    13.5008    35.7148  1027.4943    26.8443    4.28132         22 0.0000e+00
7479 164.750458      0.924    148.006    13.5055   4.227812     2.9030    147.000 4.8776e-02    13.4845    35.7141  1027.5016    26.8472    4.28256         35 0.0000e+00
7522 164.750479      0.557    149.021    13.4908   4.226230     2.9031    148.000 4.8955e-02    13.4696    35.7125  1027.5079    26.8490    4.28468         43 0.0000e+00
8053 164.750735      0.369    150.027    13.4517   4.221839     2.9014    149.000 4.8803e-02    13.4305    35.7071  1027.5164    26.8530    4.28532         48 0.0000e+00
8204 164.750808      0.324    151.034    13.4115   4.217384     2.9013    150.000 4.8796e-02    13.3902    35.7022  1027.5255    26.8574    4.28924         56 0.0000e+00
8250 164.750830      0.515    152.043    13.3766   4.213542     2.9013    151.000 4.8838e-02    13.3552    35.6980  1027.5340    26.8614    4.29302         43 0.0000e+00
8299 164.750854      0.475    153.049    13.3635   4.212255     2.8999    152.000 4.8904e-02    13.3419    35.6976  1027.5409    26.8639    4.29191         40 0.0000e+00
8335 164.750871      0.646    154.057    13.3474   4.210338     2.8989    153.000 4.8734e-02    13.3257    35.6941  1027.5461    26.8645    4.29200         35 0.0000e+00
8417 164.750910      0.341    155.062    13.3303   4.208537     2.9010    154.000 4.8753e-02    13.3085    35.6926  1027.5529    26.8669    4.29832         42 0.0000e+00
8483 164.750942      0.522    156.065    13.3138   4.206638     2.9043    155.000 4.8871e-02    13.2919    35.6896  1027.5585    26.8679    4.30669         39 0.0000e+00
8562 164.750981      0.258    157.087    13.2762   4.202423     2.8976    156.000 4.8708e-02    13.2542    35.6845  1027.5669    26.8717    4.29773         33 0.0000e+00
8603 164.751000      0.602    158.083    13.2499   4.199687     2.8924    157.000 4.8833e-02    13.2278    35.6827  1027.5754    26.8757    4.29042         36 0.0000e+00
8673 164.751034      0.325    159.095    13.2454   4.199331     2.8796    158.000 4.8702e-02    13.2231    35.6831  1027.5811    26.8770    4.26616         55 0.0000e+00
8776 164.751084      0.238    160.103    13.2350   4.198156     2.8582    159.000 4.8874e-02    13.2126    35.6813  1027.5864    26.8777    4.22591         48 0.0000e+00
8851 164.751120      0.495    161.116    13.1587   4.189073     2.8494    160.000 4.8839e-02    13.1362    35.6661  1027.5949    26.8815    4.21600         30 0.0000e+00
8876 164.751132      0.830    162.110    13.1000   4.182855     2.8568    161.000 4.8840e-02    13.0775    35.6615  1027.6079    26.8899    4.23610         25 0.0000e+00
8930 164.751158      0.532    163.120    13.0598   4.178390     2.8704    162.000 4.8786e-02    13.0371    35.6563  1027.6166    26.8941    4.26714         45 0.0000e+00
9005 164.751194      0.395    164.132    13.0261   4.174565     2.8811    163.000 4.8731e-02    13.0034    35.6510  1027.6239    26.8968    4.29176         45 0.0000e+00
9065 164.751223      0.391    165.134    13.0138   4.173393     2.8871    164.000 4.8697e-02    12.9910    35.6509  1027.6309    26.8993    4.30528         52 0.0000e+00
9122 164.751251      0.434    166.147    13.0088   4.172761     2.8885    165.000 4.8771e-02    12.9858    35.6492  1027.6351    26.8989    4.30909         34 0.0000e+00
9155 164.751266      0.707    167.151    12.9813   4.169539     2.8852    166.000 4.8662e-02    12.9582    35.6439  1027.6411    26.9004    4.30574         34 0.0000e+00
10125 164.751734      0.406    168.154    12.9266   4.163487     2.8834    167.000 4.8902e-02    12.9034    35.6370  1027.6514    26.9061    4.30763         57 0.0000e+00
