jupyter/NEMEA/teste_rotina/cnvs/dMCTV004baby.cnv
* Sea-Bird SBE 9 Data File:
* FileName = D:\ACEX\brutos\MCTV004.hex
* Software Version Seasave V 7.17
* Temperature SN = 4821
* Conductivity SN = 3367
* Number of Bytes Per Scan = 21
* Number of Voltage Words = 3
* Number of Scans Averaged by the Deck Unit = 1
* NMEA Latitude = 25 54.906 s
* NMEA Longitude = 046 1.015 w
* NMEA UTC (Time) = Jun 06 2012 20:55:00
** H38
** NHo Cruzeiro do Sul
** 222
** MCTV ACEx
**   004
**   25 54.906 s
**   046 1.015 w
**   12/06/2012 20:55Z
**   205
** 9P46375-0882
**   Pesq. Catarina Cecilio
# nquan = 16
# nvalues = 163
# units = specified
# name 0 = scan: Scan Count
# name 1 = timeJ: Julian Days
# name 2 = dz/dtM: Descent Rate [m/s]
# name 3 = prDM: Pressure, Digiquartz [db]
# name 4 = t090C: Temperature [ITS-90, deg C]
# name 5 = c0S/m: Conductivity [S/m]
# name 6 = sbeox0V: Oxygen Voltage, SBE 43
# name 7 = depSM: Depth [salt water, m]
# name 8 = flSP: Fluorescence, Seapoint
# name 9 = potemp090C: Potential Temperature [ITS-90, deg C]
# name 10 = sal00: Salinity [PSU]
# name 11 = density00: Density [density, Kg/m^3]
# name 12 = sigma-Θ00: Density [sigma-theta, Kg/m^3]
# name 13 = sbeox0ML/L: Oxygen, SBE 43 [ml/l], WS = 2
# name 14 = nbin: number of scans per bin
# name 15 = flag: flag
# span 0 =       3150,      10125
# span 1 = 164.748370, 164.751734
# span 2 =      0.238,      1.237
# span 3 =      5.032,    168.154
# span 4 =    12.9266,    22.4699
# span 5 =   4.163487,   5.251002
# span 6 =     2.4874,     3.4779
# span 7 =      5.000,    167.000
# span 8 = 4.8303e-02, 5.0254e-02
# span 9 =    12.9034,    22.4630
# span 10 =    35.6370,    36.7490
# span 11 =  1025.1426,  1027.6514
# span 12 =    25.1210,    26.9061
# span 13 =    3.34483,    4.52425
# span 14 =         14,         57
# span 15 = 0.0000e+00, 0.0000e+00
# interval = meters: 1
# start_time = Jun 12 2012 17:55:28
# bad_flag = -9.990e-29
*END*
3150 164.748370      0.675      5.032    21.9009   5.131861     3.4779      5.000 4.9652e-02    21.8999    36.1512  1025.1426    25.1210    4.52425         21 0.0000e+00
3192 164.748391      0.600      6.039    21.9153   5.136033     3.4713      6.000 4.9663e-02    21.9141    36.1719  1025.1587    25.1328    4.51233         46 0.0000e+00
3236 164.748412      0.537      7.047    21.9292   5.139564     3.4764      7.000 4.9704e-02    21.9278    36.1879  1025.1712    25.1411    4.51980         41 0.0000e+00
3275 164.748431      0.621      8.052    21.9740   5.149145     3.4762      8.000 4.9896e-02    21.9724    36.2259  1025.1919    25.1574    4.51560         37 0.0000e+00
3312 164.748449      0.646      9.061    22.0042   5.155043     3.4677      9.000 4.9850e-02    22.0024    36.2469  1025.2037    25.1649    4.49949         35 0.0000e+00
3344 164.748464      0.725     10.068    22.0057   5.155479     3.4695     10.000 4.9462e-02    22.0037    36.2488  1025.2091    25.1660    4.50295         29 0.0000e+00
3371 164.748477      0.853     11.072    21.9928   5.153569     3.4735     11.000 4.9564e-02    21.9906    36.2440  1025.2135    25.1661    4.51113         27 0.0000e+00
3401 164.748492      0.843     12.075    21.9769   5.151199     3.4724     12.000 4.9877e-02    21.9745    36.2383  1025.2179    25.1663    4.51127         33 0.0000e+00
3439 164.748510      0.657     13.085    21.9682   5.151024     3.4710     13.000 4.9745e-02    21.9656    36.2439  1025.2290    25.1730    4.51019         39 0.0000e+00
3474 164.748527      0.665     14.094    21.9717   5.151550     3.4728     14.000 5.0254e-02    21.9689    36.2447  1025.2331    25.1727    4.51345         28 0.0000e+00
3502 164.748540      0.800     15.097    21.9714   5.151494     3.4694     15.000 4.9847e-02    21.9684    36.2442  1025.2371    25.1725    4.50855         29 0.0000e+00
3530 164.748554      0.870     16.103    21.9698   5.151252     3.4672     16.000 4.9603e-02    21.9666    36.2432  1025.2412    25.1722    4.50579         29 0.0000e+00
3563 164.748570      0.777     17.110    21.9742   5.152140     3.4663     17.000 4.9651e-02    21.9708    36.2462  1025.2466    25.1734    4.50446         36 0.0000e+00
3598 164.748586      0.669     18.124    21.9961   5.155902     3.4708     18.000 4.9902e-02    21.9925    36.2573  1025.2532    25.1756    4.51051         30 0.0000e+00
3624 164.748599      0.830     19.128    22.0141   5.159285     3.4725     19.000 4.9743e-02    22.0103    36.2686  1025.2611    25.1792    4.51212         23 0.0000e+00
3648 164.748610      0.996     20.132    22.0593   5.167607     3.4729     20.000 4.9912e-02    22.0553    36.2961  1025.2736    25.1875    4.50924         25 0.0000e+00
3673 164.748623      0.979     21.133    22.1627   5.184711     3.4721     21.000 4.9804e-02    22.1584    36.3442  1025.2852    25.1948    4.49927         28 0.0000e+00
3709 164.748640      0.729     22.143    22.2190   5.194457     3.4704     22.000 4.9772e-02    22.2145    36.3735  1025.2958    25.2012    4.49208         38 0.0000e+00
3743 164.748656      0.669     23.155    22.2572   5.202134     3.4730     23.000 4.9930e-02    22.2526    36.4015  1025.3107    25.2117    4.49316         27 0.0000e+00
3770 164.748669      0.847     24.154    22.2934   5.209905     3.4717     24.000 4.9731e-02    22.2885    36.4321  1025.3279    25.2247    4.48813         26 0.0000e+00
3798 164.748683      0.886     25.161    22.3322   5.217179     3.4661     25.000 4.9785e-02    22.3271    36.4564  1025.3397    25.2322    4.47603         31 0.0000e+00
3836 164.748701      0.678     26.171    22.3373   5.217954     3.4649     26.000 4.9869e-02    22.3320    36.4578  1025.3437    25.2318    4.47428         45 0.0000e+00
3875 164.748720      0.588     27.183    22.3678   5.224361     3.4627     27.000 4.9572e-02    22.3624    36.4822  1025.3579    25.2418    4.46847         28 0.0000e+00
3902 164.748733      0.805     28.186    22.3900   5.228842     3.4604     28.000 4.9639e-02    22.3843    36.4985  1025.3683    25.2479    4.46315         26 0.0000e+00
3927 164.748745      0.947     29.189    22.4183   5.234291     3.4671     29.000 4.9498e-02    22.4124    36.5172  1025.3788    25.2541    4.47193         24 0.0000e+00
3956 164.748759      0.876     30.195    22.4347   5.237757     3.4708     30.000 4.9794e-02    22.4286    36.5303  1025.3884    25.2594    4.47703         31 0.0000e+00
3984 164.748773      0.843     31.209    22.4452   5.239992     3.4719     31.000 4.9826e-02    22.4390    36.5386  1025.3961    25.2628    4.47828         26 0.0000e+00
4008 164.748784      0.941     32.209    22.4559   5.241902     3.4703     32.000 4.9456e-02    22.4494    36.5443  1025.4017    25.2641    4.47535         24 0.0000e+00
4037 164.748798      0.923     33.213    22.4690   5.244275     3.4699     33.000 4.9651e-02    22.4623    36.5516  1025.4078    25.2659    4.47414         33 0.0000e+00
4082 164.748820      0.529     34.225    22.4699   5.244927     3.4634     34.000 4.9598e-02    22.4630    36.5556  1025.4150    25.2688    4.46405         45 0.0000e+00
4118 164.748837      0.617     35.237    22.4599   5.245964     3.4514     35.000 4.9656e-02    22.4528    36.5718  1025.4345    25.2840    4.44559         27 0.0000e+00
4144 164.748850      0.874     36.237    22.4466   5.245087     3.4396     36.000 4.9421e-02    22.4393    36.5758  1025.4457    25.2909    4.42803         25 0.0000e+00
4171 164.748863      0.923     37.236    22.4279   5.251002     3.4133     37.000 4.9892e-02    22.4204    36.6376  1025.5024    25.3433    4.38593         28 0.0000e+00
4207 164.748880      0.709     38.246    22.3848   5.250777     3.3827     38.000 4.9538e-02    22.3770    36.6718  1025.5451    25.3817    4.33937         42 0.0000e+00
4247 164.748900      0.562     39.266    22.3030   5.243618     3.3505     39.000 4.9736e-02    22.2951    36.6841  1025.5822    25.4144    4.29356         29 0.0000e+00
4272 164.748911      0.835     40.256    22.1923   5.233943     3.3137     40.000 4.9741e-02    22.1843    36.7011  1025.6309    25.4588    4.24205         19 0.0000e+00
4294 164.748922      1.031     41.262    22.0584   5.221352     3.2809     41.000 4.9524e-02    22.0502    36.7147  1025.6836    25.5072    4.19861         21 0.0000e+00
4317 164.748933      1.070     42.271    21.9403   5.213070     3.2514     42.000 4.9583e-02    21.9319    36.7490  1025.7475    25.5667    4.15859         23 0.0000e+00
4342 164.748945      1.015     43.279    21.5162   5.158707     3.2223     43.000 4.9310e-02    21.5077    36.6768  1025.8161    25.6306    4.14368         26 0.0000e+00
4378 164.748962      0.748     44.290    21.0192   5.097594     3.1910     44.000 4.9023e-02    21.0107    36.6105  1025.9076    25.7175    4.12984         39 0.0000e+00
4413 164.748980      0.641     45.304    20.2939   4.999590     3.1679     45.000 4.9087e-02    20.2854    36.4373  1025.9772    25.7822    4.14866         30 0.0000e+00
4444 164.748994      0.776     46.285    19.6613   4.922417     3.1612     46.000 4.9224e-02    19.6528    36.3489  1026.0827    25.8830    4.18667         23 0.0000e+00
4479 164.749012      0.678     47.261    19.4332   4.893145     3.1622     47.000 4.9178e-02    19.4246    36.3034  1026.1119    25.9078    4.20723         36 0.0000e+00
4510 164.749027      0.747     48.321    19.1731   4.860892     3.1522     48.000 4.9320e-02    19.1644    36.2603  1026.1513    25.9424    4.21129         23 0.0000e+00
4532 164.749037      0.981     49.324    18.7662   4.815805     3.1501     49.000 4.9383e-02    18.7574    36.2369  1026.2426    26.0291    4.23997         18 0.0000e+00
4551 164.749046      1.170     50.330    18.5877   4.800166     3.1542     50.000 4.9027e-02    18.5788    36.2611  1026.3110    26.0930    4.26080         20 0.0000e+00
4571 164.749056      1.237     51.342    18.6400   4.813986     3.1671     51.000 4.9420e-02    18.6309    36.3318  1026.3563    26.1339    4.27791         14 0.0000e+00
4599 164.749069      1.004     52.297    18.7492   4.836111     3.1975     52.000 4.9054e-02    18.7399    36.4225  1026.4019    26.1756    4.32024         33 0.0000e+00
4640 164.749089      0.560     53.302    18.9108   4.863096     3.2407     53.000 4.9077e-02    18.9013    36.5073  1026.4297    26.1992    4.38066         31 0.0000e+00
4667 164.749102      0.814     54.363    18.9305   4.866513     3.2560     54.000 4.9214e-02    18.9208    36.5184  1026.4378    26.2027    4.40578         20 0.0000e+00
4687 164.749112      1.061     55.363    18.8511   4.857422     3.2604     55.000 4.9520e-02    18.8412    36.5115  1026.4573    26.2178    4.42056         20 0.0000e+00
4707 164.749121      1.194     56.368    18.8031   4.852419     3.2577     56.000 4.9322e-02    18.7930    36.5113  1026.4738    26.2299    4.42035         20 0.0000e+00
4729 164.749132      1.154     57.361    18.6880   4.836378     3.2425     57.000 4.9245e-02    18.6778    36.4770  1026.4814    26.2331    4.40474         21 0.0000e+00
4756 164.749145      0.961     58.349    18.4955   4.812445     3.2189     58.000 4.9148e-02    18.4852    36.4439  1026.5095    26.2567    4.38041         28 0.0000e+00
4784 164.749159      0.873     59.399    18.3749   4.797076     3.1939     59.000 4.9093e-02    18.3645    36.4195  1026.5260    26.2685    4.34768         24 0.0000e+00
4809 164.749171      0.932     60.395    18.2867   4.786146     3.1758     60.000 4.9322e-02    18.2761    36.4043  1026.5409    26.2791    4.32402         23 0.0000e+00
4832 164.749182      1.008     61.408    18.1588   4.767386     3.1564     61.000 4.9264e-02    18.1482    36.3570  1026.5413    26.2749    4.30207         20 0.0000e+00
4855 164.749193      1.075     62.412    17.8669   4.728394     3.1323     62.000 4.9136e-02    17.8562    36.2815  1026.5607    26.2897    4.28517         24 0.0000e+00
4885 164.749207      0.887     63.412    17.4381   4.673337     3.0924     63.000 4.9068e-02    17.4274    36.1874  1026.5986    26.3227    4.25126         32 0.0000e+00
4914 164.749221      0.788     64.432    17.1064   4.635192     3.0581     64.000 4.9133e-02    17.0956    36.1517  1026.6564    26.3756    4.21769         25 0.0000e+00
4937 164.749232      0.962     65.436    16.9030   4.612627     3.0348     65.000 4.9022e-02    16.8922    36.1363  1026.6979    26.4125    4.19295         20 0.0000e+00
4958 164.749242      1.104     66.428    16.7417   4.593832     3.0125     66.000 4.9101e-02    16.7308    36.1157  1026.7250    26.4352    4.16641         19 0.0000e+00
4985 164.749255      1.005     67.427    16.6434   4.587837     2.9981     67.000 4.8995e-02    16.6323    36.1512  1026.7801    26.4858    4.14786         32 0.0000e+00
5024 164.749274      0.639     68.451    16.6401   4.587509     2.9890     68.000 4.8898e-02    16.6289    36.1509  1026.7851    26.4863    4.13223         41 0.0000e+00
5063 164.749293      0.618     69.464    16.4741   4.568189     2.9780     69.000 4.8874e-02    16.4629    36.1296  1026.8125    26.5091    4.12636         35 0.0000e+00
5094 164.749308      0.708     70.466    16.4233   4.563120     2.9761     70.000 4.8741e-02    16.4119    36.1302  1026.8294    26.5216    4.12725         25 0.0000e+00
5118 164.749320      0.933     71.479    16.4032   4.560964     2.9720     71.000 4.8965e-02    16.3917    36.1289  1026.8376    26.5253    4.12199         21 0.0000e+00
5140 164.749330      1.067     72.481    16.3903   4.559531     2.9695     72.000 4.8759e-02    16.3785    36.1275  1026.8440    26.5273    4.11917         18 0.0000e+00
5163 164.749341      1.076     73.475    16.3733   4.557400     2.9666     73.000 4.8847e-02    16.3614    36.1235  1026.8493    26.5283    4.11586         21 0.0000e+00
5194 164.749356      0.881     74.482    16.3264   4.551452     2.9544     74.000 4.9016e-02    16.3144    36.1127  1026.8565    26.5310    4.09816         36 0.0000e+00
5231 164.749374      0.650     75.492    16.1586   4.529340     2.9132     75.000 4.8759e-02    16.1465    36.0676  1026.8655    26.5353    4.03764         33 0.0000e+00
5262 164.749389      0.732     76.505    15.9383   4.502991     2.8498     76.000 4.8648e-02    15.9262    36.0318  1026.8935    26.5586    3.93965         26 0.0000e+00
5293 164.749404      0.796     77.503    15.7841   4.485244     2.7932     77.000 4.8611e-02    15.7719    36.0124  1026.9186    26.5791    3.84816         32 0.0000e+00
5332 164.749423      0.627     78.520    15.6705   4.471935     2.7403     78.000 4.8638e-02    15.6582    35.9957  1026.9363    26.5922    3.75989         36 0.0000e+00
5362 164.749438      0.728     79.528    15.6038   4.463821     2.7083     79.000 4.8790e-02    15.5913    35.9830  1026.9462    26.5976    3.70637         23 0.0000e+00
5386 164.749449      0.937     80.538    15.5120   4.453078     2.6837     80.000 4.8738e-02    15.4995    35.9694  1026.9611    26.6079    3.66827         24 0.0000e+00
5410 164.749461      1.017     81.542    15.4214   4.442049     2.6561     81.000 4.8361e-02    15.4088    35.9520  1026.9727    26.6149    3.62427         25 0.0000e+00
5436 164.749473      0.973     82.551    15.3231   4.431425     2.6293     82.000 4.8732e-02    15.3104    35.9452  1026.9941    26.6318    3.58199         23 0.0000e+00
5460 164.749485      0.960     83.562    15.2574   4.423253     2.6030     83.000 4.8738e-02    15.2445    35.9307  1027.0022    26.6354    3.53847         24 0.0000e+00
5484 164.749496      1.021     84.565    15.1437   4.409795     2.5766     84.000 4.8382e-02    15.1308    35.9119  1027.0177    26.6463    3.49773         24 0.0000e+00
5508 164.749508      1.020     85.574    15.0458   4.399627     2.5491     85.000 4.8337e-02    15.0327    35.9086  1027.0416    26.6656    3.45358         22 0.0000e+00
5540 164.749523      0.826     86.565    15.0239   4.397468     2.5242     86.000 4.8481e-02    15.0107    35.9087  1027.0509    26.6705    3.40885         34 0.0000e+00
5583 164.749544      0.558     87.581    15.0186   4.396997     2.5047     87.000 4.8470e-02    15.0053    35.9088  1027.0566    26.6718    3.37319         43 0.0000e+00
5620 164.749561      0.622     88.604    15.0145   4.396613     2.4951     88.000 4.8479e-02    15.0010    35.9086  1027.0619    26.6726    3.35606         27 0.0000e+00
5642 164.749572      0.907     89.600    15.0097   4.396172     2.4921     89.000 4.8434e-02    14.9961    35.9086  1027.0674    26.6737    3.35123         21 0.0000e+00
5664 164.749583      1.085     90.609    15.0043   4.395597     2.4904     90.000 4.8575e-02    14.9905    35.9079  1027.0725    26.6744    3.34877         23 0.0000e+00
5687 164.749594      1.068     91.609    14.9875   4.393445     2.4874     91.000 4.8508e-02    14.9735    35.9032  1027.0771    26.6745    3.34483         22 0.0000e+00
5712 164.749606      1.000     92.620    14.8978   4.382823     2.4914     92.000 4.8448e-02    14.8838    35.8880  1027.0898    26.6826    3.35890         28 0.0000e+00
5742 164.749621      0.863     93.629    14.8137   4.374043     2.4991     93.000 4.8475e-02    14.7996    35.8845  1027.1102    26.6984    3.37939         30 0.0000e+00
5777 164.749637      0.698     94.627    14.7831   4.371378     2.5115     94.000 4.8303e-02    14.7689    35.8878  1027.1239    26.7077    3.40508         32 0.0000e+00
5810 164.749653      0.736     95.637    14.7720   4.370294     2.5257     95.000 4.8441e-02    14.7576    35.8877  1027.1308    26.7101    3.43308         30 0.0000e+00
5862 164.749678      0.455     96.627    14.7645   4.369566     2.5501     96.000 4.8491e-02    14.7500    35.8875  1027.1366    26.7116    3.47988         52 0.0000e+00
5900 164.749697      0.601     97.667    14.7059   4.362313     2.5634     97.000 4.8601e-02    14.6912    35.8744  1027.1441    26.7143    3.50975         25 0.0000e+00
5922 164.749707      0.915     98.662    14.6463   4.355573     2.5622     98.000 4.8376e-02    14.6316    35.8669  1027.1558    26.7215    3.51224         21 0.0000e+00
