jupyter/NEMEA/teste_rotina/cnvs/dMCTV020.cnv
* Sea-Bird SBE 19plus V2 Data File:
* FileName = D:\ACEX\brutos\MCTV020.hex
* Software Version Seasave V 7.17
* Temperature SN = 6161
* Conductivity SN = 6161
* System UpLoad Time = Jun 17 2012 22:10:57
** H38 
** NHo Cruzeiro do Sul 
** 222 
** MCTV ACEx 
**   020
**   31 44.17S
**   049 30.04W
**   18/06/2012 01:10Z
**   635
** 19P51959-6161 
**   1T Germano Filho
# nquan = 14
# nvalues = 436                         
# units = specified
# name 0 = scan: Scan Count
# name 1 = timeJ: Julian Days
# name 2 = dz/dtM: Descent Rate [m/s]
# name 3 = prdM: Pressure, Strain Gauge [db]
# name 4 = tv290C: Temperature [ITS-90, deg C]
# name 5 = c0S/m: Conductivity [S/m]
# name 6 = depSM: Depth [salt water, m]
# name 7 = flSP: Fluorescence, Seapoint
# name 8 = potemp090C: Potential Temperature [ITS-90, deg C]
# name 9 = sal00: Salinity [PSU]
# name 10 = density00: Density [density, Kg/m^3]
# name 11 = sigma-é00: Density [sigma-theta, Kg/m^3]
# name 12 = nbin: number of scans per bin
# name 13 = flag: flag
# span 0 =        404,       3020       
# span 1 = 169.925438, 169.933006       
# span 2 =     -0.095,      1.865       
# span 3 =      5.179,    475.831       
# span 4 =     7.1992,    21.0461       
# span 5 =   3.527935,   5.089521       
# span 6 =      5.000,    440.000       
# span 7 = -9.780e-06, 2.8093e-04       
# span 8 =     7.1534,    21.0292       
# span 9 =    34.4752,    36.5100       
# span 10 =  1025.1984,  1029.2146      
# span 11 =    25.1669,    27.0501      
# span 12 =          2,         27      
# span 13 = 0.0000e+00, 0.0000e+00      
# interval = meters: 1                  
# start_time = Jun 17 2012 22:10:57
# bad_flag = -9.990e-29
*END*
[from data line 104]
       1428 169.928399      1.326    109.640    20.9871   5.083831    109.000 0.0000e+00    20.9660    36.5034  1026.1186    25.6483          3 0.0000e+00
       1431 169.928409      1.360    110.522    20.9391   5.079387    110.000 0.0000e+00    20.9178    36.5082  1026.1394    25.6652          3 0.0000e+00
       1436 169.928422      1.037    111.527    20.8261   5.058374    111.000 0.0000e+00    20.8047    36.4345  1026.1186    25.6399          7 0.0000e+00
       1445 169.928449      0.373    112.882    20.6531   5.033862    112.000 0.0000e+00    20.6316    36.3834  1026.1329    25.6479          9 0.0000e+00
       1452 169.928468      0.568    114.075    20.5727   5.026944    113.000 0.0000e+00    20.5511    36.3956  1026.1692    25.6790          5 0.0000e+00
       1455 169.928478      0.880    115.031    20.5174   5.022312    114.000 0.0000e+00    20.4956    36.4051  1026.1956    25.7012          3 0.0000e+00
       1458 169.928486      1.184    115.875    20.4592   5.014935    115.000 0.0000e+00    20.4373    36.3946  1026.2071    25.7090          2 0.0000e+00
       1460 169.928493      1.448    116.696    20.3869   5.006581    116.000 0.0000e+00    20.3649    36.3883  1026.2254    25.7236          3 0.0000e+00
       1463 169.928501      1.552    117.550    20.2864   4.993750    117.000 0.0000e+00    20.2643    36.3696  1026.2420    25.7363          3 0.0000e+00
       1467 169.928512      1.326    118.519    20.0966   4.964875    118.000 0.0000e+00    20.0745    36.2956  1026.2407    25.7306          5 0.0000e+00
       1474 169.928532      0.599    119.797    19.7954   4.909185    119.000 0.0000e+00    19.7733    36.0961  1026.1745    25.6580          7 0.0000e+00
       1480 169.928550      0.628    120.814    19.7161   4.910759    120.000 0.0000e+00    19.6938    36.1770  1026.2616    25.7408          7 0.0000e+00
       1487 169.928572      0.524    122.065    19.6858   4.910227    121.000 0.0000e+00    19.6633    36.1983  1026.2913    25.7650          6 0.0000e+00
       1491 169.928583      0.769    123.020    19.6795   4.911085    122.000 0.0000e+00    19.6568    36.2105  1026.3065    25.7761          3 0.0000e+00
       1494 169.928592      1.108    123.847    19.6683   4.911764    123.000 0.0000e+00    19.6455    36.2255  1026.3244    25.7905          3 0.0000e+00
       1498 169.928602      1.264    124.772    19.6385   4.911919    124.000 0.0000e+00    19.6156    36.2523  1026.3568    25.8188          4 0.0000e+00
       1502 169.928613      1.100    125.837    19.5532   4.908460    125.000 0.0000e+00    19.5301    36.2972  1026.4182    25.8755          4 0.0000e+00
       1506 169.928625      0.979    126.877    19.3842   4.877670    126.000 0.0000e+00    19.3611    36.1873  1026.3832    25.8356          4 0.0000e+00
       1509 169.928635      1.071    127.746    19.2226   4.846672    127.000 0.0000e+00    19.1995    36.0685  1026.3385    25.7867          3 0.0000e+00
       1513 169.928646      1.140    128.559    19.0745   4.837496    128.000 0.0000e+00    19.0514    36.1200  1026.4199    25.8643          5 0.0000e+00
       1526 169.928683      0.114    130.199    18.7364   4.787399    129.000 0.0000e+00    18.7132    35.9928  1026.4171    25.8537         11 0.0000e+00
       1531 169.928697      0.764    131.256    18.7230   4.796084    130.000 0.0000e+00    18.6997    36.0771  1026.4894    25.9215          2 0.0000e+00
       1533 169.928704      1.257    132.066    18.6884   4.790515    131.000 0.0000e+00    18.6650    36.0599  1026.4887    25.9171          3 0.0000e+00
       1535 169.928710      1.566    132.850    18.6508   4.787424    132.000 0.0000e+00    18.6272    36.0664  1026.5067    25.9317          2 0.0000e+00
       1537 169.928716      1.757    133.615    18.6077   4.782184    133.000 0.0000e+00    18.5841    36.0594  1026.5157    25.9372          2 0.0000e+00
       1540 169.928723      1.806    134.369    18.5517   4.773766    134.000 0.0000e+00    18.5280    36.0369  1026.5161    25.9342          3 0.0000e+00
       1552 169.928758      0.094    136.124    18.3765   4.747924    135.000 0.0000e+00    18.3526    35.9703  1026.5173    25.9275         15 0.0000e+00
       1558 169.928776      0.695    137.167    18.3743   4.752983    136.000 0.0000e+00    18.3502    36.0148  1026.5565    25.9621          3 0.0000e+00
       1561 169.928785      1.085    137.979    18.3641   4.751583    137.000 0.0000e+00    18.3399    36.0115  1026.5601    25.9622          3 0.0000e+00
       1564 169.928794      1.295    138.820    18.3503   4.750103    138.000 0.0000e+00    18.3261    36.0106  1026.5666    25.9650          3 0.0000e+00
       1568 169.928806      1.158    139.847    18.3292   4.746821    139.000 0.0000e+00    18.3048    36.0008  1026.5689    25.9628          5 0.0000e+00
       1574 169.928821      0.791    141.021    18.3083   4.744027    140.000 0.0000e+00    18.2836    35.9949  1026.5748    25.9636          5 0.0000e+00
       1578 169.928834      0.825    142.076    18.3012   4.744158    141.000 0.0000e+00    18.2764    36.0018  1026.5865    25.9707          4 0.0000e+00
       1582 169.928844      1.010    142.976    18.2995   4.744507    142.000 0.0000e+00    18.2746    36.0060  1026.5940    25.9744          4 0.0000e+00
       1585 169.928854      1.139    143.874    18.2971   4.744534    143.000 0.0000e+00    18.2720    36.0080  1026.6001    25.9765          3 0.0000e+00
       1589 169.928867      1.059    144.823    18.2924   4.744446    144.000 0.0000e+00    18.2672    36.0110  1026.6077    25.9801          5 0.0000e+00
       1596 169.928886      0.671    146.005    18.2840   4.743838    145.000 0.0000e+00    18.2585    36.0127  1026.6164    25.9836          9 0.0000e+00
       1603 169.928905      0.528    147.248    18.2804   4.744437    146.000 0.0000e+00    18.2547    36.0205  1026.6287    25.9905          4 0.0000e+00
       1607 169.928917      0.860    148.156    18.2766   4.744865    147.000 0.0000e+00    18.2508    36.0271  1026.6387    25.9965          3 0.0000e+00
       1609 169.928925      1.165    148.936    18.2678   4.745012    148.000 0.0000e+00    18.2418    36.0358  1026.6509    26.0054          3 0.0000e+00
       1613 169.928934      1.267    149.789    18.2435   4.742562    149.000 0.0000e+00    18.2174    36.0360  1026.6609    26.0116          5 0.0000e+00
       1620 169.928955      0.600    151.146    18.1755   4.730393    150.000 0.0000e+00    18.1492    35.9914  1026.6499    25.9945          8 0.0000e+00
       1626 169.928972      0.554    152.327    18.1374   4.726822    151.000 0.0000e+00    18.1109    35.9940  1026.6666    26.0060          3 0.0000e+00
       1628 169.928980      1.033    153.118    18.1274   4.725547    152.000 0.0000e+00    18.1008    35.9915  1026.6707    26.0067          3 0.0000e+00
       1631 169.928988      1.324    153.924    18.1188   4.726109    153.000 0.0000e+00    18.0922    36.0035  1026.6856    26.0181          3 0.0000e+00
       1635 169.928998      1.320    154.813    18.1046   4.726026    154.000 0.0000e+00    18.0778    36.0150  1026.7018    26.0304          5 0.0000e+00
       1641 169.929017      0.702    156.065    18.0638   4.719645    155.000 0.0000e+00    18.0368    35.9958  1026.7029    26.0259          8 0.0000e+00
       1648 169.929036      0.550    157.255    18.0305   4.716856    156.000 0.0000e+00    18.0034    36.0008  1026.7202    26.0380          4 0.0000e+00
       1652 169.929048      0.867    158.186    18.0111   4.715250    157.000 0.0000e+00    17.9838    36.0038  1026.7314    26.0452          4 0.0000e+00
       1655 169.929058      1.045    159.087    17.9863   4.713019    158.000 0.0000e+00    17.9589    36.0062  1026.7434    26.0532          4 0.0000e+00
       1659 169.929068      1.124    159.996    17.9491   4.709669    159.000 0.0000e+00    17.9215    36.0099  1026.7596    26.0653          4 0.0000e+00
       1664 169.929082      0.977    161.022    17.8728   4.700243    160.000 0.0000e+00    17.8451    35.9959  1026.7724    26.0735          5 0.0000e+00
       1670 169.929099      0.695    162.232    17.7500   4.679382    161.000 0.0000e+00    17.7222    35.9243  1026.7534    26.0488          6 0.0000e+00
       1674 169.929112      0.780    163.281    17.6732   4.672894    162.000 0.0000e+00    17.6454    35.9358  1026.7858    26.0765          3 0.0000e+00
       1677 169.929121      1.036    164.154    17.6212   4.666349    163.000 0.0000e+00    17.5933    35.9249  1026.7941    26.0809          3 0.0000e+00
       1680 169.929130      1.257    164.955    17.5732   4.660848    164.000 0.0000e+00    17.5452    35.9195  1026.8053    26.0885          3 0.0000e+00
       1686 169.929146      0.907    166.007    17.4877   4.648038    165.000 0.0000e+00    17.4596    35.8839  1026.8037    26.0820         11 0.0000e+00
       1696 169.929176      0.145    167.652    17.3923   4.638720    166.000 0.0000e+00    17.3640    35.8870  1026.8368    26.1076          5 0.0000e+00
       1699 169.929183      0.792    168.411    17.3846   4.639773    167.000 0.0000e+00    17.3562    35.9026  1026.8539    26.1216          3 0.0000e+00
       1701 169.929191      1.245    169.211    17.3641   4.638373    168.000 0.0000e+00    17.3356    35.9084  1026.8668    26.1310          2 0.0000e+00
       1704 169.929198      1.512    170.039    17.3342   4.633402    169.000 0.0000e+00    17.3056    35.8913  1026.8647    26.1251          3 0.0000e+00
       1707 169.929207      1.506    170.940    17.2890   4.628126    170.000 0.0000e+00    17.2603    35.8853  1026.8751    26.1314          3 0.0000e+00
       1711 169.929220      1.117    172.008    17.2007   4.616204    171.000 0.0000e+00    17.1719    35.8594  1026.8815    26.1329          6 0.0000e+00
       1717 169.929237      0.703    173.160    17.0732   4.597485    172.000 0.0000e+00    17.0444    35.8090  1026.8788    26.1248          6 0.0000e+00
       1724 169.929256      0.598    174.346    16.9732   4.584941    173.000 0.0000e+00    16.9444    35.7876  1026.8919    26.1323          6 0.0000e+00
       1729 169.929271      0.711    175.436    16.9375   4.583970    174.000 0.0000e+00    16.9085    35.8105  1026.9227    26.1584          4 0.0000e+00
       1732 169.929280      0.993    176.304    16.9187   4.583055    175.000 0.0000e+00    16.8896    35.8189  1026.9375    26.1694          3 0.0000e+00
       1735 169.929288      1.257    177.096    16.8947   4.580463    176.000 0.0000e+00    16.8654    35.8173  1026.9456    26.1739          3 0.0000e+00
       1738 169.929298      1.337    177.946    16.8543   4.576789    177.000 0.0000e+00    16.8250    35.8207  1026.9616    26.1862          4 0.0000e+00
       1746 169.929320      0.545    179.341    16.7323   4.556545    178.000 0.0000e+00    16.7029    35.7510  1026.9436    26.1615         10 0.0000e+00
       1753 169.929339      0.489    180.644    16.6632   4.552393    179.000 0.0000e+00    16.6336    35.7756  1026.9847    26.1968          3 0.0000e+00
       1755 169.929346      1.017    181.375    16.6386   4.551095    180.000 0.0000e+00    16.6089    35.7859  1027.0017    26.2105          3 0.0000e+00
       1757 169.929353      1.406    182.081    16.6043   4.546985    181.000 0.0000e+00    16.5746    35.7800  1027.0085    26.2141          2 0.0000e+00
       1760 169.929360      1.639    182.797    16.5574   4.538609    182.000 0.0000e+00    16.5276    35.7477  1026.9980    26.2003          3 0.0000e+00
       1771 169.929391      0.174    184.506    16.3876   4.514550    183.000 0.0000e+00    16.3577    35.6862  1026.9985    26.1928         10 0.0000e+00
       1776 169.929406      0.716    185.477    16.3448   4.511989    184.000 0.0000e+00    16.3149    35.7012  1027.0244    26.2143          3 0.0000e+00
       1778 169.929413      1.257    186.213    16.3218   4.510560    185.000 0.0000e+00    16.2917    35.7089  1027.0390    26.2256          3 0.0000e+00
       1782 169.929423      1.272    187.148    16.2781   4.505976    186.000 0.0000e+00    16.2480    35.7070  1027.0518    26.2343          5 0.0000e+00
       1787 169.929440      0.798    188.378    16.2005   4.492407    187.000 0.0000e+00    16.1702    35.6555  1027.0359    26.2127          5 0.0000e+00
       1792 169.929452      0.794    189.367    16.1528   4.488083    188.000 0.0000e+00    16.1225    35.6593  1027.0544    26.2267          4 0.0000e+00
       1795 169.929463      1.034    190.223    16.1199   4.486980    189.000 0.0000e+00    16.0894    35.6787  1027.0808    26.2493          4 0.0000e+00
       1800 169.929476      0.974    191.189    16.0554   4.479069    190.000 0.0000e+00    16.0249    35.6657  1027.0901    26.2541          6 0.0000e+00
       1808 169.929498      0.476    192.554    15.9415   4.460436    191.000 0.0000e+00    15.9110    35.6009  1027.0729    26.2305          7 0.0000e+00
       1812 169.929511      0.726    193.534    15.9098   4.461088    192.000 0.0000e+00    15.8791    35.6349  1027.1107    26.2639          3 0.0000e+00
       1815 169.929520      1.078    194.374    15.8841   4.459821    193.000 2.5727e-05    15.8533    35.6464  1027.1291    26.2786          3 0.0000e+00
       1818 169.929528      1.305    195.165    15.8480   4.456925    194.000 7.4057e-07    15.8171    35.6526  1027.1458    26.2917          3 0.0000e+00
       1823 169.929542      1.072    196.219    15.7570   4.441464    195.000 0.0000e+00    15.7261    35.5954  1027.1275    26.2684          7 0.0000e+00
       1830 169.929562      0.454    197.592    15.6411   4.424886    196.000 0.0000e+00    15.6101    35.5503  1027.1255    26.2600          5 0.0000e+00
       1833 169.929573      0.816    198.431    15.6227   4.426383    197.000 0.0000e+00    15.5916    35.5800  1027.1562    26.2870          4 0.0000e+00
       1837 169.929583      1.081    199.277    15.6012   4.424145    198.000 0.0000e+00    15.5700    35.5789  1027.1641    26.2911          4 0.0000e+00
       1842 169.929599      0.870    200.396    15.5696   4.419491    199.000 0.0000e+00    15.5384    35.5650  1027.1655    26.2875          6 0.0000e+00
       1848 169.929615      0.652    201.545    15.5513   4.417651    200.000 0.0000e+00    15.5198    35.5645  1027.1744    26.2913          4 0.0000e+00
       1852 169.929626      0.927    202.427    15.5516   4.419006    201.000 0.0000e+00    15.5200    35.5761  1027.1872    26.3002          4 0.0000e+00
       1856 169.929637      1.055    203.390    15.5523   4.419211    202.000 0.0000e+00    15.5205    35.5769  1027.1919    26.3008          4 0.0000e+00
       1860 169.929650      0.955    204.414    15.5526   4.419671    203.000 0.0000e+00    15.5207    35.5803  1027.1990    26.3033          5 0.0000e+00
       1864 169.929661      0.957    205.350    15.5525   4.419838    204.000 0.0000e+00    15.5204    35.5816  1027.2041    26.3044          4 0.0000e+00
       1869 169.929676      0.900    206.340    15.5509   4.420442    205.000 0.0000e+00    15.5188    35.5880  1027.2138    26.3097          6 0.0000e+00
       1876 169.929697      0.495    207.667    15.5417   4.420249    206.000 0.0000e+00    15.5093    35.5941  1027.2264    26.3165          6 0.0000e+00
       1881 169.929710      0.748    208.642    15.5303   4.419227    207.000 0.0000e+00    15.4978    35.5948  1027.2338    26.3196          4 0.0000e+00
       1884 169.929718      1.070    209.494    15.5176   4.418322    208.000 0.0000e+00    15.4850    35.5977  1027.2427    26.3248          3 0.0000e+00
       1887 169.929728      1.251    210.393    15.4977   4.416801    209.000 0.0000e+00    15.4650    35.6017  1027.2542    26.3323          3 0.0000e+00
       1891 169.929739      1.189    211.361    15.4621   4.412715    210.000 0.0000e+00    15.4293    35.5965  1027.2627    26.3364          4 0.0000e+00
