jupyter/NEMEA/teste_rotina/cnvs/dMCTV020.cnv
* Sea-Bird SBE 19plus V2 Data File:
* FileName = D:\ACEX\brutos\MCTV020.hex
* Software Version Seasave V 7.17
* Temperature SN = 6161
* Conductivity SN = 6161
* System UpLoad Time = Jun 17 2012 22:10:57
** H38 
** NHo Cruzeiro do Sul 
** 222 
** MCTV ACEx 
**   020
**   31 44.17S
**   049 30.04W
**   18/06/2012 01:10Z
**   635
** 19P51959-6161 
**   1T Germano Filho
# nquan = 14
# nvalues = 436                         
# units = specified
# name 0 = scan: Scan Count
# name 1 = timeJ: Julian Days
# name 2 = dz/dtM: Descent Rate [m/s]
# name 3 = prdM: Pressure, Strain Gauge [db]
# name 4 = tv290C: Temperature [ITS-90, deg C]
# name 5 = c0S/m: Conductivity [S/m]
# name 6 = depSM: Depth [salt water, m]
# name 7 = flSP: Fluorescence, Seapoint
# name 8 = potemp090C: Potential Temperature [ITS-90, deg C]
# name 9 = sal00: Salinity [PSU]
# name 10 = density00: Density [density, Kg/m^3]
# name 11 = sigma-é00: Density [sigma-theta, Kg/m^3]
# name 12 = nbin: number of scans per bin
# name 13 = flag: flag
# span 0 =        404,       3020       
# span 1 = 169.925438, 169.933006       
# span 2 =     -0.095,      1.865       
# span 3 =      5.179,    475.831       
# span 4 =     7.1992,    21.0461       
# span 5 =   3.527935,   5.089521       
# span 6 =      5.000,    440.000       
# span 7 = -9.780e-06, 2.8093e-04       
# span 8 =     7.1534,    21.0292       
# span 9 =    34.4752,    36.5100       
# span 10 =  1025.1984,  1029.2146      
# span 11 =    25.1669,    27.0501      
# span 12 =          2,         27      
# span 13 = 0.0000e+00, 0.0000e+00      
# interval = meters: 1                  
# start_time = Jun 17 2012 22:10:57
# bad_flag = -9.990e-29
*END*
[from data line 413]
       2893 169.932638      0.726    421.173     8.3938   3.640749    418.000 0.0000e+00     8.3496    34.6170  1028.8253    26.9202          8 0.0000e+00
       2899 169.932656      0.532    422.401     8.3196   3.633039    419.000 0.0000e+00     8.2755    34.6074  1028.8354    26.9239          4 0.0000e+00
       2902 169.932666      0.934    423.185     8.2664   3.628417    420.000 0.0000e+00     8.2223    34.6102  1028.8497    26.9342          3 0.0000e+00
       2905 169.932675      1.201    423.960     8.2076   3.617861    421.000 0.0000e+00     8.1637    34.5552  1028.8196    26.8999          4 0.0000e+00
       2914 169.932699      0.539    425.211     8.1400   3.613063    422.000 0.0000e+00     8.0961    34.5700  1028.8476    26.9217         14 0.0000e+00
       2923 169.932725      0.467    426.553     8.0777   3.606510    423.000 0.0000e+00     8.0339    34.5607  1028.8564    26.9237          3 0.0000e+00
       2926 169.932733      1.006    427.342     8.0491   3.604259    424.000 0.0000e+00     8.0053    34.5643  1028.8673    26.9309          2 0.0000e+00
       2928 169.932741      1.385    428.107     8.0262   3.601021    425.000 0.0000e+00     7.9824    34.5519  1028.8647    26.9245          3 0.0000e+00
       2931 169.932750      1.452    428.971     8.0032   3.598976    426.000 0.0000e+00     7.9594    34.5522  1028.8725    26.9282          4 0.0000e+00
       2937 169.932767      0.872    430.174     7.9709   3.597088    427.000 0.0000e+00     7.9271    34.5633  1028.8917    26.9417          8 0.0000e+00
       2943 169.932785      0.585    431.352     7.9239   3.595332    428.000 0.0000e+00     7.8801    34.5902  1028.9256    26.9699          4 0.0000e+00
       2947 169.932796      0.882    432.200     7.8643   3.585674    429.000 0.0000e+00     7.8206    34.5451  1028.9034    26.9432          4 0.0000e+00
       2952 169.932811      0.883    433.145     7.7911   3.576762    430.000 0.0000e+00     7.7476    34.5211  1028.9004    26.9350          7 0.0000e+00
       2961 169.932835      0.414    434.498     7.7073   3.569969    431.000 0.0000e+00     7.6639    34.5301  1028.9266    26.9543          7 0.0000e+00
       2965 169.932848      0.697    435.474     7.6708   3.566812    432.000 0.0000e+00     7.6274    34.5317  1028.9380    26.9609          4 0.0000e+00
       2968 169.932857      1.062    436.282     7.6404   3.564959    433.000 0.0000e+00     7.5970    34.5414  1028.9540    26.9730          2 0.0000e+00
       2971 169.932866      1.292    437.080     7.6005   3.561045    434.000 0.0000e+00     7.5572    34.5382  1028.9612    26.9762          4 0.0000e+00
       2977 169.932883      0.871    438.194     7.4959   3.547675    435.000 0.0000e+00     7.4528    34.4967  1028.9498    26.9585          9 0.0000e+00
       2985 169.932906      0.404    439.511     7.3770   3.535088    436.000 0.0000e+00     7.3342    34.4775  1028.9588    26.9603          5 0.0000e+00
       2990 169.932918      0.797    440.361     7.3440   3.532037    437.000 0.0000e+00     7.3012    34.4767  1028.9671    26.9644          4 0.0000e+00
       2993 169.932929      1.010    441.203     7.3205   3.529800    438.000 0.0000e+00     7.2777    34.4752  1028.9733    26.9665          4 0.0000e+00
       3000 169.932948      0.709    442.278     7.2987   3.528270    439.000 0.0000e+00     7.2559    34.4798  1028.9850    26.9732         10 0.0000e+00
       3020 169.933006      0.072    475.831     7.1992   3.527935    440.000 0.0000e+00     7.1534    34.5592  1029.2146    27.0501         27 0.0000e+00
