jupyter/NEMEA/teste_rotina/cnvs/dMCTV020.cnv
* Sea-Bird SBE 19plus V2 Data File:
* FileName = D:\ACEX\brutos\MCTV020.hex
* Software Version Seasave V 7.17
* Temperature SN = 6161
* Conductivity SN = 6161
* System UpLoad Time = Jun 17 2012 22:10:57
** H38 
** NHo Cruzeiro do Sul 
** 222 
** MCTV ACEx 
**   020
**   31 44.17S
**   049 30.04W
**   18/06/2012 01:10Z
**   635
** 19P51959-6161 
**   1T Germano Filho
# nquan = 14
# nvalues = 436                         
# units = specified
# name 0 = scan: Scan Count
# name 1 = timeJ: Julian Days
# name 2 = dz/dtM: Descent Rate [m/s]
# name 3 = prdM: Pressure, Strain Gauge [db]
# name 4 = tv290C: Temperature [ITS-90, deg C]
# name 5 = c0S/m: Conductivity [S/m]
# name 6 = depSM: Depth [salt water, m]
# name 7 = flSP: Fluorescence, Seapoint
# name 8 = potemp090C: Potential Temperature [ITS-90, deg C]
# name 9 = sal00: Salinity [PSU]
# name 10 = density00: Density [density, Kg/m^3]
# name 11 = sigma-é00: Density [sigma-theta, Kg/m^3]
# name 12 = nbin: number of scans per bin
# name 13 = flag: flag
# span 0 =        404,       3020       
# span 1 = 169.925438, 169.933006       
# span 2 =     -0.095,      1.865       
# span 3 =      5.179,    475.831       
# span 4 =     7.1992,    21.0461       
# span 5 =   3.527935,   5.089521       
# span 6 =      5.000,    440.000       
# span 7 = -9.780e-06, 2.8093e-04       
# span 8 =     7.1534,    21.0292       
# span 9 =    34.4752,    36.5100       
# span 10 =  1025.1984,  1029.2146      
# span 11 =    25.1669,    27.0501      
# span 12 =          2,         27      
# span 13 = 0.0000e+00, 0.0000e+00      
# interval = meters: 1                  
# start_time = Jun 17 2012 22:10:57
# bad_flag = -9.990e-29
*END*
        404 169.925438      0.198      5.179    20.2399   4.893094      5.000 0.0000e+00    20.2390    35.6262  1025.1984    25.1760          7 0.0000e+00
        411 169.925457      0.540      6.026    20.2389   4.893028      6.000 0.0000e+00    20.2377    35.6262  1025.2024    25.1764          5 0.0000e+00
        427 169.925505      0.376      7.064    20.2368   4.892744      7.000 0.0000e+00    20.2355    35.6253  1025.2067    25.1763         10 0.0000e+00
        439 169.925538      0.649      8.024    20.2369   4.892894      8.000 0.0000e+00    20.2354    35.6261  1025.2115    25.1769          6 0.0000e+00
        447 169.925561      0.549      8.995    20.2396   4.892742      9.000 0.0000e+00    20.2380    35.6222  1025.2120    25.1732          9 0.0000e+00
        461 169.925601      0.235     10.106    20.2490   4.894664     10.000 0.0000e+00    20.2471    35.6296  1025.2200    25.1764          8 0.0000e+00
        477 169.925649      0.208     11.225    20.2631   4.896809     11.000 0.0000e+00    20.2610    35.6348  1025.2251    25.1767          9 0.0000e+00
        490 169.925687      0.468     12.272    20.2735   4.900023     12.000 0.0000e+00    20.2712    35.6519  1025.2399    25.1870          2 0.0000e+00
        492 169.925692      1.145     12.776    20.2705   4.898287     13.000 0.0000e+00    20.2681    35.6401  1025.2340    25.1789          3 0.0000e+00
        508 169.925738      1.065     13.802    20.2715   4.896554     14.000 0.0000e+00    20.2689    35.6247  1025.2264    25.1669          5 0.0000e+00
        524 169.925785      0.570     15.006    20.3072   4.905899     15.000 0.0000e+00    20.3044    35.6705  1025.2570    25.1923          9 0.0000e+00
        536 169.925819      0.549     16.041    20.3247   4.907702     16.000 0.0000e+00    20.3217    35.6700  1025.2564    25.1873          8 0.0000e+00
        548 169.925854      0.284     17.167    20.3434   4.911174     17.000 0.0000e+00    20.3402    35.6821  1025.2656    25.1917         12 0.0000e+00
        556 169.925878      0.493     18.037    20.3764   4.917367     18.000 0.0000e+00    20.3731    35.7044  1025.2776    25.1999          9 0.0000e+00
        573 169.925925      0.207     19.291    20.4410   4.931140     19.000 0.0000e+00    20.4374    35.7617  1025.3094    25.2263          9 0.0000e+00
        579 169.925943      0.574     20.184    20.4444   4.931796     20.000 0.0000e+00    20.4406    35.7638  1025.3140    25.2270          5 0.0000e+00
        587 169.925966      0.612     21.032    20.4438   4.931352     21.000 0.0000e+00    20.4399    35.7604  1025.3152    25.2246          7 0.0000e+00
        603 169.926012      0.449     22.171    20.4386   4.929514     22.000 0.0000e+00    20.4344    35.7495  1025.3132    25.2178          6 0.0000e+00
        612 169.926039      0.407     23.206    20.4449   4.930920     23.000 0.0000e+00    20.4405    35.7552  1025.3204    25.2205         12 0.0000e+00
        619 169.926060      0.539     24.147    20.4564   4.934639     24.000 0.0000e+00    20.4518    35.7755  1025.3369    25.2329          4 0.0000e+00
        635 169.926105      0.517     25.192    20.4661   4.935987     25.000 0.0000e+00    20.4613    35.7779  1025.3407    25.2322          7 0.0000e+00
        644 169.926132      0.928     26.125    20.4702   4.937268     26.000 0.0000e+00    20.4652    35.7845  1025.3487    25.2362          4 0.0000e+00
        653 169.926159      0.702     27.089    20.4727   4.937529     27.000 0.0000e+00    20.4676    35.7841  1025.3519    25.2353         10 0.0000e+00
        674 169.926217      0.267     28.485    20.4768   4.937968     28.000 0.0000e+00    20.4714    35.7837  1025.3566    25.2339          4 0.0000e+00
        676 169.926223      0.861     29.104    20.4782   4.938978     29.000 0.0000e+00    20.4727    35.7906  1025.3641    25.2388          4 0.0000e+00
        685 169.926249      0.674     30.036    20.4793   4.939038     30.000 0.0000e+00    20.4737    35.7897  1025.3672    25.2379          8 0.0000e+00
        701 169.926296      0.369     31.254    20.4791   4.938918     31.000 0.0000e+00    20.4732    35.7885  1025.3717    25.2371         12 0.0000e+00
        710 169.926323      0.436     32.326    20.4784   4.938880     32.000 0.0000e+00    20.4723    35.7884  1025.3765    25.2373          5 0.0000e+00
        715 169.926337      0.767     33.098    20.4788   4.939390     33.000 0.0000e+00    20.4725    35.7920  1025.3824    25.2399          5 0.0000e+00
        726 169.926368      0.334     34.224    20.4796   4.939789     34.000 0.0000e+00    20.4732    35.7941  1025.3888    25.2414         15 0.0000e+00
        736 169.926399      0.415     35.214    20.4986   4.942032     35.000 0.0000e+00    20.4919    35.7960  1025.3894    25.2378         11 0.0000e+00
        751 169.926440      0.145     36.552    20.5835   4.951007     36.000 0.0000e+00    20.5766    35.7967  1025.3728    25.2156          5 0.0000e+00
        753 169.926448      0.773     37.179    20.6598   4.971652     37.000 0.0000e+00    20.6527    35.8996  1025.4334    25.2734          4 0.0000e+00
        761 169.926471      0.576     38.154    20.7988   5.004398     38.000 0.0000e+00    20.7915    36.0470  1025.5121    25.3481         10 0.0000e+00
        772 169.926502      0.486     39.178    20.8892   5.018444     39.000 0.0000e+00    20.8817    36.0837  1025.5199    25.3515          6 0.0000e+00
        788 169.926548      0.211     40.565    20.9205   5.024788     40.000 0.0000e+00    20.9128    36.1079  1025.5358    25.3615          5 0.0000e+00
        791 169.926557      0.858     41.222    20.9173   5.024328     41.000 0.0000e+00    20.9094    36.1067  1025.5385    25.3615          3 0.0000e+00
        804 169.926594      0.637     42.266    20.9145   5.023806     42.000 0.0000e+00    20.9064    36.1044  1025.5422    25.3606          9 0.0000e+00
        816 169.926629      0.837     43.337    20.9123   5.024319     43.000 0.0000e+00    20.9040    36.1101  1025.5518    25.3655          3 0.0000e+00
        820 169.926640      1.058     44.118    20.9084   5.024038     44.000 0.0000e+00    20.9000    36.1108  1025.5568    25.3672          5 0.0000e+00
        833 169.926679      0.418     45.318    20.8919   5.021544     45.000 0.0000e+00    20.8832    36.1043  1025.5615    25.3668          9 0.0000e+00
        844 169.926710      0.688     46.287    20.8796   5.019190     46.000 0.0000e+00    20.8707    36.0953  1025.5623    25.3633          4 0.0000e+00
        854 169.926739      0.499     47.327    20.8756   5.019891     47.000 0.0000e+00    20.8666    36.1040  1025.5745    25.3711         10 0.0000e+00
        868 169.926779      0.352     48.619    20.8760   5.020338     48.000 0.0000e+00    20.8667    36.1068  1025.5821    25.3732          3 0.0000e+00
        870 169.926786      0.954     49.251    20.8771   5.020620     49.000 0.0000e+00    20.8676    36.1079  1025.5854    25.3738          3 0.0000e+00
        883 169.926823      0.613     50.303    20.8805   5.021232     50.000 0.0000e+00    20.8708    36.1096  1025.5904    25.3742         10 0.0000e+00
        898 169.926865      0.683     51.456    20.8850   5.021652     51.000 0.0000e+00    20.8752    36.1087  1025.5934    25.3724          4 0.0000e+00
        901 169.926874      1.022     52.158    20.8889   5.022902     52.000 0.0000e+00    20.8790    36.1153  1025.6004    25.3763          4 0.0000e+00
        912 169.926906      0.392     53.323    20.8966   5.025153     53.000 0.0000e+00    20.8864    36.1265  1025.6120    25.3829         11 0.0000e+00
        922 169.926935      0.559     54.366    20.8888   5.024254     54.000 0.0000e+00    20.8784    36.1255  1025.6178    25.3842          7 0.0000e+00
        929 169.926957      0.549     55.319    20.8816   5.023027     55.000 0.0000e+00    20.8710    36.1213  1025.6208    25.3831          8 0.0000e+00
        939 169.926986      0.376     56.427    20.8812   5.028959     56.000 0.0000e+00    20.8704    36.1693  1025.6622    25.4198         10 0.0000e+00
        946 169.927006      0.570     57.301    20.8542   5.024548     57.000 0.0000e+00    20.8432    36.1563  1025.6635    25.4173          6 0.0000e+00
        963 169.927056      0.186     58.634    20.8230   5.020239     58.000 0.0000e+00    20.8118    36.1474  1025.6711    25.4191          8 0.0000e+00
        968 169.927070      0.764     59.410    20.8367   5.025632     59.000 0.0000e+00    20.8254    36.1791  1025.6948    25.4396          3 0.0000e+00
        972 169.927081      1.114     60.149    20.8450   5.027390     60.000 0.0000e+00    20.8335    36.1860  1025.7010    25.4426          4 0.0000e+00
        985 169.927118      0.415     61.337    20.8549   5.028835     61.000 0.0000e+00    20.8432    36.1889  1025.7057    25.4422         12 0.0000e+00
       1000 169.927161      0.288     62.594    20.8540   5.029250     62.000 0.0000e+00    20.8420    36.1926  1025.7142    25.4453         10 0.0000e+00
       1005 169.927176      0.642     63.485    20.8449   5.027906     63.000 0.0000e+00    20.8328    36.1891  1025.7179    25.4451          4 0.0000e+00
       1009 169.927188      0.902     64.223    20.8369   5.026528     64.000 0.0000e+00    20.8246    36.1845  1025.7198    25.4439          5 0.0000e+00
       1026 169.927237      0.628     65.402    20.8247   5.024968     65.000 0.0000e+00    20.8121    36.1818  1025.7262    25.4452          5 0.0000e+00
       1035 169.927262      1.048     66.259    20.8224   5.024829     66.000 0.0000e+00    20.8097    36.1824  1025.7310    25.4463          4 0.0000e+00
       1045 169.927291      0.397     67.427    20.8206   5.025325     67.000 0.0000e+00    20.8077    36.1875  1025.7404    25.4508         13 0.0000e+00
       1054 169.927317      0.607     68.332    20.8203   5.025470     68.000 0.0000e+00    20.8073    36.1885  1025.7453    25.4517          6 0.0000e+00
       1073 169.927372      0.284     69.676    20.8233   5.025502     69.000 0.0000e+00    20.8100    36.1858  1025.7482    25.4489          6 0.0000e+00
       1078 169.927386      0.783     70.493    20.8304   5.026361     70.000 0.0000e+00    20.8169    36.1864  1025.7503    25.4474          4 0.0000e+00
       1082 169.927398      0.977     71.303    20.8438   5.033622     71.000 0.0000e+00    20.8302    36.2335  1025.7860    25.4797          4 0.0000e+00
       1098 169.927444      0.727     72.407    20.8647   5.038695     72.000 0.0000e+00    20.8509    36.2564  1025.8025    25.4915          6 0.0000e+00
       1107 169.927470      1.233     73.185    20.8730   5.038970     73.000 0.0000e+00    20.8590    36.2512  1025.7997    25.4854          3 0.0000e+00
       1122 169.927514      0.826     74.388    20.8922   5.044241     74.000 0.0000e+00    20.8779    36.2771  1025.8194    25.4999          5 0.0000e+00
       1130 169.927538      1.124     75.288    20.9009   5.046076     75.000 0.0000e+00    20.8865    36.2841  1025.8263    25.5030          4 0.0000e+00
       1145 169.927581      0.545     76.590    20.9194   5.048637     76.000 0.0000e+00    20.9047    36.2887  1025.8303    25.5014          7 0.0000e+00
       1153 169.927605      0.893     77.579    20.9397   5.052116     77.000 0.0000e+00    20.9247    36.2991  1025.8370    25.5040          3 0.0000e+00
       1157 169.927615      1.271     78.303    20.9581   5.056053     78.000 0.0000e+00    20.9430    36.3150  1025.8472    25.5110          3 0.0000e+00
       1168 169.927649      0.647     79.508    20.9994   5.066429     79.000 0.0000e+00    20.9841    36.3632  1025.8777    25.5365         10 0.0000e+00
       1180 169.927682      0.709     80.669    21.0160   5.068694     80.000 0.0000e+00    21.0005    36.3669  1025.8810    25.5348          3 0.0000e+00
       1184 169.927693      1.117     81.446    21.0197   5.069002     81.000 0.0000e+00    21.0040    36.3660  1025.8827    25.5332          3 0.0000e+00
       1188 169.927706      1.096     82.340    21.0254   5.071071     82.000 0.0000e+00    21.0095    36.3774  1025.8938    25.5404          6 0.0000e+00
       1198 169.927733      0.242     83.816    21.0316   5.072827     83.000 0.0000e+00    21.0155    36.3858  1025.9048    25.5451          8 0.0000e+00
       1202 169.927745      0.712     84.637    21.0278   5.070990     84.000 0.0000e+00    21.0115    36.3739  1025.9003    25.5371          4 0.0000e+00
       1205 169.927755      1.087     85.380    21.0289   5.071365     85.000 0.0000e+00    21.0124    36.3758  1025.9047    25.5383          3 0.0000e+00
       1214 169.927781      0.477     86.550    21.0373   5.073346     86.000 0.0000e+00    21.0206    36.3842  1025.9138    25.5424         15 0.0000e+00
       1223 169.927808      0.540     87.692    21.0461   5.076107     87.000 0.0000e+00    21.0292    36.3985  1025.9273    25.5510          4 0.0000e+00
       1228 169.927821      0.860     88.506    21.0435   5.077423     88.000 0.0000e+00    21.0265    36.4110  1025.9411    25.5613          5 0.0000e+00
       1235 169.927842      0.617     89.503    21.0218   5.073782     89.000 0.0000e+00    21.0045    36.3998  1025.9429    25.5588         11 0.0000e+00
       1247 169.927876      0.265     90.720    21.0020   5.072073     90.000 0.0000e+00    20.9846    36.4025  1025.9556    25.5663          8 0.0000e+00
       1253 169.927895      0.568     91.579    21.0020   5.072411     91.000 0.0000e+00    20.9844    36.4049  1025.9612    25.5682          8 0.0000e+00
       1262 169.927921      0.432     92.647    21.0037   5.073397     92.000 0.0000e+00    20.9858    36.4111  1025.9701    25.5725          9 0.0000e+00
       1284 169.927982      0.403     93.608    21.0106   5.074758     93.000 0.0000e+00    20.9925    36.4158  1025.9760    25.5743          9 0.0000e+00
       1346 169.928164      0.344     94.784    21.0276   5.078301     94.000 0.0000e+00    21.0094    36.4294  1025.9867    25.5800          5 0.0000e+00
       1355 169.928187      0.511     95.646    21.0312   5.079495     95.000 0.0000e+00    21.0128    36.4357  1025.9942    25.5839          9 0.0000e+00
       1373 169.928240      0.344     97.026    21.0291   5.080096     96.000 0.0000e+00    21.0104    36.4418  1026.0055    25.5892          4 0.0000e+00
       1376 169.928248      0.839     97.909    21.0222   5.079090     97.000 0.0000e+00    21.0033    36.4393  1026.0093    25.5892          4 0.0000e+00
       1379 169.928257      1.135     98.779    21.0158   5.078480     98.000 0.0000e+00    20.9967    36.4396  1026.0151    25.5912          2 0.0000e+00
       1381 169.928264      1.361     99.571    21.0099   5.077048     99.000 0.0000e+00    20.9907    36.4327  1026.0149    25.5877          3 0.0000e+00
       1384 169.928272      1.506    100.359    21.0042   5.076713    100.000 0.0000e+00    20.9848    36.4346  1026.0213    25.5907          3 0.0000e+00
       1390 169.928291      0.821    101.586    20.9955   5.076100    101.000 0.0000e+00    20.9759    36.4367  1026.0306    25.5947         11 0.0000e+00
       1399 169.928316      0.329    103.016    20.9962   5.076797    102.000 0.0000e+00    20.9764    36.4412  1026.0400    25.5980          4 0.0000e+00
       1402 169.928325      0.939    103.739    21.0026   5.077803    103.000 0.0000e+00    20.9826    36.4436  1026.0432    25.5981          3 0.0000e+00
       1405 169.928333      1.269    104.543    21.0125   5.080304    104.000 0.0000e+00    20.9924    36.4550  1026.0527    25.6042          3 0.0000e+00
       1410 169.928348      0.995    105.574    21.0312   5.085492    105.000 0.0000e+00    21.0108    36.4805  1026.0714    25.6186          8 0.0000e+00
       1418 169.928371      0.434    106.978    21.0451   5.089521    106.000 0.0000e+00    21.0245    36.5006  1026.0890    25.6301          6 0.0000e+00
       1422 169.928382      0.755    107.939    21.0352   5.089191    107.000 0.0000e+00    21.0144    36.5061  1026.1001    25.6371          3 0.0000e+00
