jupyter/NEMEA/teste_rotina/cnvs/uMCTV003.cnv
* Sea-Bird SBE 9 Data File:
* FileName = D:\ACEX\brutos\MCTV003.hex
* Software Version Seasave V 7.17
* Temperature SN = 4821
* Conductivity SN = 3367
* Number of Bytes Per Scan = 21
* Number of Voltage Words = 3
* Number of Scans Averaged by the Deck Unit = 1
** H38 
** NHo Cruzeiro do Sul 
** 222 
** MCTV ACEx 
**   003
**   25 56.592 s
**   045 54.456 w
**   12/06/2012 18:51Z
**   277
** 9P46375-0882 
**   1T Oliveira Santos
# nquan = 16
# nvalues = 249                         
# units = specified
# name 0 = scan: Scan Count
# name 1 = timeJ: Julian Days
# name 2 = dz/dtM: Descent Rate [m/s]
# name 3 = prDM: Pressure, Digiquartz [db]
# name 4 = t090C: Temperature [ITS-90, deg C]
# name 5 = c0S/m: Conductivity [S/m]
# name 6 = sbeox0V: Oxygen Voltage, SBE 43
# name 7 = depSM: Depth [salt water, m]
# name 8 = flSP: Fluorescence, Seapoint
# name 9 = potemp090C: Potential Temperature [ITS-90, deg C]
# name 10 = sal00: Salinity [PSU]
# name 11 = density00: Density [density, Kg/m^3]
# name 12 = sigma-é00: Density [sigma-theta, Kg/m^3]
# name 13 = sbeox0ML/L: Oxygen, SBE 43 [ml/l], WS = 2
# name 14 = nbin: number of scans per bin
# name 15 = flag: flag
# span 0 =      19246,      38680       
# span 1 = 164.670508, 164.679880       
# span 2 =     -1.221,     -0.184       
# span 3 =      1.037,    250.786       
# span 4 =    11.4456,    21.8125       
# span 5 =   4.001761,   5.123122       
# span 6 =     2.6220,     3.5051       
# span 7 =      1.000,    249.000       
# span 8 = 4.8521e-02, 5.0199e-02       
# span 9 =    11.4136,    21.8062       
# span 10 =    35.4334,    36.3708      
# span 11 =  1025.0011,  1028.1553      
# span 12 =    24.9936,    27.0369      
# span 13 =    3.63031,    4.59714      
# span 14 =         18,         61      
# span 15 = 0.0000e+00, 0.0000e+00      
# interval = meters: 1                  
# start_time = Jun 12 2012 15:52:10
# bad_flag = -9.990e-29
*END*
[from data line 181]
      31198 164.676272     -0.291     68.454    15.8222   4.490151     2.7685     68.000 4.8917e-02    15.8114    36.0255  1026.8799    26.5801    3.79496         44 0.0000e+00
      31228 164.676286     -0.689     67.452    15.8998   4.498841     2.7729     67.000 4.8837e-02    15.8891    36.0332  1026.8637    26.5683    3.79680         25 0.0000e+00
      31259 164.676301     -0.777     66.450    15.9626   4.505804     2.7772     66.000 4.8804e-02    15.9521    36.0389  1026.8491    26.5582    3.79946         34 0.0000e+00
      31297 164.676320     -0.673     65.439    15.9914   4.508916     2.7845     65.000 4.8813e-02    15.9810    36.0410  1026.8396    26.5531    3.81018         46 0.0000e+00
      31393 164.676366     -0.276     64.429    16.0309   4.514042     2.7921     64.000 4.8874e-02    16.0207    36.0514  1026.8339    26.5520    3.82044         32 0.0000e+00
      31464 164.676400     -0.455     63.422    16.2029   4.533426     2.8035     63.000 4.8814e-02    16.1928    36.0687  1026.8027    26.5254    3.82789         48 0.0000e+00
      31510 164.676422     -0.521     62.411    16.2725   4.541302     2.8132     62.000 4.8875e-02    16.2624    36.0762  1026.7878    26.5149    3.83974         39 0.0000e+00
      31542 164.676438     -0.681     61.408    16.3680   4.551559     2.8220     61.000 4.8919e-02    16.3580    36.0813  1026.7649    26.4966    3.84813         31 0.0000e+00
      31575 164.676453     -0.779     60.410    16.4170   4.556930     2.8291     60.000 4.8738e-02    16.4073    36.0850  1026.7518    26.4878    3.85686         35 0.0000e+00
      31676 164.676502     -0.297     59.396    16.4362   4.559473     2.8368     59.000 4.8905e-02    16.4265    36.0906  1026.7472    26.4877    3.86869         47 0.0000e+00
      31768 164.676547     -0.219     58.381    16.5030   4.567371     2.8582     58.000 4.8951e-02    16.4935    36.1006  1026.7346    26.4796    3.90183         33 0.0000e+00
      31814 164.676569     -0.570     57.376    16.6739   4.588645     2.8824     57.000 4.8988e-02    16.6645    36.1348  1026.7159    26.4655    3.93156         25 0.0000e+00
      31836 164.676579     -0.919     56.381    16.8396   4.607495     2.9137     56.000 4.8787e-02    16.8304    36.1518  1026.6852    26.4392    3.97476         22 0.0000e+00
      31862 164.676592     -0.992     55.376    16.9030   4.613511     2.9401     55.000 4.8764e-02    16.8938    36.1481  1026.6627    26.4212    4.01691         32 0.0000e+00
      31952 164.676636     -0.368     54.359    16.9847   4.623169     2.9707     54.000 4.8871e-02    16.9757    36.1597  1026.6476    26.4106    4.06485         39 0.0000e+00
      32024 164.676670     -0.472     53.358    17.0943   4.636622     3.0034     53.000 4.9070e-02    17.0854    36.1794  1026.6319    26.3994    4.11392         38 0.0000e+00
      32074 164.676694     -0.481     52.352    17.1718   4.643602     3.0231     52.000 4.9111e-02    17.1631    36.1713  1026.6025    26.3745    4.14271         45 0.0000e+00
      32133 164.676722     -0.438     51.343    17.2761   4.657410     3.0408     51.000 4.9090e-02    17.2675    36.1986  1026.5936    26.3700    4.16509         44 0.0000e+00
      33741 164.677498     -0.262     50.337    17.6068   4.692630     3.0896     50.000 4.9333e-02    17.5982    36.2093  1026.5167    26.2978    4.22503         39 0.0000e+00
      33840 164.677546     -0.534     49.328    17.7046   4.703580     3.0903     49.000 4.9235e-02    17.6962    36.2171  1026.4942    26.2798    4.21785         37 0.0000e+00
      33877 164.677564     -0.650     48.324    17.8166   4.715990     3.0918     48.000 4.9338e-02    17.8083    36.2249  1026.4681    26.2581    4.21111         39 0.0000e+00
      33923 164.677586     -0.532     47.322    17.9254   4.728233     3.1005     47.000 4.9181e-02    17.9173    36.2339  1026.4435    26.2380    4.21726         47 0.0000e+00
      33989 164.677618     -0.328     46.303    18.0252   4.740853     3.1071     46.000 4.9190e-02    18.0172    36.2541  1026.4298    26.2287    4.21995         49 0.0000e+00
      34026 164.677636     -0.620     45.308    18.3922   4.782579     3.1221     45.000 4.9154e-02    18.3843    36.2861  1026.3577    26.1613    4.21647         35 0.0000e+00
      34078 164.677661     -0.454     44.294    18.4524   4.787834     3.1312     44.000 4.9626e-02    18.4446    36.2780  1026.3319    26.1399    4.22739         55 0.0000e+00
      34117 164.677679     -0.592     43.286    18.6087   4.809294     3.1465     43.000 4.9339e-02    18.6010    36.3227  1026.3220    26.1345    4.24024         27 0.0000e+00
      34142 164.677691     -0.882     42.277    18.8175   4.830621     3.1636     42.000 4.9396e-02    18.8099    36.3197  1026.2620    26.0790    4.25316         22 0.0000e+00
      34167 164.677704     -0.977     41.284    18.9252   4.843529     3.1748     41.000 4.9407e-02    18.9178    36.3343  1026.2412    26.0626    4.26323         28 0.0000e+00
      34221 164.677729     -0.536     40.276    18.9695   4.850136     3.1885     40.000 4.9570e-02    18.9623    36.3514  1026.2384    26.0642    4.28244         34 0.0000e+00
      34293 164.677764     -0.423     39.266    19.3934   4.896698     3.2156     39.000 4.9316e-02    19.3863    36.3708  1026.1389    25.9693    4.29529         35 0.0000e+00
      34370 164.677801     -0.361     38.258    19.4966   4.902970     3.2290     38.000 4.9245e-02    19.4897    36.3334  1026.0789    25.9137    4.31052         45 0.0000e+00
      34437 164.677834     -0.580     37.246    19.8272   4.934415     3.2498     37.000 4.9485e-02    19.8203    36.3075  1025.9677    25.8071    4.32051         34 0.0000e+00
      34474 164.677851     -0.682     36.239    20.1060   4.964668     3.2748     36.000 4.9321e-02    20.0992    36.3163  1025.8959    25.7398    4.34053         35 0.0000e+00
      34511 164.677870     -0.640     35.241    20.8651   5.038345     3.3337     35.000 4.9601e-02    20.8583    36.2667  1025.6487    25.4972    4.38170         34 0.0000e+00
      34559 164.677893     -0.512     34.237    21.3104   5.077001     3.3853     34.000 4.9824e-02    21.3038    36.2004  1025.4714    25.3245    4.43420         53 0.0000e+00
      34642 164.677933     -0.284     33.213    21.5475   5.100559     3.4246     33.000 4.9736e-02    21.5410    36.1891  1025.3926    25.2502    4.48050         33 0.0000e+00
      34686 164.677954     -0.583     32.223    21.8125   5.123122     3.4460     32.000 5.0001e-02    21.8062    36.1464  1025.2817    25.1437    4.49562         34 0.0000e+00
      34743 164.677981     -0.418     31.218    21.7225   5.113718     3.4521     31.000 5.0162e-02    21.7163    36.1476  1025.3035    25.1697    4.51197         54 0.0000e+00
      35241 164.678222     -0.232     30.201    21.7816   5.114724     3.4721     30.000 5.0118e-02    21.7756    36.1064  1025.2512    25.1218    4.54064         40 0.0000e+00
      35438 164.678317     -0.688     29.202    21.7846   5.114532     3.4776     29.000 4.9848e-02    21.7789    36.1026  1025.2432    25.1180    4.54881         25 0.0000e+00
      35461 164.678328     -0.750     28.199    21.7784   5.113286     3.4780     28.000 5.0150e-02    21.7729    36.0983  1025.2372    25.1164    4.54953         37 0.0000e+00
      35562 164.678376     -0.321     27.188    21.7718   5.112058     3.4763     27.000 4.9966e-02    21.7664    36.0945  1025.2318    25.1153    4.54664         39 0.0000e+00
      35611 164.678400     -0.503     26.180    21.7673   5.111113     3.4767     26.000 5.0038e-02    21.7621    36.0911  1025.2261    25.1139    4.54723         47 0.0000e+00
      35658 164.678422     -0.506     25.176    21.7659   5.110745     3.4782     25.000 4.9824e-02    21.7609    36.0897  1025.2211    25.1132    4.54922         38 0.0000e+00
      35697 164.678441     -0.628     24.166    21.7650   5.110149     3.4839     24.000 5.0036e-02    21.7602    36.0861  1025.2142    25.1107    4.55809         41 0.0000e+00
      35781 164.678482     -0.311     23.160    21.7638   5.109666     3.4832     23.000 5.0199e-02    21.7593    36.0835  1025.2082    25.1090    4.55645         33 0.0000e+00
      35842 164.678511     -0.469     22.151    21.7628   5.109130     3.4840     22.000 5.0057e-02    21.7585    36.0805  1025.2018    25.1069    4.55737         39 0.0000e+00
      35890 164.678535     -0.498     21.143    21.7606   5.108462     3.4826     21.000 4.9930e-02    21.7564    36.0774  1025.1957    25.1051    4.55458         56 0.0000e+00
      35942 164.678560     -0.464     20.135    21.7546   5.106998     3.4819     20.000 4.9855e-02    21.7507    36.0711  1025.1882    25.1019    4.55357         42 0.0000e+00
      36001 164.678588     -0.388     19.128    21.7479   5.105455     3.4841     19.000 4.9866e-02    21.7441    36.0648  1025.1810    25.0990    4.55716         50 0.0000e+00
      36054 164.678613     -0.479     18.121    21.7481   5.105102     3.4850     18.000 4.9809e-02    21.7445    36.0622  1025.1746    25.0969    4.55809         39 0.0000e+00
      36093 164.678633     -0.622     17.120    21.7482   5.104658     3.4913     17.000 4.9879e-02    21.7448    36.0590  1025.1677    25.0944    4.56792         40 0.0000e+00
      36195 164.678682     -0.255     16.101    21.7513   5.104626     3.4907     16.000 4.9934e-02    21.7482    36.0564  1025.1605    25.0915    4.56604         39 0.0000e+00
      36244 164.678705     -0.510     15.111    21.7482   5.103235     3.4912     15.000 4.9991e-02    21.7453    36.0483  1025.1509    25.0861    4.56672         34 0.0000e+00
      36300 164.678732     -0.442     14.100    21.7151   5.097109     3.4884     14.000 5.0185e-02    21.7123    36.0277  1025.1401    25.0797    4.56467         42 0.0000e+00
      36370 164.678766     -0.399     13.095    21.6992   5.093867     3.4867     13.000 5.0025e-02    21.6967    36.0156  1025.1309    25.0748    4.56286         38 0.0000e+00
      36412 164.678786     -0.608     12.089    21.6771   5.088324     3.4904     12.000 4.9672e-02    21.6747    35.9903  1025.1135    25.0617    4.57074         34 0.0000e+00
      36505 164.678831     -0.258     11.067    21.6418   5.081575     3.4940     11.000 4.9900e-02    21.6397    35.9665  1025.1008    25.0534    4.57945         35 0.0000e+00
      36534 164.678845     -0.697     10.071    21.6189   5.077099     3.4937     10.000 5.0022e-02    21.6169    35.9504  1025.0906    25.0474    4.58061         31 0.0000e+00
      36571 164.678863     -0.686      9.067    21.6084   5.075222     3.4922      9.000 4.9906e-02    21.6066    35.9445  1025.0847    25.0459    4.57839         40 0.0000e+00
      36622 164.678887     -0.460      8.061    21.5880   5.071412     3.4938      8.000 4.9880e-02    21.5864    35.9316  1025.0762    25.0417    4.58249         41 0.0000e+00
      36705 164.678928     -0.264      7.055    21.5831   5.070594     3.4973      7.000 4.9982e-02    21.5818    35.9295  1025.0716    25.0413    4.58798         32 0.0000e+00
      36757 164.678953     -0.530      6.053    21.5764   5.068899     3.5005      6.000 4.9932e-02    21.5752    35.9220  1025.0634    25.0374    4.59344         38 0.0000e+00
      36807 164.678977     -0.480      5.036    21.5950   5.068998     3.5026      5.000 5.0192e-02    21.5940    35.9076  1025.0429    25.0213    4.59515         56 0.0000e+00
      36853 164.678999     -0.514      4.025    21.6184   5.068963     3.5051      4.000 4.9903e-02    21.6176    35.8881  1025.0172    24.9999    4.59714         32 0.0000e+00
      36884 164.679014     -0.744      3.022    21.6248   5.068846     3.4994      3.000 4.9939e-02    21.6242    35.8822  1025.0065    24.9936    4.58697         30 0.0000e+00
      37049 164.679093     -0.330      2.024    21.6207   5.068836     3.5013      2.000 4.9707e-02    21.6203    35.8859  1025.0061    24.9975    4.58969         40 0.0000e+00
      38680 164.679880     -0.565      1.037    21.6221   5.068878     3.5019      1.000 4.9572e-02    21.6219    35.8854  1025.0011    24.9966    4.59018         27 0.0000e+00
