jupyter/NEMEA/teste_rotina/cnvs/uMCTV007.cnv
* Sea-Bird SBE 9 Data File:
* FileName = D:\ACEX\brutos\MCTV007.hex
* Software Version Seasave V 7.17
* Temperature SN = 4821
* Conductivity SN = 3367
* Number of Bytes Per Scan = 21
* Number of Voltage Words = 3
* Number of Scans Averaged by the Deck Unit = 1
** H38 
** NHo Cruzeiro do Sul 
** 222 
** MCTV ACEx 
**   007
**   27 0.056S
**   048 14.226W
**   13/06/2012 20:30Z
**   45
** 9P46375-0882 
**   Pesq. Catarina Cecilio
# nquan = 16
# nvalues = 44                          
# units = specified
# name 0 = scan: Scan Count
# name 1 = timeJ: Julian Days
# name 2 = dz/dtM: Descent Rate [m/s]
# name 3 = prDM: Pressure, Digiquartz [db]
# name 4 = t090C: Temperature [ITS-90, deg C]
# name 5 = c0S/m: Conductivity [S/m]
# name 6 = sbeox0V: Oxygen Voltage, SBE 43
# name 7 = depSM: Depth [salt water, m]
# name 8 = flSP: Fluorescence, Seapoint
# name 9 = potemp090C: Potential Temperature [ITS-90, deg C]
# name 10 = sal00: Salinity [PSU]
# name 11 = density00: Density [density, Kg/m^3]
# name 12 = sigma-é00: Density [sigma-theta, Kg/m^3]
# name 13 = sbeox0ML/L: Oxygen, SBE 43 [ml/l], WS = 2
# name 14 = nbin: number of scans per bin
# name 15 = flag: flag
# span 0 =      10467,      13930       
# span 1 = 165.728739, 165.730409       
# span 2 =     -0.835,     -0.245       
# span 3 =      1.013,     44.292       
# span 4 =    19.2857,    19.5656       
# span 5 =   4.622067,   4.700146       
# span 6 =     3.3225,     3.5774       
# span 7 =      1.000,     44.000       
# span 8 = 3.1129e-01, 2.0369e+00       
# span 9 =    19.2816,    19.5650       
# span 10 =    34.1712,    34.6418      
# span 11 =  1024.2552,  1024.8117      
# span 12 =    24.2508,    24.6200      
# span 13 =    4.51813,    4.94040      
# span 14 =         19,         68      
# span 15 = 0.0000e+00, 0.0000e+00      
# interval = meters: 1                  
# start_time = Jun 13 2012 17:22:07
# bad_flag = -9.990e-29
*END*
      10467 165.728739     -0.470     44.292    19.5042   4.700146     3.3225     44.000 4.1940e-01    19.4962    34.6418  1024.8117    24.6200    4.51813         38 0.0000e+00
      10495 165.728753     -0.666     43.285    19.4911   4.695123     3.3364     43.000 4.0902e-01    19.4833    34.6115  1024.7876    24.6002    4.54323         33 0.0000e+00
      10527 165.728768     -0.762     42.279    19.4836   4.692548     3.3500     42.000 3.9397e-01    19.4760    34.5968  1024.7739    24.5909    4.56715         31 0.0000e+00
      10559 165.728784     -0.734     41.271    19.4814   4.691567     3.3554     41.000 4.0463e-01    19.4739    34.5909  1024.7656    24.5869    4.57618         31 0.0000e+00
      10592 165.728799     -0.755     40.269    19.4716   4.688810     3.3537     40.000 4.1593e-01    19.4643    34.5766  1024.7528    24.5785    4.57378         38 0.0000e+00
      10632 165.728819     -0.612     39.258    19.4568   4.684974     3.3555     39.000 4.1556e-01    19.4497    34.5575  1024.7376    24.5676    4.57801         39 0.0000e+00
      10674 165.728839     -0.562     38.254    19.4284   4.677269     3.3631     38.000 4.3858e-01    19.4215    34.5176  1024.7102    24.5445    4.59404         43 0.0000e+00
      10712 165.728858     -0.621     37.243    19.3900   4.664963     3.3641     37.000 3.9740e-01    19.3833    34.4479  1024.6624    24.5011    4.60012         32 0.0000e+00
      10743 165.728873     -0.760     36.242    19.3559   4.651768     3.3614     36.000 3.5452e-01    19.3494    34.3671  1024.6052    24.4482    4.59993         34 0.0000e+00
      10781 165.728891     -0.658     35.233    19.3220   4.642999     3.3659     35.000 3.1752e-01    19.3156    34.3228  1024.5757    24.4230    4.61101         40 0.0000e+00
      10821 165.728910     -0.594     34.224    19.3105   4.639494     3.3746     34.000 3.1129e-01    19.3044    34.3036  1024.5595    24.4112    4.62695         35 0.0000e+00
      10856 165.728927     -0.679     33.221    19.3853   4.648703     3.3757     33.000 3.3003e-01    19.3793    34.3186  1024.5473    24.4034    4.62152         35 0.0000e+00
      10891 165.728944     -0.689     32.217    19.4207   4.652289     3.3719     32.000 4.0564e-01    19.4149    34.3195  1024.5345    24.3949    4.61138         33 0.0000e+00
      10926 165.728961     -0.697     31.205    19.4163   4.649689     3.3712     31.000 4.8484e-01    19.4107    34.3020  1024.5178    24.3826    4.61040         31 0.0000e+00
      10961 165.728977     -0.697     30.203    19.3646   4.640076     3.3767     30.000 5.0446e-01    19.3592    34.2653  1024.4988    24.3679    4.62461         36 0.0000e+00
      11001 165.728997     -0.609     29.194    19.3252   4.633410     3.3852     29.000 4.8793e-01    19.3199    34.2429  1024.4874    24.3609    4.64255         46 0.0000e+00
      11044 165.729018     -0.550     28.181    19.2980   4.628942     3.3913     28.000 4.3257e-01    19.2930    34.2286  1024.4790    24.3569    4.65514         35 0.0000e+00
      11074 165.729032     -0.740     27.181    19.2895   4.626823     3.3962     27.000 4.2754e-01    19.2846    34.2184  1024.4691    24.3513    4.66411         27 0.0000e+00
      11103 165.729046     -0.835     26.175    19.2870   4.625820     3.3989     26.000 4.7682e-01    19.2823    34.2125  1024.4608    24.3473    4.66850         32 0.0000e+00
      11143 165.729066     -0.639     25.169    19.2866   4.625010     3.4019     25.000 5.0692e-01    19.2821    34.2065  1024.4519    24.3428    4.67317         46 0.0000e+00
      11198 165.729092     -0.416     24.161    19.2864   4.623906     3.4063     24.000 5.4621e-01    19.2821    34.1978  1024.4409    24.3362    4.68041         50 0.0000e+00
      11236 165.729110     -0.606     23.150    19.2857   4.622067     3.4072     23.000 5.5029e-01    19.2816    34.1836  1024.4257    24.3254    4.68188         32 0.0000e+00
      11266 165.729125     -0.787     22.146    19.2933   4.622339     3.4079     22.000 5.6310e-01    19.2893    34.1799  1024.4167    24.3206    4.68193         29 0.0000e+00
      11300 165.729141     -0.738     21.144    19.2960   4.622570     3.4076     21.000 5.9089e-01    19.2922    34.1800  1024.4116    24.3199    4.68049         42 0.0000e+00
      11350 165.729165     -0.459     20.133    19.2983   4.622835     3.4155     20.000 6.2765e-01    19.2947    34.1807  1024.4071    24.3198    4.69334         43 0.0000e+00
      11802 165.729383     -0.245     19.117    19.3090   4.623707     3.4204     19.000 7.4652e-01    19.3056    34.1794  1024.3990    24.3161    4.70033         22 0.0000e+00
      11888 165.729425     -0.597     18.118    19.3140   4.623849     3.4220     18.000 7.0741e-01    19.3107    34.1769  1024.3914    24.3128    4.70196         29 0.0000e+00
      11919 165.729440     -0.805     17.117    19.3153   4.623809     3.4240     17.000 7.5022e-01    19.3123    34.1758  1024.3858    24.3116    4.70478         36 0.0000e+00
      11989 165.729473     -0.424     16.106    19.3161   4.623664     3.4268     16.000 8.9370e-01    19.3132    34.1743  1024.3801    24.3102    4.70896         28 0.0000e+00
      12076 165.729515     -0.320     15.098    19.3199   4.623617     3.4280     15.000 1.0459e+00    19.3172    34.1712  1024.3723    24.3069    4.71008         54 0.0000e+00
      12122 165.729538     -0.510     14.092    19.3309   4.624717     3.4417     14.000 1.1666e+00    19.3284    34.1716  1024.3654    24.3043    4.73226         45 0.0000e+00
      12171 165.729561     -0.527     13.088    19.3416   4.625809     3.4574     13.000 1.3788e+00    19.3393    34.1722  1024.3587    24.3019    4.75774         36 0.0000e+00
      12268 165.729608     -0.285     12.077    19.3434   4.626022     3.4630     12.000 1.4560e+00    19.3413    34.1729  1024.3543    24.3019    4.76655         54 0.0000e+00
      12312 165.729629     -0.536     11.073    19.3576   4.627593     3.4785     11.000 1.6859e+00    19.3556    34.1746  1024.3476    24.2996    4.79137         41 0.0000e+00
      12354 165.729649     -0.581     10.068    19.3698   4.628863     3.4962     10.000 2.0369e+00    19.3680    34.1755  1024.3407    24.2971    4.82017         44 0.0000e+00
      12423 165.729683     -0.360      9.061    19.3816   4.630134     3.5250      9.000 1.9527e+00    19.3799    34.1767  1024.3342    24.2949    4.86814         56 0.0000e+00
      13423 165.730165     -0.309      8.053    19.4838   4.640796     3.5721      8.000 1.4525e+00    19.4823    34.1814  1024.3070    24.2721    4.93959         50 0.0000e+00
      13443 165.730174     -0.421      7.051    19.5273   4.645243     3.5718      7.000 1.5341e+00    19.5260    34.1828  1024.2925    24.2619    4.93439         61 0.0000e+00
      13508 165.730206     -0.381      6.040    19.5553   4.647843     3.5746      6.000 1.3993e+00    19.5542    34.1817  1024.2800    24.2538    4.93605         65 0.0000e+00
      13583 165.730242     -0.311      5.031    19.5544   4.647730     3.5774      5.000 1.3413e+00    19.5535    34.1819  1024.2759    24.2541    4.94040         68 0.0000e+00
      13652 165.730275     -0.361      4.029    19.5653   4.648745     3.5767      4.000 1.3982e+00    19.5646    34.1816  1024.2685    24.2511    4.93746         60 0.0000e+00
      13733 165.730315     -0.272      3.020    19.5656   4.648707     3.5760      3.000 1.3796e+00    19.5650    34.1814  1024.2639    24.2508    4.93562         43 0.0000e+00
      13810 165.730352     -0.347      2.018    19.5581   4.647765     3.5762      2.000 1.3176e+00    19.5577    34.1802  1024.2604    24.2517    4.93589         54 0.0000e+00
      13930 165.730409     -0.389      1.013    19.5587   4.647671     3.5772      1.000 1.5282e+00    19.5585    34.1793  1024.2552    24.2508    4.93697         19 0.0000e+00
