jupyter/NEMEA/teste_rotina/cnvs/uMCTV010.cnv
* Sea-Bird SBE 9 Data File:
* FileName = D:\ACEX\brutos\MCTV010.hex
* Software Version Seasave V 7.17
* Temperature SN = 4821
* Conductivity SN = 3367
* Number of Bytes Per Scan = 21
* Number of Voltage Words = 3
* Number of Scans Averaged by the Deck Unit = 1
** H38 
** NHo Cruzeiro do Sul 
** 222 
** MCTV ACEx 
**   010
**   27 00.43 S
**   046 37.69 W
**   14/06/2012 13:51Z
**   309
** 9P46375-0882 
**   1T Oliveira Santos
# nquan = 16
# nvalues = 273                         
# units = specified
# name 0 = scan: Scan Count
# name 1 = timeJ: Julian Days
# name 2 = dz/dtM: Descent Rate [m/s]
# name 3 = prDM: Pressure, Digiquartz [db]
# name 4 = t090C: Temperature [ITS-90, deg C]
# name 5 = c0S/m: Conductivity [S/m]
# name 6 = sbeox0V: Oxygen Voltage, SBE 43
# name 7 = depSM: Depth [salt water, m]
# name 8 = flSP: Fluorescence, Seapoint
# name 9 = potemp090C: Potential Temperature [ITS-90, deg C]
# name 10 = sal00: Salinity [PSU]
# name 11 = density00: Density [density, Kg/m^3]
# name 12 = sigma-é00: Density [sigma-theta, Kg/m^3]
# name 13 = sbeox0ML/L: Oxygen, SBE 43 [ml/l], WS = 2
# name 14 = nbin: number of scans per bin
# name 15 = flag: flag
# span 0 =      21848,      44100       
# span 1 = 166.463823, 166.474554       
# span 2 =     -1.149,     -0.155       
# span 3 =      1.012,    275.021       
# span 4 =    13.6763,    23.0653       
# span 5 =   4.253399,   5.396145       
# span 6 =     2.4831,     3.4850       
# span 7 =      1.000,    273.000       
# span 8 = 3.9741e-02, 4.6169e-01       
# span 9 =    13.6371,    23.0533       
# span 10 =    35.7428,    37.2280      
# span 11 =  1025.4399,  1028.0421      
# span 12 =    25.4356,    26.8377      
# span 13 =    3.46342,    4.46392      
# span 14 =         12,         69      
# span 15 = 0.0000e+00, 0.0000e+00      
# interval = meters: 1                  
# start_time = Jun 14 2012 10:52:44
# bad_flag = -9.990e-29
*END*
[from data line 91]
      31705 166.468577     -0.858    183.281    15.2290   4.428019     2.9614    182.000 5.0875e-02    15.2007    35.9592  1027.4710    26.6672    4.26391         33 0.0000e+00
      31777 166.468611     -0.298    182.269    15.2453   4.429897     2.9689    181.000 4.9631e-02    15.2171    35.9617  1027.4648    26.6655    4.27625         44 0.0000e+00
      31830 166.468637     -0.552    181.262    15.2577   4.431297     2.9727    180.000 5.0246e-02    15.2297    35.9635  1027.4589    26.6640    4.28159         34 0.0000e+00
      31890 166.468666     -0.406    180.252    15.2662   4.432290     2.9763    179.000 5.0760e-02    15.2384    35.9651  1027.4538    26.6633    4.28717         58 0.0000e+00
      31966 166.468702     -0.324    179.246    15.3299   4.439729     2.9738    178.000 5.5218e-02    15.3021    35.9748  1027.4423    26.6565    4.27638         58 0.0000e+00
      32023 166.468730     -0.444    178.238    15.3596   4.443028     2.9639    177.000 5.4888e-02    15.3319    35.9779  1027.4335    26.6522    4.25469         55 0.0000e+00
      32119 166.468776     -0.256    177.227    15.3821   4.445586     2.9372    176.000 5.6311e-02    15.3546    35.9809  1027.4262    26.6494    4.20186         23 0.0000e+00
      32197 166.468814     -0.366    176.223    15.3933   4.446754     2.9172    175.000 5.6781e-02    15.3660    35.9816  1027.4198    26.6474    4.16283         58 0.0000e+00
      32300 166.468863     -0.224    175.213    15.3957   4.446960     2.9090    174.000 5.8420e-02    15.3685    35.9817  1027.4149    26.6470    4.14665         26 0.0000e+00
      32445 166.468933     -0.176    174.199    15.3995   4.447311     2.8952    173.000 6.0412e-02    15.3725    35.9818  1027.4096    26.6461    4.11994         49 0.0000e+00
      32537 166.468978     -0.417    173.206    15.4006   4.447384     2.8898    172.000 6.0217e-02    15.3737    35.9819  1027.4051    26.6459    4.10914         54 0.0000e+00
      32647 166.469031     -0.278    172.193    15.4066   4.448059     2.8836    171.000 6.0865e-02    15.3799    35.9829  1027.4000    26.6453    4.09645         38 0.0000e+00
      32735 166.469073     -0.382    171.177    15.4167   4.449177     2.8751    170.000 6.2228e-02    15.3901    35.9843  1027.3943    26.6440    4.07905         42 0.0000e+00
      32768 166.469089     -0.638    170.187    15.4377   4.451595     2.8635    169.000 6.6275e-02    15.4112    35.9874  1027.3875    26.6417    4.05510         30 0.0000e+00
      32816 166.469112     -0.596    169.202    15.4829   4.456455     2.8279    168.000 7.6731e-02    15.4565    35.9904  1027.3751    26.6338    3.98418         26 0.0000e+00
      32942 166.469173     -0.285    168.162    15.5930   4.469263     2.7474    167.000 8.1954e-02    15.5667    36.0059  1027.3573    26.6208    3.82434         28 0.0000e+00
      33033 166.469217     -0.282    167.157    15.6318   4.473630     2.7203    166.000 8.3065e-02    15.6056    36.0103  1027.3474    26.6154    3.77034         40 0.0000e+00
      33178 166.469287     -0.155    166.134    15.6390   4.474403     2.7148    165.000 8.5410e-02    15.6129    36.0112  1027.3419    26.6144    3.75901         14 0.0000e+00
      33267 166.469330     -0.361    165.174    15.6499   4.475579     2.7128    164.000 8.2997e-02    15.6240    36.0121  1027.3359    26.6126    3.75392         27 0.0000e+00
      33389 166.469388     -0.240    164.116    15.6619   4.476956     2.7136    163.000 8.6117e-02    15.6361    36.0141  1027.3299    26.6114    3.75404         21 0.0000e+00
      33458 166.469422     -0.375    163.131    15.6673   4.477514     2.7115    162.000 8.5073e-02    15.6416    36.0146  1027.3248    26.6105    3.74921         63 0.0000e+00
      33582 166.469481     -0.218    162.127    15.6896   4.480106     2.7103    161.000 8.6211e-02    15.6641    36.0180  1027.3178    26.6080    3.74469         34 0.0000e+00
      33658 166.469518     -0.450    161.115    15.7061   4.482028     2.7104    160.000 8.8359e-02    15.6808    36.0206  1027.3116    26.6062    3.74315         37 0.0000e+00
      33712 166.469544     -0.527    160.129    15.7161   4.483112     2.7093    159.000 8.7291e-02    15.6909    36.0217  1027.3057    26.6047    3.73985         29 0.0000e+00
      33836 166.469604     -0.332    159.122    15.7295   4.484659     2.7111    158.000 8.7396e-02    15.7044    36.0238  1027.2998    26.6033    3.74175         45 0.0000e+00
      33882 166.469626     -0.557    158.092    15.7361   4.485408     2.7109    157.000 8.5899e-02    15.7112    36.0250  1027.2947    26.6026    3.74040         37 0.0000e+00
      35158 166.470242     -0.295    157.094    15.7717   4.489632     2.7145    156.000 8.6800e-02    15.7469    36.0309  1027.2866    26.5991    3.74387         65 0.0000e+00
      35300 166.470310     -0.346    156.068    15.7824   4.490829     2.7164    155.000 8.7107e-02    15.7578    36.0323  1027.2807    26.5976    3.74610         50 0.0000e+00
      35327 166.470323     -0.559    155.079    15.8187   4.495165     2.7158    154.000 8.9540e-02    15.7942    36.0386  1027.2728    26.5942    3.74164         43 0.0000e+00
      35376 166.470347     -0.495    154.061    15.8412   4.497728     2.7166    153.000 8.9249e-02    15.8168    36.0415  1027.2653    26.5913    3.74097         43 0.0000e+00
      35463 166.470389     -0.292    153.064    15.9089   4.505911     2.7131    152.000 9.1209e-02    15.8845    36.0538  1027.2547    26.5851    3.72893         42 0.0000e+00
      35539 166.470425     -0.327    152.060    15.9646   4.512298     2.7140    151.000 9.6187e-02    15.9404    36.0607  1027.2426    26.5776    3.72597         55 0.0000e+00
      35609 166.470459     -0.347    151.059    16.0197   4.519480     2.7181    150.000 9.5253e-02    15.9957    36.0752  1027.2366    26.5761    3.72877         50 0.0000e+00
      35652 166.470480     -0.546    150.050    16.1908   4.539643     2.7217    149.000 9.9412e-02    16.1667    36.1003  1027.2114    26.5558    3.72222         42 0.0000e+00
      35690 166.470498     -0.642    149.022    16.2919   4.552215     2.7248    148.000 9.9220e-02    16.2678    36.1210  1027.1990    26.5481    3.71988         30 0.0000e+00
      35790 166.470546     -0.370    148.020    16.3700   4.560752     2.7320    147.000 1.0359e-01    16.3460    36.1264  1027.1803    26.5341    3.72690         49 0.0000e+00
      35873 166.470586     -0.577    147.006    16.4316   4.568493     2.7373    146.000 1.0447e-01    16.4078    36.1397  1027.1715    26.5299    3.73163         30 0.0000e+00
      35901 166.470600     -0.825    146.001    16.4566   4.571637     2.7396    145.000 1.0422e-01    16.4328    36.1454  1027.1656    26.5284    3.73341         25 0.0000e+00
      35930 166.470614     -0.867    144.999    16.4999   4.576911     2.7416    144.000 1.0417e-01    16.4763    36.1534  1027.1570    26.5243    3.73322         32 0.0000e+00
      36022 166.470658     -0.324    143.988    16.6685   4.597796     2.7631    143.000 1.2361e-01    16.6449    36.1859  1027.1373    26.5095    3.75936         39 0.0000e+00
      36097 166.470695     -0.455    143.003    16.8070   4.614587     2.7813    142.000 1.1716e-01    16.7835    36.2092  1027.1178    26.4946    3.78182         50 0.0000e+00
      36159 166.470725     -0.382    141.976    16.8589   4.620919     2.7926    141.000 1.1580e-01    16.8354    36.2186  1027.1080    26.4893    3.79786         49 0.0000e+00
      36242 166.470764     -0.302    140.965    16.9479   4.632189     2.8054    140.000 1.2152e-01    16.9245    36.2377  1027.0968    26.4828    3.81387         58 0.0000e+00
      36294 166.470789     -0.462    139.962    16.9601   4.633562     2.8098    139.000 1.2260e-01    16.9368    36.2392  1027.0906    26.4810    3.82030         48 0.0000e+00
      36349 166.470816     -0.443    138.951    16.9798   4.636104     2.8158    138.000 1.1696e-01    16.9567    36.2442  1027.0852    26.4800    3.82915         47 0.0000e+00
      36411 166.470846     -0.374    138.009    17.1501   4.657935     2.8389    137.000 1.1461e-01    17.1270    36.2823  1027.0689    26.4683    3.85736         50 0.0000e+00
      36459 166.470869     -0.553    136.937    17.3141   4.677691     2.8724    136.000 1.1655e-01    17.2911    36.3077  1027.0438    26.4482    3.90472         38 0.0000e+00
      36506 166.470892     -0.515    135.934    17.3549   4.682461     2.8945    135.000 1.0763e-01    17.3320    36.3130  1027.0334    26.4424    3.94084         45 0.0000e+00
      36601 166.470938     -0.220    134.923    17.4190   4.691108     2.9215    134.000 9.9867e-02    17.3962    36.3311  1027.0272    26.4406    3.98358         34 0.0000e+00
      36641 166.470957     -0.501    133.976    17.4497   4.694918     2.9382    133.000 9.9316e-02    17.4270    36.3371  1027.0200    26.4377    4.01072         35 0.0000e+00
      36677 166.470974     -0.698    132.912    17.4896   4.699780     2.9470    132.000 1.0448e-01    17.4670    36.3439  1027.0108    26.4332    4.02267         33 0.0000e+00
      36721 166.470995     -0.624    131.902    17.5006   4.701141     2.9543    131.000 1.0029e-01    17.4782    36.3462  1027.0054    26.4322    4.03440         35 0.0000e+00
      36858 166.471061     -0.255    130.899    17.5699   4.710034     2.9714    130.000 9.8311e-02    17.5476    36.3616  1026.9958    26.4271    4.05884         32 0.0000e+00
      36881 166.471072     -0.740    129.888    17.6074   4.714576     2.9775    129.000 9.5952e-02    17.5853    36.3678  1026.9868    26.4226    4.06624         35 0.0000e+00
      36912 166.471088     -0.736    128.878    17.6754   4.724641     2.9918    128.000 9.3072e-02    17.6534    36.3943  1026.9859    26.4262    4.08551         28 0.0000e+00
      36938 166.471100     -0.874    127.871    17.8529   4.745625     3.0098    127.000 8.5095e-02    17.8309    36.4171  1026.9548    26.3999    4.10309         25 0.0000e+00
      36963 166.471112     -0.979    126.865    17.9466   4.757803     3.0262    126.000 8.4822e-02    17.9247    36.4385  1026.9434    26.3931    4.12400         26 0.0000e+00
      36992 166.471126     -0.894    125.861    18.0055   4.764608     3.0370    125.000 9.4906e-02    17.9837    36.4449  1026.9292    26.3833    4.13803         32 0.0000e+00
      37032 166.471146     -0.628    124.852    18.0323   4.767712     3.0421    124.000 9.4547e-02    18.0106    36.4480  1026.9205    26.3790    4.14436         51 0.0000e+00
      37086 166.471171     -0.434    123.845    18.0866   4.774943     3.0444    123.000 9.8659e-02    18.0651    36.4620  1026.9131    26.3761    4.14331         46 0.0000e+00
      37132 166.471194     -0.528    122.834    18.1427   4.781682     3.0501    122.000 1.0351e-01    18.1213    36.4701  1026.9008    26.3683    4.14835         45 0.0000e+00
      37175 166.471214     -0.532    121.844    18.2041   4.789770     3.0595    121.000 1.0122e-01    18.1828    36.4850  1026.8924    26.3644    4.15937         31 0.0000e+00
      37207 166.471230     -0.723    120.832    18.2759   4.799039     3.0667    120.000 9.7218e-02    18.2548    36.5007  1026.8818    26.3583    4.16575         27 0.0000e+00
      37237 166.471244     -0.803    119.825    18.3500   4.808312     3.0773    119.000 9.3431e-02    18.3290    36.5143  1026.8690    26.3501    4.17782         30 0.0000e+00
      37271 166.471261     -0.753    118.811    18.4297   4.817832     3.0875    118.000 9.5309e-02    18.4087    36.5250  1026.8526    26.3382    4.18887         35 0.0000e+00
      37313 166.471281     -0.581    117.806    18.4597   4.821431     3.0961    117.000 9.7168e-02    18.4389    36.5293  1026.8439    26.3339    4.20098         41 0.0000e+00
      37358 166.471303     -0.531    116.795    18.4881   4.824623     3.1006    116.000 1.0469e-01    18.4675    36.5317  1026.8340    26.3284    4.20610         43 0.0000e+00
      37398 166.471322     -0.592    115.800    18.5148   4.827578     3.0995    115.000 1.0835e-01    18.4943    36.5335  1026.8242    26.3230    4.20147         32 0.0000e+00
      37431 166.471338     -0.716    114.784    18.5509   4.832134     3.1016    114.000 1.0745e-01    18.5306    36.5405  1026.8160    26.3192    4.20165         31 0.0000e+00
      37467 166.471355     -0.698    113.773    18.5896   4.837025     3.1026    113.000 1.1042e-01    18.5695    36.5480  1026.8074    26.3151    4.19961         41 0.0000e+00
      37511 166.471376     -0.548    112.766    18.6743   4.848011     3.1064    112.000 1.1951e-01    18.6543    36.5664  1026.7954    26.3076    4.19883         42 0.0000e+00
      37557 166.471398     -0.508    111.759    18.7931   4.862666     3.1103    111.000 1.2589e-01    18.7732    36.5856  1026.7751    26.2919    4.19562         40 0.0000e+00
      37588 166.471413     -0.719    110.750    18.8386   4.867996     3.1103    110.000 1.3449e-01    18.8188    36.5908  1026.7630    26.2842    4.19144         23 0.0000e+00
      37614 166.471426     -0.890    109.746    18.8517   4.869530     3.1069    109.000 1.3531e-01    18.8321    36.5925  1026.7565    26.2821    4.18388         29 0.0000e+00
      37642 166.471439     -0.893    108.737    18.8943   4.875573     3.1110    108.000 1.3536e-01    18.8748    36.6062  1026.7516    26.2816    4.18691         28 0.0000e+00
      37673 166.471454     -0.807    107.733    18.9902   4.887062     3.1132    107.000 1.3804e-01    18.9708    36.6186  1026.7319    26.2665    4.18261         34 0.0000e+00
      37735 166.471484     -0.384    106.726    19.0562   4.895306     3.1176    106.000 1.3895e-01    19.0370    36.6300  1026.7191    26.2581    4.18428         45 0.0000e+00
      37785 166.471509     -0.506    105.711    19.1963   4.913639     3.1285    105.000 1.4804e-01    19.1772    36.6606  1026.7016    26.2453    4.19135         26 0.0000e+00
      37811 166.471521     -0.814    104.709    19.3208   4.929454     3.1353    104.000 1.4834e-01    19.3017    36.6838  1026.6824    26.2306    4.19251         26 0.0000e+00
      37834 166.471532     -0.983    103.703    19.3710   4.935259     3.1364    103.000 1.4560e-01    19.3521    36.6884  1026.6684    26.2210    4.19006         24 0.0000e+00
      37859 166.471544     -1.002    102.699    19.3880   4.937249     3.1385    102.000 1.4861e-01    19.3692    36.6904  1026.6611    26.2181    4.19177         27 0.0000e+00
      37898 166.471563     -0.705    101.687    19.4077   4.939556     3.1364    101.000 1.6355e-01    19.3892    36.6927  1026.6533    26.2146    4.18593         39 0.0000e+00
      37974 166.471600     -0.310    100.678    19.4550   4.945618     3.1383    100.000 1.5565e-01    19.4366    36.7020  1026.6436    26.2094    4.18501         42 0.0000e+00
      38005 166.471614     -0.683     99.671    19.4757   4.947883     3.1377     99.000 1.5381e-01    19.4574    36.7031  1026.6346    26.2048    4.18172         23 0.0000e+00
      38028 166.471626     -0.951     98.667    19.4832   4.948767     3.1366     98.000 1.4688e-01    19.4651    36.7043  1026.6292    26.2036    4.17868         22 0.0000e+00
      38051 166.471637     -1.054     97.660    19.4925   4.950049     3.1351     97.000 1.5891e-01    19.4746    36.7072  1026.6245    26.2034    4.17489         25 0.0000e+00
      38077 166.471649     -0.996     96.657    19.5738   4.961361     3.1433     96.000 1.6240e-01    19.5560    36.7303  1026.6164    26.1997    4.18169         28 0.0000e+00
      38117 166.471669     -0.661     95.649    19.6198   4.966376     3.1475     95.000 1.6277e-01    19.6022    36.7319  1026.6011    26.1888    4.18478         51 0.0000e+00
      38183 166.471701     -0.323     94.633    19.7138   4.978817     3.1572     94.000 1.6943e-01    19.6963    36.7531  1026.5879    26.1802    4.19336         49 0.0000e+00
