jupyter/NEMEA/teste_rotina/cnvs/uMCTV006.cnv
* Sea-Bird SBE 9 Data File:
* FileName = D:\ACEX\brutos\MCTV006.hex
* Software Version Seasave V 7.17
* Temperature SN = 4821
* Conductivity SN = 3367
* Number of Bytes Per Scan = 21
* Number of Voltage Words = 3
* Number of Scans Averaged by the Deck Unit = 1
** H38 
** NHo Cruzeiro do Sul 
** 222 
** MCTV ACEx 
**   006
**   25 41.13S
**   047 32.51W
**   13/06/2012 09:39Z
**   47
** 9P46375-0882 
**   1T Germano Filho
# nquan = 16
# nvalues = 44                          
# units = specified
# name 0 = scan: Scan Count
# name 1 = timeJ: Julian Days
# name 2 = dz/dtM: Descent Rate [m/s]
# name 3 = prDM: Pressure, Digiquartz [db]
# name 4 = t090C: Temperature [ITS-90, deg C]
# name 5 = c0S/m: Conductivity [S/m]
# name 6 = sbeox0V: Oxygen Voltage, SBE 43
# name 7 = depSM: Depth [salt water, m]
# name 8 = flSP: Fluorescence, Seapoint
# name 9 = potemp090C: Potential Temperature [ITS-90, deg C]
# name 10 = sal00: Salinity [PSU]
# name 11 = density00: Density [density, Kg/m^3]
# name 12 = sigma-é00: Density [sigma-theta, Kg/m^3]
# name 13 = sbeox0ML/L: Oxygen, SBE 43 [ml/l], WS = 2
# name 14 = nbin: number of scans per bin
# name 15 = flag: flag
# span 0 =       9128,      16671       
# span 1 = 165.282527, 165.286164       
# span 2 =     -0.740,     -0.196       
# span 3 =      3.022,     46.305       
# span 4 =    20.1385,    20.2408       
# span 5 =   4.809287,   4.842390       
# span 6 =     3.3334,     3.5854       
# span 7 =      3.000,     46.000       
# span 8 = 4.3046e-01, 2.1960e+00       
# span 9 =    20.1344,    20.2391       
# span 10 =    34.9452,    35.2461      
# span 11 =  1024.6734,  1025.1035      
# span 12 =    24.6579,    24.9038      
# span 13 =    4.46220,    4.87231      
# span 14 =          6,         73      
# span 15 = 0.0000e+00, 0.0000e+00      
# interval = meters: 1                  
# start_time = Jun 13 2012 06:40:30
# bad_flag = -9.990e-29
*END*
       9128 165.282527     -0.315     46.305    20.1813   4.842390     3.3408     46.000 5.1068e-01    20.1727    35.2461  1025.1035    24.9038    4.48012         55 0.0000e+00
       9152 165.282538     -0.455     45.306    20.1811   4.842285     3.3415     45.000 4.9745e-01    20.1727    35.2458  1025.0989    24.9035    4.48088         42 0.0000e+00
       9264 165.282592     -0.273     44.290    20.1810   4.842220     3.3433     44.000 4.6823e-01    20.1728    35.2457  1025.0944    24.9034    4.48330         56 0.0000e+00
       9313 165.282616     -0.487     43.286    20.1808   4.842173     3.3443     43.000 4.7794e-01    20.1728    35.2458  1025.0902    24.9035    4.48431         45 0.0000e+00
       9358 165.282637     -0.545     42.281    20.1807   4.842096     3.3415     42.000 4.5971e-01    20.1728    35.2457  1025.0858    24.9034    4.47901         47 0.0000e+00
       9426 165.282670     -0.366     41.273    20.1806   4.841991     3.3421     41.000 4.8261e-01    20.1729    35.2453  1025.0811    24.9031    4.47945         38 0.0000e+00
       9501 165.282707     -0.385     40.268    20.1806   4.841880     3.3450     40.000 4.7254e-01    20.1731    35.2447  1025.0763    24.9026    4.48372         51 0.0000e+00
       9556 165.282733     -0.439     39.259    20.1804   4.841780     3.3428     39.000 4.7941e-01    20.1731    35.2444  1025.0717    24.9024    4.47947         50 0.0000e+00
       9597 165.282753     -0.581     38.256    20.1800   4.841586     3.3411     38.000 4.5810e-01    20.1729    35.2436  1025.0668    24.9018    4.47603         39 0.0000e+00
       9678 165.282792     -0.307     37.244    20.1796   4.841419     3.3386     37.000 4.6346e-01    20.1727    35.2429  1025.0620    24.9013    4.47116         40 0.0000e+00
       9740 165.282822     -0.467     36.243    20.1790   4.841197     3.3387     36.000 4.3799e-01    20.1723    35.2419  1025.0570    24.9007    4.47083         45 0.0000e+00
       9791 165.282846     -0.476     35.230    20.1781   4.840956     3.3388     35.000 4.4298e-01    20.1716    35.2410  1025.0522    24.9002    4.47044         47 0.0000e+00
       9834 165.282867     -0.557     34.227    20.1716   4.839481     3.3381     34.000 4.4344e-01    20.1653    35.2348  1025.0447    24.8971    4.46944         43 0.0000e+00
       9893 165.282895     -0.419     33.225    20.1584   4.836925     3.3334     33.000 4.7283e-01    20.1523    35.2253  1025.0366    24.8933    4.46220         34 0.0000e+00
       9979 165.282937     -0.306     32.213    20.1435   4.833723     3.3337     32.000 4.4344e-01    20.1375    35.2119  1025.0260    24.8870    4.46363         57 0.0000e+00
      10022 165.282957     -0.549     31.205    20.1402   4.832770     3.3380     31.000 4.3046e-01    20.1344    35.2072  1025.0189    24.8843    4.47053         35 0.0000e+00
      10056 165.282974     -0.693     30.202    20.1401   4.832589     3.3379     30.000 4.6094e-01    20.1345    35.2062  1025.0138    24.8835    4.46984         37 0.0000e+00
      10109 165.282999     -0.459     29.192    20.1421   4.832842     3.3398     29.000 5.5558e-01    20.1367    35.2069  1025.0094    24.8834    4.47234         64 0.0000e+00
      10172 165.283030     -0.394     28.188    20.1503   4.833807     3.3437     28.000 6.1590e-01    20.1451    35.2084  1025.0039    24.8823    4.47765         55 0.0000e+00
      10317 165.283100     -0.197     27.172    20.1532   4.833968     3.3501     27.000 6.1469e-01    20.1481    35.2077  1024.9982    24.8810    4.48761         12 0.0000e+00
      10403 165.283141     -0.384     26.169    20.1553   4.834065     3.3507     26.000 6.0634e-01    20.1504    35.2071  1024.9928    24.8799    4.48785         39 0.0000e+00
      10436 165.283157     -0.686     25.166    20.1570   4.834137     3.3541     25.000 6.2659e-01    20.1523    35.2066  1024.9876    24.8790    4.49295         31 0.0000e+00
      10473 165.283175     -0.690     24.164    20.1568   4.833981     3.3597     24.000 7.0227e-01    20.1524    35.2058  1024.9827    24.8784    4.50179         43 0.0000e+00
      10559 165.283217     -0.301     23.149    20.1522   4.833126     3.3541     23.000 6.7972e-01    20.1480    35.2030  1024.9773    24.8774    4.49218         45 0.0000e+00
      10622 165.283247     -0.398     22.147    20.1460   4.832104     3.3509     22.000 5.9741e-01    20.1419    35.2002  1024.9725    24.8770    4.48665         54 0.0000e+00
      10693 165.283281     -0.357     21.138    20.1405   4.831122     3.3489     21.000 5.9987e-01    20.1366    35.1971  1024.9672    24.8760    4.48322         47 0.0000e+00
      11179 165.283516     -0.438     20.137    20.1385   4.830710     3.3424     20.000 7.3761e-01    20.1347    35.1958  1024.9624    24.8755    4.47179         59 0.0000e+00
      11961 165.283893     -0.355     19.139    20.1472   4.831708     3.3407     19.000 8.2688e-01    20.1436    35.1971  1024.9567    24.8741    4.46770         39 0.0000e+00
      11971 165.283897     -0.686     18.118    20.1499   4.831913     3.3398     18.000 8.5858e-01    20.1466    35.1968  1024.9513    24.8731    4.46528         30 0.0000e+00
      12004 165.283913     -0.740     17.117    20.1517   4.831903     3.3408     17.000 1.0704e+00    20.1485    35.1956  1024.9455    24.8717    4.46634         39 0.0000e+00
      12138 165.283978     -0.287     16.104    20.1616   4.832650     3.3648     16.000 1.3455e+00    20.1586    35.1938  1024.9371    24.8676    4.50557         45 0.0000e+00
      12185 165.284001     -0.618     15.105    20.1628   4.832491     3.3727     15.000 1.4193e+00    20.1600    35.1919  1024.9310    24.8658    4.51825         37 0.0000e+00
      12274 165.284044     -0.474     14.099    20.1645   4.832499     3.3809     14.000 1.6315e+00    20.1618    35.1909  1024.9254    24.8645    4.53141         57 0.0000e+00
      14847 165.285285     -0.196     13.091    20.1679   4.830391     3.4349     13.000 1.8628e+00    20.1655    35.1711  1024.9050    24.8485    4.62236         46 0.0000e+00
      15641 165.285667     -0.368     12.081    20.1674   4.827186     3.4689     12.000 2.0272e+00    20.1651    35.1458  1024.8814    24.8293    4.67988         62 0.0000e+00
      15728 165.285710     -0.291     11.089    20.1697   4.823390     3.4763     11.000 2.1960e+00    20.1677    35.1131  1024.8515    24.8037    4.69246          6 0.0000e+00
      15912 165.285798     -0.237     10.066    20.2173   4.817157     3.5340     10.000 1.6770e+00    20.2154    35.0231  1024.7658    24.7224    4.78801         28 0.0000e+00
      16009 165.285845     -0.321      9.060    20.2408   4.813947     3.5578      9.000 1.5036e+00    20.2391    34.9777  1024.7206    24.6815    4.82678         73 0.0000e+00
      16086 165.285882     -0.299      8.057    20.2358   4.809412     3.5774      8.000 1.2830e+00    20.2343    34.9452  1024.6927    24.6579    4.86061         28 0.0000e+00
      16234 165.285953     -0.262      7.046    20.2352   4.809849     3.5814      7.000 1.3978e+00    20.2339    34.9496  1024.6918    24.6614    4.86667         51 0.0000e+00
      16325 165.285997     -0.301      6.043    20.2349   4.809642     3.5781      6.000 1.4354e+00    20.2338    34.9485  1024.6867    24.6606    4.86045         25 0.0000e+00
      16444 165.286055     -0.292      5.033    20.2330   4.809336     3.5854      5.000 1.2970e+00    20.2320    34.9480  1024.6824    24.6607    4.87231         61 0.0000e+00
      16530 165.286096     -0.370      4.026    20.2328   4.809287     3.5832      4.000 1.5820e+00    20.2321    34.9481  1024.6782    24.6608    4.86801         15 0.0000e+00
      16671 165.286164     -0.242      3.022    20.2337   4.809320     3.5788      3.000 1.2911e+00    20.2331    34.9480  1024.6734    24.6604    4.85976         47 0.0000e+00
