jupyter/NEMEA/teste_rotina/cnvs/uMCTV013.cnv
* Sea-Bird SBE 9 Data File:
* FileName = D:\ACEX\brutos\MCTV013.hex
* Software Version Seasave V 7.17
* Temperature SN = 4821
* Conductivity SN = 3367
* Number of Bytes Per Scan = 21
* Number of Voltage Words = 3
* Number of Scans Averaged by the Deck Unit = 1
** H38 
** NHo Cruzeiro do Sul 
** 222 
** MCTV ACEx 
**   013
**   29 30.186S
**   047 50.440W
**   13/06/2012 13:45Z
**   509
** 9P46375-0882 
**   PESQ. CATARINA CECILIO
# nquan = 16
# nvalues = 383                         
# units = specified
# name 0 = scan: Scan Count
# name 1 = timeJ: Julian Days
# name 2 = dz/dtM: Descent Rate [m/s]
# name 3 = prDM: Pressure, Digiquartz [db]
# name 4 = t090C: Temperature [ITS-90, deg C]
# name 5 = c0S/m: Conductivity [S/m]
# name 6 = sbeox0V: Oxygen Voltage, SBE 43
# name 7 = depSM: Depth [salt water, m]
# name 8 = flSP: Fluorescence, Seapoint
# name 9 = potemp090C: Potential Temperature [ITS-90, deg C]
# name 10 = sal00: Salinity [PSU]
# name 11 = density00: Density [density, Kg/m^3]
# name 12 = sigma-é00: Density [sigma-theta, Kg/m^3]
# name 13 = sbeox0ML/L: Oxygen, SBE 43 [ml/l], WS = 2
# name 14 = nbin: number of scans per bin
# name 15 = flag: flag
# span 0 =      21664,      39991       
# span 1 = 167.458410, 167.467248       
# span 2 =     -1.319,     -0.171       
# span 3 =      2.040,    386.885       
# span 4 =    12.1836,    20.7540       
# span 5 =   4.092202,   5.081629       
# span 6 =     2.3213,     3.4902       
# span 7 =      2.000,    384.000       
# span 8 = 4.6570e-02, 4.3643e-01       
# span 9 =    12.1319,    20.7536       
# span 10 =    35.5573,    36.7169      
# span 11 =  1025.8766,  1028.7134      
# span 12 =    25.8679,    26.9967      
# span 13 =    3.25792,    4.66854      
# span 14 =          7,         63      
# span 15 = 0.0000e+00, 0.0000e+00      
# interval = meters: 1                  
# start_time = Jun 15 2012 10:45:04
# bad_flag = -9.990e-29
*END*
[from data line 362]
      38451 167.466505     -0.546     22.360    20.7415   5.080012     3.4817     22.000 1.1763e-01    20.7372    36.7156  1025.9686    25.8725    4.61798         26 0.0000e+00
      38482 167.466521     -0.830     21.190    20.7415   5.079947     3.4839     21.000 1.1127e-01    20.7375    36.7155  1025.9634    25.8723    4.62083         27 0.0000e+00
      38519 167.466538     -0.766     20.141    20.7427   5.080022     3.4825     20.000 1.1515e-01    20.7389    36.7154  1025.9585    25.8719    4.61776         39 0.0000e+00
      38574 167.466565     -0.398     19.161    20.7421   5.079891     3.4763     19.000 1.1074e-01    20.7385    36.7152  1025.9542    25.8719    4.60686         35 0.0000e+00
      38608 167.466582     -0.701     18.124    20.7418   5.079816     3.4835     18.000 1.0724e-01    20.7383    36.7153  1025.9498    25.8720    4.61816         33 0.0000e+00
      38651 167.466602     -0.580     17.122    20.7422   5.079843     3.4852     17.000 1.0525e-01    20.7389    36.7156  1025.9456    25.8720    4.62037         42 0.0000e+00
      38689 167.466620     -0.585     16.110    20.7438   5.079976     3.4849     16.000 1.0185e-01    20.7407    36.7156  1025.9408    25.8716    4.61913         26 0.0000e+00
      38713 167.466632     -0.877     15.104    20.7443   5.079974     3.4837     15.000 9.6454e-02    20.7414    36.7155  1025.9362    25.8713    4.61652         24 0.0000e+00
      38738 167.466644     -1.001     14.105    20.7449   5.079906     3.4851     14.000 9.7337e-02    20.7422    36.7149  1025.9312    25.8706    4.61814         23 0.0000e+00
      38775 167.466662     -0.716     13.091    20.7442   5.079841     3.4855     13.000 1.0000e-01    20.7417    36.7153  1025.9273    25.8711    4.61822         43 0.0000e+00
      38823 167.466685     -0.498     12.083    20.7427   5.079650     3.4887     12.000 1.0821e-01    20.7404    36.7154  1025.9234    25.8715    4.62295         47 0.0000e+00
      38870 167.466708     -0.501     11.078    20.7425   5.079577     3.4875     11.000 9.6763e-02    20.7404    36.7153  1025.9190    25.8714    4.62038         35 0.0000e+00
      38912 167.466728     -0.596     10.074    20.7428   5.079575     3.4851     10.000 9.5676e-02    20.7409    36.7154  1025.9147    25.8714    4.61581         45 0.0000e+00
      39036 167.466788     -0.232      9.059    20.7463   5.079890     3.4875      9.000 9.3988e-02    20.7446    36.7153  1025.9092    25.8703    4.61884         54 0.0000e+00
      39207 167.466870     -0.182      8.049    20.7505   5.080328     3.4867      8.000 8.9096e-02    20.7490    36.7156  1025.9039    25.8693    4.61657         31 0.0000e+00
      39311 167.466920     -0.255      7.056    20.7513   5.080388     3.4888      7.000 8.8635e-02    20.7500    36.7158  1025.8995    25.8692    4.61937         49 0.0000e+00
      39447 167.466986     -0.226      6.045    20.7510   5.080341     3.4861      6.000 8.5773e-02    20.7498    36.7161  1025.8954    25.8694    4.61424         47 0.0000e+00
      39525 167.467024     -0.355      5.037    20.7503   5.080201     3.4869      5.000 8.6273e-02    20.7494    36.7159  1025.8910    25.8694    4.61509         40 0.0000e+00
      39642 167.467080     -0.242      4.031    20.7510   5.080242     3.4868      4.000 8.5900e-02    20.7503    36.7159  1025.8865    25.8692    4.61420         52 0.0000e+00
      39774 167.467144     -0.344      3.028    20.7523   5.080288     3.4886      3.000 8.1346e-02    20.7517    36.7156  1025.8815    25.8685    4.61637         49 0.0000e+00
      39991 167.467248     -0.467      2.040    20.7540   5.080404     3.4902      2.000 8.0976e-02    20.7536    36.7154  1025.8766    25.8679    4.61838         44 0.0000e+00
