jupyter/NEMEA/teste_rotina/cnvs/uMCTV025a.cnv
* Sea-Bird SBE 19plus V2 Data File:
* FileName = D:\ACEX_ctd\brutos\MCTV025a.hex
* Software Version Seasave V 7.17
* Temperature SN = 6161
* Conductivity SN = 6161
* System UpLoad Time = Jun 19 2012 10:59:36
** H38 
** NHo Cruzeiro do Sul 
** 222 
** MCT V 
**   025a
**   33 46.65 S
**   051 07.44 W
**   19/06/2012 13:13 Z
**   670
** 9P46375-0882 
**   CT Fernandes
# nquan = 14
# nvalues = 460                         
# units = specified
# name 0 = scan: Scan Count
# name 1 = timeJ: Julian Days
# name 2 = dz/dtM: Descent Rate [m/s]
# name 3 = prdM: Pressure, Strain Gauge [db]
# name 4 = tv290C: Temperature [ITS-90, deg C]
# name 5 = c0S/m: Conductivity [S/m]
# name 6 = depSM: Depth [salt water, m]
# name 7 = oxsatML/L: Oxygen Saturation [ml/l]
# name 8 = flSP: Fluorescence, Seapoint
# name 9 = potemp090C: Potential Temperature [ITS-90, deg C]
# name 10 = sal00: Salinity [PSU]
# name 11 = density00: Density [density, Kg/m^3]
# name 12 = oxsatML/L: Oxygen Saturation [ml/l]
# name 13 = flag: flag
# span 0 =       5270,       9297       
# span 1 = 171.473302, 171.484954       
# span 2 =     -1.719,      0.057       
# span 3 =      1.939,    464.043       
# span 4 =     7.4819,    20.2644       
# span 5 =   3.549186,   4.981114       
# span 6 =      2.000,    461.000       
# span 7 =    5.10126,    6.70735       
# span 8 = 4.4908e+00, 5.1794e+00       
# span 9 =     7.4363,    20.2522       
# span 10 =    34.5136,    36.3425      
# span 11 =  1025.3010,  1029.0832      
# span 12 =    5.10114,    6.70739      
# span 13 = 0.0000e+00, 0.0000e+00      
# interval = meters: 1                  
# start_time = Jun 19 2012 10:59:36
# bad_flag = -9.990e-29
*END*
[from data line 310]
       8055 171.481359     -0.550    151.975    16.6067   4.544943    151.000    5.48379 4.8832e+00    16.5819    35.7717  1026.8692    5.48372 0.0000e+00
       8068 171.481397     -0.375    150.735    16.6267   4.547090    150.000    5.48159 4.8832e+00    16.6020    35.7733  1026.8602    5.48152 0.0000e+00
       8072 171.481410     -0.750    149.959    16.6418   4.549280    149.000    5.47976 4.8832e+00    16.6173    35.7794  1026.8579    5.47970 0.0000e+00
       8081 171.481437     -0.430    148.835    16.6633   4.551207    148.000    5.47753 4.8831e+00    16.6389    35.7776  1026.8465    5.47747 0.0000e+00
       8090 171.481460     -0.500    147.735    16.6705   4.551968    147.000    5.47674 4.8830e+00    16.6463    35.7783  1026.8405    5.47668 0.0000e+00
       8094 171.481474     -0.839    146.877    16.6785   4.553308    146.000    5.47569 4.8832e+00    16.6545    35.7833  1026.8386    5.47565 0.0000e+00
       8099 171.481488     -0.816    145.918    16.6939   4.555389    145.000    5.47390 4.8832e+00    16.6701    35.7882  1026.8345    5.47384 0.0000e+00
       8111 171.481523     -0.348    144.712    16.7432   4.560989    144.000    5.46846 4.8831e+00    16.7194    35.7940  1026.8219    5.46840 0.0000e+00
       8124 171.481560     -0.466    143.397    16.7641   4.562508    143.000    5.46640 4.8830e+00    16.7405    35.7893  1026.8074    5.46634 0.0000e+00
       8126 171.481565     -1.103    142.749    16.7632   4.562553    142.000    5.46641 4.8830e+00    16.7398    35.7907  1026.8058    5.46637 0.0000e+00
       8128 171.481571     -1.548    142.097    16.7635   4.562249    141.000    5.46648 4.8831e+00    16.7401    35.7881  1026.8009    5.46644 0.0000e+00
       8131 171.481580     -1.657    141.363    16.7613   4.561933    140.000    5.46672 4.8831e+00    16.7381    35.7875  1026.7978    5.46669 0.0000e+00
       8152 171.481641     -0.331    139.486    16.7545   4.561022    139.000    5.46747 4.8831e+00    16.7316    35.7863  1026.7902    5.46745 0.0000e+00
       8155 171.481650     -0.814    138.607    16.7530   4.561285    138.000    5.46750 4.8831e+00    16.7302    35.7903  1026.7898    5.46748 0.0000e+00
       8158 171.481659     -1.121    137.858    16.7588   4.562262    137.000    5.46674 4.8831e+00    16.7362    35.7940  1026.7880    5.46674 0.0000e+00
       8161 171.481666     -1.404    137.168    16.7662   4.563097    136.000    5.46593 4.8831e+00    16.7437    35.7950  1026.7840    5.46592 0.0000e+00
       8171 171.481696     -0.935    135.963    16.7793   4.564375    135.000    5.46454 4.8831e+00    16.7570    35.7950  1026.7755    5.46452 0.0000e+00
       8183 171.481730     -0.927    134.644    16.7881   4.565302    134.000    5.46357 4.8830e+00    16.7660    35.7958  1026.7683    5.46356 0.0000e+00
       8184 171.481733     -1.524    134.045    16.7911   4.565717    133.000    5.46322 4.8830e+00    16.7690    35.7971  1026.7659    5.46320 0.0000e+00
       8191 171.481752     -1.074    133.048    16.8008   4.566771    132.000    5.46215 4.8831e+00    16.7790    35.7980  1026.7599    5.46213 0.0000e+00
       8210 171.481808     -0.119    131.388    16.8145   4.568100    131.000    5.46070 4.8833e+00    16.7929    35.7981  1026.7494    5.46067 0.0000e+00
       8212 171.481815     -0.748    130.645    16.8178   4.568733    130.000    5.46024 4.8833e+00    16.7963    35.8010  1026.7476    5.46023 0.0000e+00
       8216 171.481825     -1.068    129.896    16.8230   4.569200    129.000    5.45970 4.8833e+00    16.8016    35.8008  1026.7429    5.45969 0.0000e+00
       8221 171.481841     -0.832    128.934    16.8332   4.570613    128.000    5.45850 4.8833e+00    16.8120    35.8045  1026.7390    5.45848 0.0000e+00
       8234 171.481878     -0.287    127.682    16.8504   4.572309    127.000    5.45668 4.8834e+00    16.8294    35.8046  1026.7295    5.45665 0.0000e+00
       8244 171.481907     -0.414    126.494    16.8539   4.572623    126.000    5.45629 4.8833e+00    16.8331    35.8046  1026.7234    5.45627 0.0000e+00
       8248 171.481917     -0.824    125.734    16.8546   4.572563    125.000    5.45626 4.8833e+00    16.8339    35.8038  1026.7193    5.45623 0.0000e+00
       8251 171.481927     -1.120    125.009    16.8593   4.574104    124.000    5.45547 4.8833e+00    16.8388    35.8134  1026.7224    5.45541 0.0000e+00
       8265 171.481967     -0.277    123.610    16.9214   4.582317    123.000    5.44829 4.8832e+00    16.9010    35.8307  1026.7146    5.44827 0.0000e+00
       8271 171.481985     -0.790    122.775    16.9462   4.585781    122.000    5.44542 4.8834e+00    16.9259    35.8393  1026.7115    5.44537 0.0000e+00
       8278 171.482006     -0.592    121.739    17.0078   4.591816    121.000    5.43898 4.8833e+00    16.9877    35.8376  1026.6909    5.43891 0.0000e+00
       8287 171.482032     -0.409    120.576    17.0427   4.595705    120.000    5.43519 4.8833e+00    17.0226    35.8411  1026.6800    5.43512 0.0000e+00
       8292 171.482045     -0.784    119.836    17.0582   4.597134    119.000    5.43360 4.8833e+00    17.0383    35.8400  1026.6722    5.43352 0.0000e+00
       8303 171.482078     -0.197    118.516    17.1034   4.603715    118.000    5.42827 4.8834e+00    17.0837    35.8578  1026.6691    5.42818 0.0000e+00
       8308 171.482092     -0.684    117.771    17.1531   4.610320    117.000    5.42267 4.8833e+00    17.1335    35.8715  1026.6644    5.42251 0.0000e+00
       8318 171.482120     -0.397    116.676    17.4449   4.650658    116.000    5.38935 4.8833e+00    17.4252    35.9637  1026.6591    5.38911 0.0000e+00
       8327 171.482146     -0.530    115.683    17.6383   4.669996    115.000    5.36952 4.8833e+00    17.6187    35.9600  1026.6043    5.36923 0.0000e+00
       8336 171.482174     -0.387    114.470    17.7787   4.688988    114.000    5.35380 4.8832e+00    17.7592    36.0001  1026.5951    5.35350 0.0000e+00
       8341 171.482187     -0.696    113.634    17.8966   4.700866    113.000    5.34186 4.8832e+00    17.8771    35.9984  1026.5609    5.34150 0.0000e+00
       8345 171.482198     -0.983    112.906    17.9458   4.705587    112.000    5.33693 4.8832e+00    17.9264    35.9958  1026.5435    5.33658 0.0000e+00
       8359 171.482241     -0.100    111.470    18.0674   4.718325    111.000    5.32442 4.8832e+00    18.0481    35.9985  1026.5088    5.32413 0.0000e+00
       8365 171.482257     -0.696    110.712    18.0871   4.721081    110.000    5.32217 4.8832e+00    18.0680    36.0049  1026.5055    5.32193 0.0000e+00
       8376 171.482288     -0.340    109.564    18.1298   4.725343    109.000    5.31782 4.8833e+00    18.1108    36.0043  1026.4893    5.31763 0.0000e+00
       8385 171.482315     -0.476    108.328    18.1438   4.726695    108.000    5.31639 4.8832e+00    18.1250    36.0040  1026.4801    5.31622 0.0000e+00
       8388 171.482322     -0.981    107.612    18.1486   4.727682    107.000    5.31575 4.8831e+00    18.1299    36.0085  1026.4793    5.31560 0.0000e+00
       8390 171.482330     -1.307    106.898    18.1599   4.729345    106.000    5.31444 4.8831e+00    18.1414    36.0130  1026.4768    5.31431 0.0000e+00
       8403 171.482368     -0.658    105.702    18.1929   4.732884    105.000    5.31104 4.8832e+00    18.1746    36.0147  1026.4645    5.31093 0.0000e+00
       8420 171.482416     -0.342    104.220    18.2294   4.739373    104.000    5.30657 4.8833e+00    18.2112    36.0386  1026.4672    5.30649 0.0000e+00
       8422 171.482422     -0.812    103.489    18.2791   4.744935    103.000    5.30144 4.8833e+00    18.2611    36.0425  1026.4545    5.30136 0.0000e+00
       8425 171.482430     -1.201    102.789    18.2977   4.745614    102.000    5.29991 4.8833e+00    18.2798    36.0323  1026.4389    5.29981 0.0000e+00
       8434 171.482457     -0.698    101.688    18.3130   4.747012    101.000    5.29841 4.8833e+00    18.2952    36.0312  1026.4294    5.29831 0.0000e+00
       8446 171.482492     -0.570    100.445    18.3288   4.749443    100.000    5.29658 4.8832e+00    18.3113    36.0385  1026.4255    5.29649 0.0000e+00
       8451 171.482506     -0.869     99.581    18.3576   4.753666     99.000    5.29330 4.8832e+00    18.3402    36.0496  1026.4229    5.29326 0.0000e+00
       8455 171.482518     -0.946     98.799    18.3843   4.756133     98.000    5.29076 4.8833e+00    18.3670    36.0473  1026.4111    5.29065 0.0000e+00
       8469 171.482559     -0.224     97.395    18.5193   4.773718     97.000    5.27631 4.8833e+00    18.5021    36.0789  1026.3949    5.27616 0.0000e+00
       8475 171.482575     -0.785     96.577    18.5766   4.783532     96.000    5.26948 4.8832e+00    18.5596    36.1121  1026.4021    5.26941 0.0000e+00
       8482 171.482596     -0.620     95.608    18.7142   4.798941     95.000    5.25562 4.8832e+00    18.6973    36.1223  1026.3705    5.25545 0.0000e+00
       8495 171.482632     -0.237     94.251    18.8446   4.812507     94.000    5.24279 4.8833e+00    18.8278    36.1233  1026.3320    5.24252 0.0000e+00
       8497 171.482640     -0.877     93.608    18.8729   4.817598     93.000    5.23933 4.8833e+00    18.8562    36.1417  1026.3360    5.23916 0.0000e+00
       8507 171.482668     -0.575     92.570    18.9466   4.825033     92.000    5.23216 4.8833e+00    18.9300    36.1404  1026.3115    5.23197 0.0000e+00
       8520 171.482707     -0.433     91.271    18.9991   4.830509     91.000    5.22695 4.8835e+00    18.9827    36.1411  1026.2928    5.22680 0.0000e+00
       8524 171.482716     -0.908     90.521    19.0117   4.831708     90.000    5.22573 4.8835e+00    18.9955    36.1404  1026.2857    5.22558 0.0000e+00
       8528 171.482727     -1.082     89.729    19.0213   4.833949     89.000    5.22452 4.8835e+00    19.0052    36.1512  1026.2880    5.22431 0.0000e+00
       8537 171.482755     -0.440     88.552    19.2262   4.862722     88.000    5.20256 4.8835e+00    19.2102    36.2142  1026.2779    5.20239 0.0000e+00
       8548 171.482786     -0.420     87.455    19.3516   4.874278     87.000    5.19082 4.8834e+00    19.3357    36.2021  1026.2312    5.19060 0.0000e+00
       8556 171.482810     -0.446     86.466    19.4102   4.881761     86.000    5.18477 4.8834e+00    19.3945    36.2138  1026.2205    5.18458 0.0000e+00
       8568 171.482843     -0.198     85.024    19.4957   4.891776     85.000    5.17635 4.8834e+00    19.4802    36.2235  1026.1993    5.17604 0.0000e+00
       8569 171.482848     -0.812     84.411    19.5290   4.900744     84.000    5.17149 4.8833e+00    19.5136    36.2695  1026.2230    5.17144 0.0000e+00
       8572 171.482856     -1.269     83.767    19.5933   4.905715     83.000    5.16593 4.8834e+00    19.5780    36.2552  1026.1922    5.16570 0.0000e+00
       8584 171.482890     -0.510     82.467    19.7274   4.921654     82.000    5.15260 4.8833e+00    19.7123    36.2716  1026.1637    5.15238 0.0000e+00
       8593 171.482917     -0.680     81.382    19.7830   4.928021     81.000    5.14711 4.8833e+00    19.7680    36.2766  1026.1481    5.14693 0.0000e+00
       8597 171.482929     -0.971     80.589    19.8134   4.930977     80.000    5.14427 4.8832e+00    19.7985    36.2750  1026.1354    5.14408 0.0000e+00
       8605 171.482951     -0.608     79.550    19.8502   4.935395     79.000    5.14059 4.8833e+00    19.8355    36.2800  1026.1250    5.14043 0.0000e+00
       8617 171.482985     -0.295     78.268    19.8906   4.940091     78.000    5.13660 4.8833e+00    19.8761    36.2843  1026.1120    5.13647 0.0000e+00
       8622 171.483000     -0.647     77.363    19.9185   4.943493     77.000    5.13381 4.8833e+00    19.9041    36.2887  1026.1039    5.13369 0.0000e+00
       8626 171.483013     -0.884     76.561    19.9307   4.944275     76.000    5.13277 4.8833e+00    19.9165    36.2849  1026.0943    5.13266 0.0000e+00
       8636 171.483041     -0.447     75.424    19.9437   4.945812     75.000    5.13147 4.8833e+00    19.9297    36.2868  1026.0873    5.13137 0.0000e+00
       8647 171.483072     -0.457     74.219    19.9625   4.949197     74.000    5.12937 4.8834e+00    19.9487    36.2988  1026.0862    5.12922 0.0000e+00
       8650 171.483081     -0.976     73.528    19.9951   4.957883     73.000    5.12483 4.8834e+00    19.9814    36.3425  1026.1079    5.12482 0.0000e+00
       8657 171.483102     -0.662     72.506    20.1410   4.972650     72.000    5.11133 4.8835e+00    20.1274    36.3384  1026.0613    5.11121 0.0000e+00
       8669 171.483136     -0.247     71.188    20.2486   4.981114     71.000    5.10197 4.8836e+00    20.2353    36.3155  1026.0093    5.10179 0.0000e+00
       8672 171.483146     -0.772     70.485    20.2505   4.980879     70.000    5.10186 4.8835e+00    20.2373    36.3122  1026.0032    5.10171 0.0000e+00
       8680 171.483170     -0.503     69.361    20.2593   4.980716     69.000    5.10126 4.8835e+00    20.2463    36.3037  1025.9895    5.10114 0.0000e+00
       8688 171.483190     -0.537     68.336    20.2602   4.978120     68.000    5.10181 4.8835e+00    20.2473    36.2821  1025.9683    5.10171 0.0000e+00
       8693 171.483207     -0.650     67.466    20.2615   4.975734     67.000    5.10228 4.8834e+00    20.2489    36.2617  1025.9486    5.10220 0.0000e+00
       8705 171.483241     -0.174     66.090    20.2599   4.974390     66.000    5.10268 4.8833e+00    20.2475    36.2526  1025.9360    5.10262 0.0000e+00
       8708 171.483250     -0.758     65.418    20.2644   4.975289     65.000    5.10212 4.8834e+00    20.2522    36.2563  1025.9348    5.10209 0.0000e+00
       8716 171.483273     -0.514     64.369    20.2329   4.967369     64.000    5.10620 4.8834e+00    20.2208    36.2188  1025.9101    5.10617 0.0000e+00
       8726 171.483302     -0.411     63.117    20.1977   4.961842     63.000    5.10988 4.8832e+00    20.1859    36.2042  1025.9030    5.10991 0.0000e+00
       8729 171.483311     -0.977     62.414    20.1894   4.959855     62.000    5.11097 4.8833e+00    20.1778    36.1953  1025.8953    5.11096 0.0000e+00
       8733 171.483323     -1.103     61.584    20.1803   4.958263     61.000    5.11195 4.8833e+00    20.1688    36.1903  1025.8903    5.11196 0.0000e+00
       8744 171.483353     -0.379     60.364    20.1629   4.955415     60.000    5.11382 4.8834e+00    20.1516    36.1824  1025.8836    5.11384 0.0000e+00
       8756 171.483388     -0.355     59.121    20.1578   4.954331     59.000    5.11443 4.8835e+00    20.1467    36.1783  1025.8765    5.11445 0.0000e+00
       8761 171.483402     -0.704     58.222    20.1539   4.952266     58.000    5.11516 4.8835e+00    20.1431    36.1650  1025.8635    5.11521 0.0000e+00
       8764 171.483412     -0.960     57.416    20.1296   4.946187     57.000    5.11835 4.8835e+00    20.1189    36.1363  1025.8446    5.11837 0.0000e+00
       8769 171.483427     -0.884     56.485    20.0819   4.938063     56.000    5.12360 4.8834e+00    20.0713    36.1108  1025.8338    5.12363 0.0000e+00
       8779 171.483454     -0.383     55.308    20.0267   4.930680     55.000    5.12916 4.8833e+00    20.0164    36.0979  1025.8335    5.12923 0.0000e+00
       8789 171.483483     -0.386     54.273    20.0035   4.927445     54.000    5.13155 4.8835e+00    19.9934    36.0916  1025.8304    5.13162 0.0000e+00
       8799 171.483514     -0.361     52.975    19.9861   4.924093     53.000    5.13359 4.8835e+00    19.9762    36.0794  1025.8201    5.13364 0.0000e+00
       8803 171.483523     -0.801     52.148    19.9724   4.922384     52.000    5.13494 4.8836e+00    19.9627    36.0774  1025.8186    5.13500 0.0000e+00
       8805 171.483531     -1.156     51.406    19.9679   4.921820     51.000    5.13538 4.8836e+00    19.9584    36.0769  1025.8161    5.13543 0.0000e+00
       8809 171.483541     -1.256     50.621    19.9647   4.921808     50.000    5.13560 4.8835e+00    19.9553    36.0799  1025.8158    5.13565 0.0000e+00
