jupyter/NEMEA/teste_rotina/cnvs/uMCTV013.cnv
* Sea-Bird SBE 9 Data File:
* FileName = D:\ACEX\brutos\MCTV013.hex
* Software Version Seasave V 7.17
* Temperature SN = 4821
* Conductivity SN = 3367
* Number of Bytes Per Scan = 21
* Number of Voltage Words = 3
* Number of Scans Averaged by the Deck Unit = 1
** H38 
** NHo Cruzeiro do Sul 
** 222 
** MCTV ACEx 
**   013
**   29 30.186S
**   047 50.440W
**   13/06/2012 13:45Z
**   509
** 9P46375-0882 
**   PESQ. CATARINA CECILIO
# nquan = 16
# nvalues = 383                         
# units = specified
# name 0 = scan: Scan Count
# name 1 = timeJ: Julian Days
# name 2 = dz/dtM: Descent Rate [m/s]
# name 3 = prDM: Pressure, Digiquartz [db]
# name 4 = t090C: Temperature [ITS-90, deg C]
# name 5 = c0S/m: Conductivity [S/m]
# name 6 = sbeox0V: Oxygen Voltage, SBE 43
# name 7 = depSM: Depth [salt water, m]
# name 8 = flSP: Fluorescence, Seapoint
# name 9 = potemp090C: Potential Temperature [ITS-90, deg C]
# name 10 = sal00: Salinity [PSU]
# name 11 = density00: Density [density, Kg/m^3]
# name 12 = sigma-é00: Density [sigma-theta, Kg/m^3]
# name 13 = sbeox0ML/L: Oxygen, SBE 43 [ml/l], WS = 2
# name 14 = nbin: number of scans per bin
# name 15 = flag: flag
# span 0 =      21664,      39991       
# span 1 = 167.458410, 167.467248       
# span 2 =     -1.319,     -0.171       
# span 3 =      2.040,    386.885       
# span 4 =    12.1836,    20.7540       
# span 5 =   4.092202,   5.081629       
# span 6 =     2.3213,     3.4902       
# span 7 =      2.000,    384.000       
# span 8 = 4.6570e-02, 4.3643e-01       
# span 9 =    12.1319,    20.7536       
# span 10 =    35.5573,    36.7169      
# span 11 =  1025.8766,  1028.7134      
# span 12 =    25.8679,    26.9967      
# span 13 =    3.25792,    4.66854      
# span 14 =          7,         63      
# span 15 = 0.0000e+00, 0.0000e+00      
# interval = meters: 1                  
# start_time = Jun 15 2012 10:45:04
# bad_flag = -9.990e-29
*END*
      21664 167.458410     -0.171    386.885    12.1836   4.092202     2.8091    384.000 4.7793e-02    12.1319    35.5573  1028.7134    26.9967    4.35268         57 0.0000e+00
      22786 167.458951     -0.188    385.871    12.3473   4.110653     2.8200    383.000 4.8031e-02    12.2953    35.5815  1028.6946    26.9837    4.35943         54 0.0000e+00
      23920 167.459498     -0.250    384.868    12.4219   4.119343     2.8252    382.000 4.7821e-02    12.3699    35.5954  1028.6858    26.9799    4.36261         38 0.0000e+00
      24139 167.459603     -0.238    383.849    12.4546   4.123059     2.8345    381.000 4.7357e-02    12.4026    35.6009  1028.6788    26.9777    4.37810         42 0.0000e+00
      24178 167.459622     -0.401    382.845    12.5383   4.132322     2.8374    380.000 4.7852e-02    12.4862    35.6115  1028.6655    26.9695    4.37572         44 0.0000e+00
      24248 167.459656     -0.410    381.840    12.5583   4.135071     2.8473    379.000 4.8523e-02    12.5063    35.6196  1028.6632    26.9718    4.39330         27 0.0000e+00
      24300 167.459681     -0.457    380.831    12.5814   4.137459     2.8444    378.000 4.8298e-02    12.5294    35.6212  1028.6553    26.9685    4.38478         43 0.0000e+00
      24364 167.459712     -0.502    379.826    12.5923   4.138658     2.8399    377.000 4.8148e-02    12.5405    35.6229  1028.6498    26.9676    4.37389         35 0.0000e+00
      24472 167.459764     -0.355    378.815    12.6236   4.141689     2.7706    376.000 4.8129e-02    12.5718    35.6229  1028.6390    26.9614    4.22878         43 0.0000e+00
      24547 167.459801     -0.326    377.799    12.6554   4.144254     2.7212    375.000 4.7682e-02    12.6038    35.6180  1028.6241    26.9513    4.12475         39 0.0000e+00
      24590 167.459821     -0.569    376.803    12.6660   4.146518     2.7594    374.000 4.8237e-02    12.6144    35.6302  1028.6269    26.9586    4.20106         34 0.0000e+00
      24643 167.459846     -0.459    375.786    12.6928   4.148162     2.7037    373.000 4.7859e-02    12.6413    35.6212  1028.6100    26.9463    4.08472         63 0.0000e+00
      24737 167.459892     -0.183    374.773    12.6996   4.146717     2.5749    372.000 4.7609e-02    12.6482    35.6013  1028.5887    26.9295    3.82130         39 0.0000e+00
      24775 167.459910     -0.646    373.778    12.7066   4.151189     2.6876    371.000 4.7939e-02    12.6553    35.6381  1028.6113    26.9567    4.04925         30 0.0000e+00
      24826 167.459935     -0.485    372.757    12.7093   4.150746     2.6998    370.000 4.8118e-02    12.6581    35.6318  1028.6013    26.9512    4.07355         55 0.0000e+00
      24880 167.459961     -0.481    371.762    12.7110   4.151034     2.6801    369.000 4.7995e-02    12.6600    35.6333  1028.5977    26.9520    4.03262         49 0.0000e+00
      24942 167.459991     -0.353    370.746    12.7134   4.150787     2.6440    368.000 4.7449e-02    12.6625    35.6291  1028.5895    26.9482    3.95844         45 0.0000e+00
      25056 167.460046     -0.272    369.744    12.7177   4.150680     2.5384    367.000 4.7275e-02    12.6669    35.6245  1028.5806    26.9437    3.74253         45 0.0000e+00
      25174 167.460103     -0.225    368.722    12.7510   4.154445     2.6710    366.000 4.7381e-02    12.7003    35.6297  1028.5732    26.9411    4.00928         39 0.0000e+00
      25219 167.460124     -0.598    367.726    12.7906   4.160799     2.7437    365.000 4.7556e-02    12.7399    35.6537  1028.5792    26.9519    4.15285         30 0.0000e+00
      25299 167.460163     -0.478    366.739    12.8035   4.161798     2.7337    364.000 4.8039e-02    12.7529    35.6516  1028.5705    26.9476    4.13078         36 0.0000e+00
      25408 167.460216     -0.286    365.698    12.8228   4.164316     2.8182    363.000 4.7639e-02    12.7723    35.6580  1028.5668    26.9487    4.30018         47 0.0000e+00
      25493 167.460256     -0.294    364.700    12.8501   4.166632     2.7900    362.000 4.8443e-02    12.7997    35.6549  1028.5544    26.9408    4.24012         38 0.0000e+00
      25557 167.460288     -0.430    363.718    12.8559   4.167444     2.7385    361.000 4.8367e-02    12.8056    35.6576  1028.5509    26.9417    4.13440         34 0.0000e+00
      25681 167.460347     -0.233    362.685    12.8996   4.171750     2.7281    360.000 4.6799e-02    12.8493    35.6581  1028.5377    26.9333    4.10922         36 0.0000e+00
      25729 167.460370     -0.538    361.679    12.9069   4.172838     2.7526    359.000 4.8492e-02    12.8567    35.6621  1028.5348    26.9349    4.15745         30 0.0000e+00
      25782 167.460396     -0.506    360.680    12.9495   4.176495     2.7613    358.000 4.7995e-02    12.8994    35.6574  1028.5178    26.9227    4.17126         43 0.0000e+00
      25877 167.460442     -0.386    359.684    12.9877   4.180235     2.6635    357.000 4.7524e-02    12.9376    35.6576  1028.5057    26.9152    3.96956         39 0.0000e+00
      25929 167.460467     -0.482    358.644    13.0146   4.183612     2.6876    356.000 4.7469e-02    12.9646    35.6650  1028.5012    26.9155    4.01534         50 0.0000e+00
      25973 167.460488     -0.564    357.641    13.0297   4.183773     2.6171    355.000 4.7742e-02    12.9799    35.6527  1028.4841    26.9029    3.87140         40 0.0000e+00
      26034 167.460517     -0.360    356.629    13.0522   4.182098     2.5454    354.000 4.7830e-02    13.0025    35.6161  1028.4466    26.8699    3.72517         54 0.0000e+00
      26097 167.460548     -0.392    355.620    13.0579   4.180550     2.4436    353.000 4.7718e-02    13.0083    35.5964  1028.4257    26.8535    3.51899         55 0.0000e+00
      26149 167.460573     -0.469    354.646    13.0958   4.181149     2.3667    352.000 4.7064e-02    13.0462    35.5671  1028.3908    26.8231    3.36116         41 0.0000e+00
      26238 167.460616     -0.296    353.689    13.1363   4.193004     2.5245    351.000 4.7593e-02    13.0867    35.6423  1028.4362    26.8732    3.67456         24 0.0000e+00
      26289 167.460640     -0.704    352.597    13.1804   4.204703     2.6976    350.000 4.7893e-02    13.1309    35.7127  1028.4765    26.9187    4.01758         36 0.0000e+00
      26519 167.460751     -0.220    351.591    13.2128   4.201439     2.4782    349.000 4.7042e-02    13.1633    35.6518  1028.4182    26.8649    3.57459         51 0.0000e+00
      27150 167.461056     -0.463    350.593    13.2168   4.202387     2.3213    348.000 4.7037e-02    13.1674    35.6574  1028.4173    26.8684    3.25792         30 0.0000e+00
      27092 167.461028     -0.697    349.607    13.2180   4.205235     2.3994    347.000 4.7444e-02    13.1688    35.6838  1028.4330    26.8886    3.41399         34 0.0000e+00
      27145 167.461053     -0.453    348.557    13.2210   4.202464     2.4248    346.000 4.7038e-02    13.1720    35.6551  1028.4055    26.8657    3.46512         50 0.0000e+00
      27190 167.461075     -0.530    347.573    13.2606   4.205368     2.4506    345.000 4.7642e-02    13.2116    35.6460  1028.3858    26.8505    3.51377         36 0.0000e+00
      27223 167.461091     -0.708    346.554    13.2837   4.208247     2.4862    344.000 4.7916e-02    13.2347    35.6522  1028.3813    26.8506    3.58304         29 0.0000e+00
      27258 167.461108     -0.728    345.538    13.2936   4.208223     2.5011    343.000 4.8242e-02    13.2448    35.6431  1028.3677    26.8415    3.61196         33 0.0000e+00
      27295 167.461126     -0.597    344.574    13.3096   4.210156     2.5652    342.000 4.7072e-02    13.2609    35.6469  1028.3630    26.8412    3.73891         18 0.0000e+00
      27323 167.461139     -0.811    343.550    13.3299   4.220717     2.6688    341.000 4.7631e-02    13.2812    35.7284  1028.4171    26.9001    3.94257         38 0.0000e+00
      27368 167.461161     -0.515    342.505    13.3346   4.219611     2.6459    340.000 4.7766e-02    13.2861    35.7139  1028.4003    26.8879    3.89618         36 0.0000e+00
      27404 167.461178     -0.643    341.506    13.3415   4.219290     2.5722    339.000 4.8222e-02    13.2932    35.7048  1028.3873    26.8794    3.74769         30 0.0000e+00
      27435 167.461193     -0.750    340.524    13.3587   4.219001     2.5279    338.000 4.8095e-02    13.3104    35.6864  1028.3652    26.8617    3.65760         28 0.0000e+00
      27474 167.461212     -0.661    339.491    13.3751   4.218937     2.4800    337.000 4.7324e-02    13.3270    35.6709  1028.3451    26.8462    3.56033         39 0.0000e+00
      27522 167.461235     -0.482    338.515    13.3890   4.218543     2.4225    336.000 4.7117e-02    13.3410    35.6546  1028.3253    26.8307    3.44408         40 0.0000e+00
      27568 167.461257     -0.535    337.495    13.4016   4.219890     2.3985    335.000 4.7483e-02    13.3537    35.6560  1028.3192    26.8292    3.39484         36 0.0000e+00
      27605 167.461275     -0.646    336.473    13.4133   4.223155     2.4151    334.000 4.7398e-02    13.3655    35.6764  1028.3279    26.8425    3.42634         23 0.0000e+00
      27636 167.461290     -0.757    335.483    13.4280   4.224398     2.4627    333.000 4.7271e-02    13.3803    35.6748  1028.3192    26.8383    3.52008         32 0.0000e+00
      27678 167.461310     -0.568    334.450    13.4554   4.224654     2.5016    332.000 4.7632e-02    13.4078    35.6521  1028.2913    26.8150    3.59585         30 0.0000e+00
      27707 167.461324     -0.722    333.482    13.4717   4.235548     2.6534    331.000 4.7807e-02    13.4242    35.7402  1028.3515    26.8798    3.89513         22 0.0000e+00
      27747 167.461343     -0.670    332.436    13.4826   4.237073     2.6976    330.000 4.7819e-02    13.4352    35.7448  1028.3482    26.8812    3.98180         49 0.0000e+00
      27791 167.461365     -0.493    331.443    13.4930   4.238678     2.7560    329.000 4.7800e-02    13.4457    35.7507  1028.3462    26.8836    4.09673         27 0.0000e+00
      27818 167.461378     -0.830    330.434    13.5156   4.243265     2.8137    328.000 4.7778e-02    13.4684    35.7732  1028.3542    26.8963    4.20885         23 0.0000e+00
      27850 167.461393     -0.851    329.413    13.5318   4.243558     2.7888    327.000 4.7404e-02    13.4848    35.7613  1028.3370    26.8837    4.15751         24 0.0000e+00
      27899 167.461417     -0.449    328.412    13.5550   4.242107     2.7271    326.000 4.8182e-02    13.5080    35.7264  1028.3008    26.8518    4.03321         37 0.0000e+00
      27931 167.461432     -0.691    327.408    13.5851   4.251592     2.8293    325.000 4.7805e-02    13.5382    35.7881  1028.3376    26.8934    4.23193         25 0.0000e+00
      27958 167.461445     -0.865    326.401    13.6149   4.254241     2.8349    324.000 4.8079e-02    13.5680    35.7856  1028.3248    26.8852    4.24001         26 0.0000e+00
      27997 167.461464     -0.690    325.373    13.6227   4.252267     2.7492    323.000 4.7333e-02    13.5760    35.7602  1028.2990    26.8639    4.06921         45 0.0000e+00
      28052 167.461491     -0.393    324.383    13.6313   4.250441     2.6101    322.000 4.8044e-02    13.5848    35.7353  1028.2735    26.8428    3.79221         46 0.0000e+00
      28086 167.461507     -0.609    323.406    13.6381   4.255412     2.7081    321.000 4.8043e-02    13.5916    35.7762  1028.2993    26.8730    3.98482         23 0.0000e+00
      28113 167.461520     -0.918    322.355    13.6444   4.257675     2.8115    320.000 4.7776e-02    13.5980    35.7921  1028.3056    26.8840    4.18857         25 0.0000e+00
      28157 167.461541     -0.568    321.338    13.6612   4.259528     2.8715    319.000 4.7113e-02    13.6150    35.7943  1028.2991    26.8821    4.30560         44 0.0000e+00
      28200 167.461562     -0.539    320.392    13.6698   4.259899     2.8429    318.000 4.8218e-02    13.6237    35.7901  1028.2899    26.8771    4.24782         35 0.0000e+00
      28257 167.461589     -0.424    319.330    13.6781   4.258556     2.7299    317.000 4.7333e-02    13.6321    35.7702  1028.2681    26.8600    4.02285         46 0.0000e+00
      28300 167.461610     -0.501    318.377    13.6845   4.260218     2.7622    316.000 4.7153e-02    13.6387    35.7802  1028.2702    26.8663    4.08551         21 0.0000e+00
      28320 167.461620     -0.870    317.441    13.6920   4.263673     2.8353    315.000 4.8189e-02    13.6462    35.8061  1028.2845    26.8848    4.22873          8 0.0000e+00
      28340 167.461630     -1.190    316.394    13.6999   4.264373     2.8641    314.000 4.7414e-02    13.6544    35.8057  1028.2778    26.8828    4.28462         18 0.0000e+00
      28370 167.461644     -1.030    315.344    13.7091   4.264340     2.8080    313.000 4.7328e-02    13.6636    35.7973  1028.2647    26.8744    4.17228         33 0.0000e+00
      28436 167.461676     -0.271    314.324    13.7163   4.263103     2.7014    312.000 4.8196e-02    13.6710    35.7794  1028.2449    26.8590    3.96044         30 0.0000e+00
      28468 167.461691     -0.689    313.306    13.7311   4.267260     2.7826    311.000 4.8405e-02    13.6859    35.8051  1028.2570    26.8757    4.11888         27 0.0000e+00
      28508 167.461710     -0.660    312.286    13.7411   4.266775     2.7352    310.000 4.7229e-02    13.6960    35.7916  1028.2399    26.8632    4.02401         38 0.0000e+00
      28543 167.461727     -0.600    311.334    13.7677   4.269353     2.7768    309.000 4.6893e-02    13.7227    35.7914  1028.2298    26.8574    4.10348         24 0.0000e+00
      28570 167.461740     -0.857    310.297    13.7950   4.275038     2.8396    308.000 4.7446e-02    13.7501    35.8197  1028.2413    26.8736    4.22421         23 0.0000e+00
      28601 167.461755     -0.867    309.251    13.8181   4.275556     2.8048    307.000 4.7042e-02    13.7733    35.8035  1028.2191    26.8562    4.15328         37 0.0000e+00
      28658 167.461783     -0.385    308.239    13.8470   4.273465     2.6713    306.000 4.7402e-02    13.8023    35.7574  1028.1728    26.8144    3.88810         41 0.0000e+00
      28704 167.461805     -0.508    307.217    13.8914   4.278147     2.7341    305.000 4.7604e-02    13.8468    35.7603  1028.1610    26.8073    4.00786         22 0.0000e+00
      28732 167.461818     -0.768    306.265    13.9152   4.288853     2.8629    304.000 4.7550e-02    13.8706    35.8388  1028.2122    26.8630    4.25715         35 0.0000e+00
      28776 167.461840     -0.490    305.221    13.9301   4.290520     2.8789    303.000 4.9905e-02    13.8856    35.8409  1028.2060    26.8615    4.28690         25 0.0000e+00
      28805 167.461854     -0.723    304.249    13.9484   4.288552     2.7908    302.000 4.7963e-02    13.9041    35.8059  1028.1707    26.8305    4.11214         22 0.0000e+00
      28841 167.461871     -0.718    303.210    13.9559   4.287336     2.6982    301.000 4.8475e-02    13.9117    35.7879  1028.1506    26.8150    3.92931         40 0.0000e+00
      28879 167.461889     -0.628    302.186    13.9653   4.289331     2.6486    300.000 4.7724e-02    13.9212    35.7983  1028.1521    26.8210    3.83020         28 0.0000e+00
      28908 167.461903     -0.781    301.193    13.9863   4.289911     2.6426    299.000 4.8155e-02    13.9423    35.7847  1028.1326    26.8060    3.81648         29 0.0000e+00
      28946 167.461922     -0.688    300.179    13.9997   4.289167     2.6012    298.000 4.8085e-02    13.9559    35.7656  1028.1105    26.7884    3.73415         45 0.0000e+00
      28997 167.461946     -0.441    299.184    14.0117   4.292260     2.5508    297.000 4.6785e-02    13.9680    35.7838  1028.1175    26.7999    3.63334         39 0.0000e+00
      29047 167.461970     -0.490    298.176    14.0145   4.289713     2.5150    296.000 4.7050e-02    13.9710    35.7578  1028.0924    26.7792    3.56284         46 0.0000e+00
      29100 167.461996     -0.423    297.212    14.0225   4.289845     2.4937    295.000 4.7204e-02    13.9791    35.7520  1028.0820    26.7730    3.52014         34 0.0000e+00
