jupyter/NEMEA/teste_rotina/cnvs/uMCTV012.cnv
* Sea-Bird SBE 9 Data File:
* FileName = D:\ACEX\brutos\MCTV012.hex
* Software Version Seasave V 7.17
* Temperature SN = 4821
* Conductivity SN = 3367
* Number of Bytes Per Scan = 21
* Number of Voltage Words = 3
* Number of Scans Averaged by the Deck Unit = 1
** H38 
** NHo Cruzeiro do Sul 
** 222 
** MCTV ACEx 
**   012
**   27 00.66S
**   046  19.71W
**   14/06/2012 18:11Z
**   662
** 9P46375-0882 
**   1T Germano Filho
# nquan = 16
# nvalues = 594                         
# units = specified
# name 0 = scan: Scan Count
# name 1 = timeJ: Julian Days
# name 2 = dz/dtM: Descent Rate [m/s]
# name 3 = prDM: Pressure, Digiquartz [db]
# name 4 = t090C: Temperature [ITS-90, deg C]
# name 5 = c0S/m: Conductivity [S/m]
# name 6 = sbeox0V: Oxygen Voltage, SBE 43
# name 7 = depSM: Depth [salt water, m]
# name 8 = flSP: Fluorescence, Seapoint
# name 9 = potemp090C: Potential Temperature [ITS-90, deg C]
# name 10 = sal00: Salinity [PSU]
# name 11 = density00: Density [density, Kg/m^3]
# name 12 = sigma-é00: Density [sigma-theta, Kg/m^3]
# name 13 = sbeox0ML/L: Oxygen, SBE 43 [ml/l], WS = 2
# name 14 = nbin: number of scans per bin
# name 15 = flag: flag
# span 0 =      49338,      69849       
# span 1 = 166.657230, 166.667122       
# span 2 =     -1.599,     -0.066       
# span 3 =      1.040,    598.748       
# span 4 =     5.8294,    23.2831       
# span 5 =   3.432507,   5.426537       
# span 6 =     2.0549,     3.4981       
# span 7 =      1.000,    594.000       
# span 8 = 4.5558e-02, 4.3497e-01       
# span 9 =     5.7771,    23.2829       
# span 10 =    34.3617,    37.3043      
# span 11 =  1025.5990,  1030.2843      
# span 12 =    25.5946,    27.5509      
# span 13 =    3.22722,    4.43473      
# span 14 =          7,         68      
# span 15 = 0.0000e+00, 0.0000e+00      
# interval = meters: 1                  
# start_time = Jun 14 2012 15:12:09
# bad_flag = -9.990e-29
*END*
[from data line 362]
      60731 166.662725     -1.154    233.647    15.6006   4.473060     2.8824    232.000 4.8103e-02    15.5639    36.0067  1027.6446    26.6221    4.11225         16 0.0000e+00
      60751 166.662734     -1.181    232.668    15.6145   4.474930     2.9079    231.000 4.7871e-02    15.5779    36.0114  1027.6407    26.6225    4.15872         19 0.0000e+00
      60775 166.662746     -1.117    231.650    15.6338   4.477304     2.9255    230.000 4.9574e-02    15.5973    36.0156  1027.6350    26.6213    4.18949         26 0.0000e+00
      60810 166.662763     -0.781    230.632    15.6618   4.480569     2.9348    229.000 4.9875e-02    15.6255    36.0198  1027.6273    26.6182    4.20423         36 0.0000e+00
      60875 166.662794     -0.307    229.624    15.6883   4.483808     2.9462    228.000 4.9683e-02    15.6522    36.0252  1027.6209    26.6163    4.22275         44 0.0000e+00
      60907 166.662810     -0.648    228.611    15.7056   4.485848     2.9498    227.000 4.9840e-02    15.6696    36.0282  1027.6147    26.6146    4.22748         27 0.0000e+00
      60931 166.662821     -0.933    227.604    15.7271   4.488210     2.9501    226.000 4.8773e-02    15.6912    36.0303  1027.6069    26.6113    4.22574         16 0.0000e+00
      60953 166.662832     -1.043    226.650    15.7335   4.488878     2.9531    225.000 4.9178e-02    15.6977    36.0308  1027.6017    26.6102    4.23022         23 0.0000e+00
      60979 166.662844     -0.988    225.629    15.7548   4.491378     2.9536    224.000 4.8988e-02    15.7191    36.0343  1027.5949    26.6081    4.22873         26 0.0000e+00
      61013 166.662861     -0.778    224.587    15.7752   4.493747     2.9588    223.000 4.7835e-02    15.7397    36.0375  1027.5880    26.6058    4.23625         33 0.0000e+00
      61050 166.662879     -0.643    223.603    15.8031   4.497202     2.9676    222.000 4.9536e-02    15.7677    36.0435  1027.5819    26.6040    4.24978         33 0.0000e+00
      61083 166.662895     -0.702    222.576    15.8458   4.502421     2.9718    221.000 4.8414e-02    15.8105    36.0519  1027.5739    26.6007    4.25343         22 0.0000e+00
      61110 166.662907     -0.812    221.692    15.8605   4.503932     2.9714    220.000 4.8630e-02    15.8253    36.0524  1027.5669    26.5977    4.25082         16 0.0000e+00
      61141 166.662922     -0.829    220.611    15.8909   4.507661     2.9736    219.000 4.9548e-02    15.8558    36.0586  1027.5599    26.5955    4.25181         27 0.0000e+00
      61178 166.662940     -0.711    219.577    15.9240   4.511835     2.9768    218.000 5.0026e-02    15.8891    36.0663  1027.5535    26.5937    4.25430         38 0.0000e+00
      61217 166.662959     -0.609    218.547    15.9752   4.517939     2.9813    217.000 5.0216e-02    15.9403    36.0748  1027.5436    26.5886    4.25771         33 0.0000e+00
      61253 166.662977     -0.670    217.534    16.0342   4.525298     2.9828    216.000 5.0173e-02    15.9994    36.0874  1027.5350    26.5846    4.25478         32 0.0000e+00
      61286 166.662992     -0.725    216.547    16.0926   4.531929     2.9821    215.000 5.1183e-02    16.0579    36.0940  1027.5220    26.5762    4.24804         29 0.0000e+00
      61324 166.663011     -0.629    215.567    16.1239   4.535767     2.9853    214.000 5.0202e-02    16.0893    36.1002  1027.5151    26.5737    4.25083         25 0.0000e+00
      61362 166.663029     -0.616    214.610    16.1452   4.538309     2.9858    213.000 5.0395e-02    16.1107    36.1040  1027.5088    26.5716    4.24946         33 0.0000e+00
      61411 166.663053     -0.529    213.522    16.1695   4.541212     2.9847    212.000 5.1723e-02    16.1352    36.1082  1027.5016    26.5692    4.24456         38 0.0000e+00
      61456 166.663074     -0.508    212.538    16.1859   4.543187     2.9866    211.000 5.0276e-02    16.1517    36.1113  1027.4958    26.5678    4.24615         24 0.0000e+00
      61489 166.663090     -0.700    211.550    16.1973   4.544461     2.9844    210.000 5.2393e-02    16.1632    36.1127  1027.4898    26.5662    4.24052         24 0.0000e+00
      61521 166.663106     -0.645    210.726    16.2051   4.545396     2.9859    209.000 5.2245e-02    16.1712    36.1143  1027.4855    26.5655    4.24217         18 0.0000e+00
      61576 166.663132     -0.529    209.530    16.2209   4.547248     2.9884    208.000 5.2766e-02    16.1871    36.1170  1027.4786    26.5639    4.24490         48 0.0000e+00
      61619 166.663153     -0.554    208.505    16.2417   4.549783     2.9878    207.000 5.2482e-02    16.2081    36.1210  1027.4723    26.5621    4.24129         22 0.0000e+00
      61648 166.663167     -0.766    207.502    16.2608   4.552165     2.9879    206.000 5.1484e-02    16.2273    36.1253  1027.4667    26.5610    4.23937         24 0.0000e+00
      61676 166.663180     -0.854    206.543    16.2988   4.556759     2.9894    205.000 5.1946e-02    16.2654    36.1321  1027.4588    26.5573    4.23838         20 0.0000e+00
      61707 166.663195     -0.803    205.515    16.3191   4.559114     2.9903    204.000 5.2235e-02    16.2859    36.1350  1027.4517    26.5548    4.23774         33 0.0000e+00
      61740 166.663211     -0.763    204.418    16.3500   4.563068     2.9931    203.000 5.3842e-02    16.3168    36.1426  1027.4454    26.5534    4.23956         20 0.0000e+00
      61764 166.663223     -0.882    203.474    16.3686   4.565101     2.9944    202.000 5.2999e-02    16.3356    36.1442  1027.4380    26.5502    4.23989         21 0.0000e+00
      61790 166.663235     -0.955    202.427    16.3847   4.567204     2.9933    201.000 5.3257e-02    16.3519    36.1487  1027.4330    26.5498    4.23587         23 0.0000e+00
      61814 166.663247     -0.993    201.416    16.4110   4.570321     2.9938    200.000 5.2271e-02    16.3782    36.1530  1027.4257    26.5470    4.23406         23 0.0000e+00
      61843 166.663261     -0.904    200.407    16.4276   4.572444     2.9962    199.000 5.2666e-02    16.3950    36.1572  1027.4205    26.5463    4.23656         31 0.0000e+00
      61876 166.663277     -0.745    199.386    16.5043   4.582513     2.9986    198.000 5.1976e-02    16.4718    36.1773  1027.4132    26.5437    4.23373         23 0.0000e+00
      61906 166.663291     -0.749    198.436    16.6162   4.595729     3.0003    197.000 5.2775e-02    16.5837    36.1934  1027.3947    26.5297    4.22702         26 0.0000e+00
      61940 166.663308     -0.742    197.418    16.6687   4.601925     3.0040    196.000 5.2790e-02    16.6363    36.2010  1027.3835    26.5231    4.22875         30 0.0000e+00
      61980 166.663327     -0.571    196.438    16.7268   4.609286     3.0055    195.000 5.3288e-02    16.6945    36.2138  1027.3751    26.5192    4.22611         26 0.0000e+00
      62008 166.663340     -0.711    195.486    16.7759   4.614871     3.0066    194.000 5.1518e-02    16.7436    36.2191  1027.3632    26.5116    4.22354         17 0.0000e+00
      62029 166.663351     -1.010    194.390    16.7898   4.616966     3.0120    193.000 5.2391e-02    16.7577    36.2255  1027.3599    26.5132    4.23157         16 0.0000e+00
      62046 166.663359     -1.243    193.429    16.8817   4.628515     3.0155    192.000 5.1434e-02    16.8497    36.2444  1027.3480    26.5058    4.22966         10 0.0000e+00
      62061 166.663366     -1.402    192.499    16.9264   4.633548     3.0174    191.000 5.2269e-02    16.8945    36.2487  1027.3364    26.4984    4.22891         12 0.0000e+00
      62079 166.663375     -1.459    191.402    16.9676   4.638560     3.0186    190.000 5.3075e-02    16.9357    36.2560  1027.3273    26.4942    4.22696         17 0.0000e+00
      62102 166.663386     -1.291    190.345    17.0024   4.642634     3.0198    189.000 5.4383e-02    16.9707    36.2608  1027.3179    26.4895    4.22568         21 0.0000e+00
      62136 166.663402     -0.817    189.320    17.0358   4.646742     3.0221    188.000 5.2751e-02    17.0042    36.2671  1027.3101    26.4863    4.22656         31 0.0000e+00
      62201 166.663434     -0.322    188.343    17.1426   4.660216     3.0283    187.000 5.4274e-02    17.1110    36.2893  1027.2968    26.4776    4.22819         36 0.0000e+00
      62232 166.663449     -0.672    187.338    17.2858   4.677933     3.0325    186.000 5.5918e-02    17.2542    36.3155  1027.2776    26.4632    4.22345         18 0.0000e+00
      62253 166.663459     -1.004    186.328    17.3505   4.685082     3.0328    185.000 5.6988e-02    17.3190    36.3201  1027.2607    26.4510    4.21819         18 0.0000e+00
      62271 166.663468     -1.169    185.371    17.3793   4.689173     3.0343    184.000 5.7670e-02    17.3480    36.3302  1027.2572    26.4517    4.21781         18 0.0000e+00
      62295 166.663479     -1.189    184.289    17.4084   4.692517     3.0348    183.000 6.0104e-02    17.3772    36.3335  1027.2479    26.4471    4.21569         23 0.0000e+00
      62323 166.663493     -0.952    183.280    17.4122   4.692973     3.0378    182.000 5.9200e-02    17.3812    36.3345  1027.2433    26.4469    4.22020         28 0.0000e+00
      62364 166.663512     -0.558    182.337    17.4736   4.701138     3.0439    181.000 5.9133e-02    17.4426    36.3507  1027.2365    26.4444    4.22555         32 0.0000e+00
      62400 166.663530     -0.662    181.299    17.5803   4.713864     3.0487    180.000 5.9714e-02    17.5494    36.3658  1027.2171    26.4299    4.22489         20 0.0000e+00
      62430 166.663544     -0.776    180.307    17.5960   4.715511     3.0511    179.000 5.8769e-02    17.5652    36.3665  1027.2094    26.4265    4.22737         33 0.0000e+00
      62469 166.663563     -0.621    179.284    17.6057   4.716883     3.0520    178.000 5.7808e-02    17.5751    36.3700  1027.2052    26.4268    4.22766         24 0.0000e+00
      62497 166.663576     -0.723    178.385    17.6511   4.722638     3.0551    177.000 5.7651e-02    17.6206    36.3795  1027.1973    26.4229    4.22878         22 0.0000e+00
      62529 166.663592     -0.836    177.264    17.7167   4.731119     3.0599    176.000 5.6221e-02    17.6863    36.3945  1027.1876    26.4183    4.23134         26 0.0000e+00
      62557 166.663605     -0.858    176.251    17.7832   4.739202     3.0649    175.000 5.4216e-02    17.7529    36.4053  1027.1748    26.4101    4.23430         22 0.0000e+00
      62586 166.663619     -0.841    175.263    17.8483   4.747303     3.0682    174.000 5.3974e-02    17.8181    36.4173  1027.1634    26.4032    4.23414         22 0.0000e+00
      62616 166.663634     -0.815    174.246    17.9460   4.759244     3.0708    173.000 5.3298e-02    17.9159    36.4332  1027.1467    26.3912    4.23033         30 0.0000e+00
      62646 166.663648     -0.814    173.232    18.0075   4.766783     3.0747    172.000 5.1295e-02    17.9775    36.4435  1027.1347    26.3838    4.23166         24 0.0000e+00
      62675 166.663662     -0.805    172.251    18.0549   4.772651     3.0762    171.000 5.0963e-02    18.0250    36.4519  1027.1249    26.3784    4.22990         25 0.0000e+00
      62705 166.663677     -0.842    171.204    18.1006   4.778060     3.0784    170.000 5.1303e-02    18.0708    36.4580  1027.1135    26.3716    4.22943         27 0.0000e+00
      62738 166.663692     -0.743    170.243    18.1082   4.778950     3.0791    169.000 5.0906e-02    18.0786    36.4591  1027.1083    26.3706    4.22958         21 0.0000e+00
      62785 166.663715     -0.529    169.245    18.1174   4.780058     3.0806    168.000 5.1511e-02    18.0880    36.4608  1027.1029    26.3696    4.23094         50 0.0000e+00
      62833 166.663738     -0.537    168.157    18.1313   4.781659     3.0834    167.000 5.1963e-02    18.1020    36.4626  1027.0960    26.3674    4.23411         33 0.0000e+00
      62862 166.663752     -0.699    167.225    18.1356   4.782169     3.0803    166.000 5.1398e-02    18.1064    36.4635  1027.0915    26.3670    4.22782         22 0.0000e+00
      62890 166.663766     -0.866    166.160    18.1460   4.783437     3.0809    165.000 5.1279e-02    18.1171    36.4655  1027.0858    26.3658    4.22734         25 0.0000e+00
      62918 166.663780     -0.900    165.148    18.1541   4.784418     3.0812    164.000 5.1630e-02    18.1254    36.4670  1027.0805    26.3650    4.22670         28 0.0000e+00
      62953 166.663796     -0.745    164.138    18.1605   4.785180     3.0865    163.000 5.1998e-02    18.1319    36.4683  1027.0754    26.3643    4.23501         36 0.0000e+00
      62995 166.663817     -0.550    163.147    18.1813   4.788054     3.0931    162.000 5.3238e-02    18.1529    36.4747  1027.0707    26.3639    4.24425         34 0.0000e+00
      63033 166.663835     -0.610    162.158    18.2464   4.796199     3.0923    161.000 5.1892e-02    18.2180    36.4868  1027.0592    26.3569    4.23692         26 0.0000e+00
      63070 166.663853     -0.644    161.168    18.2656   4.798464     3.0964    160.000 5.2268e-02    18.2374    36.4895  1027.0521    26.3541    4.24204         33 0.0000e+00
      63103 166.663869     -0.705    160.153    18.2938   4.802182     3.1004    159.000 5.1448e-02    18.2657    36.4965  1027.0459    26.3524    4.24635         28 0.0000e+00
      63132 166.663883     -0.833    159.108    18.3282   4.806385     3.0997    158.000 4.9939e-02    18.3003    36.5022  1027.0369    26.3480    4.24162         25 0.0000e+00
      63161 166.663896     -0.873    158.108    18.3502   4.809165     3.1035    157.000 5.0062e-02    18.3225    36.5067  1027.0304    26.3459    4.24586         28 0.0000e+00
      63201 166.663916     -0.647    157.078    18.3770   4.812481     3.1054    156.000 5.1526e-02    18.3493    36.5116  1027.0228    26.3429    4.24659         35 0.0000e+00
      63252 166.663940     -0.460    156.112    18.4092   4.816603     3.1049    155.000 5.0035e-02    18.3817    36.5184  1027.0156    26.3399    4.24245         33 0.0000e+00
      63279 166.663954     -0.743    155.097    18.4424   4.821062     3.1067    154.000 5.0650e-02    18.4151    36.5272  1027.0095    26.3382    4.24218         18 0.0000e+00
      63299 166.663963     -1.031    154.197    18.4819   4.825554     3.1085    153.000 4.9999e-02    18.4547    36.5307  1026.9981    26.3309    4.24167         10 0.0000e+00
      63331 166.663979     -0.939    153.086    18.4948   4.827433     3.1124    152.000 5.0488e-02    18.4678    36.5356  1026.9938    26.3314    4.24690         31 0.0000e+00
      63388 166.664006     -0.408    152.083    18.5695   4.836774     3.1169    151.000 4.9647e-02    18.5425    36.5492  1026.9807    26.3228    4.24803         38 0.0000e+00
      63451 166.664036     -0.381    151.075    18.6117   4.842137     3.1200    150.000 5.0904e-02    18.5849    36.5576  1026.9719    26.3184    4.24946         36 0.0000e+00
      63485 166.664053     -0.633    150.052    18.6339   4.844853     3.1169    149.000 5.1650e-02    18.6073    36.5613  1026.9646    26.3156    4.24171         18 0.0000e+00
      63508 166.664064     -0.910    149.093    18.6717   4.850232     3.1224    148.000 5.1097e-02    18.6452    36.5738  1026.9602    26.3155    4.24752         18 0.0000e+00
      63541 166.664080     -0.828    148.060    18.7209   4.855708     3.1245    147.000 4.9718e-02    18.6945    36.5769  1026.9455    26.3054    4.24681         29 0.0000e+00
      63623 166.664120     -0.257    147.098    18.7478   4.859103     3.1274    146.000 5.0805e-02    18.7216    36.5822  1026.9384    26.3025    4.24918         17 0.0000e+00
      63680 166.664147     -0.392    146.257    18.7639   4.861139     3.1278    145.000 5.1415e-02    18.7378    36.5855  1026.9331    26.3009    4.24808         20 0.0000e+00
      63756 166.664184     -0.341    145.078    18.7967   4.865461     3.1334    144.000 5.3063e-02    18.7708    36.5933  1026.9255    26.2984    4.25445         29 0.0000e+00
