jupyter/NEMEA/teste_rotina/cnvs/uMCTV026.cnv
* Sea-Bird SBE 19plus V2 Data File:
* FileName = D:\ACEX_ctd\brutos\MCTV026.hex
* Software Version Seasave V 7.17
* Temperature SN = 6161
* Conductivity SN = 6161
* System UpLoad Time = Jun 19 2012 12:46:47
** H38 
** NHo Cruzeiro do Sul 
** 222 
** MCT V 
**   026
**   33 46.02 S
**   051 11.55 W
**   19/06/2012 15:40 Z
**   216
** 9P46375-0882 
**   1T Oliveira Santos
# nquan = 14
# nvalues = 203                         
# units = specified
# name 0 = scan: Scan Count
# name 1 = timeJ: Julian Days
# name 2 = dz/dtM: Descent Rate [m/s]
# name 3 = prdM: Pressure, Strain Gauge [db]
# name 4 = tv290C: Temperature [ITS-90, deg C]
# name 5 = c0S/m: Conductivity [S/m]
# name 6 = depSM: Depth [salt water, m]
# name 7 = oxsatML/L: Oxygen Saturation [ml/l]
# name 8 = flSP: Fluorescence, Seapoint
# name 9 = potemp090C: Potential Temperature [ITS-90, deg C]
# name 10 = sal00: Salinity [PSU]
# name 11 = density00: Density [density, Kg/m^3]
# name 12 = oxsatML/L: Oxygen Saturation [ml/l]
# name 13 = flag: flag
# span 0 =       3180,       6477       
# span 1 = 171.541687, 171.551228       
# span 2 =     -1.286,     -0.071       
# span 3 =      0.903,    204.263       
# span 4 =    15.7593,    20.0983       
# span 5 =   4.451341,   4.965358       
# span 6 =      1.000,    203.000       
# span 7 =    5.11667,    5.57906       
# span 8 = 6.0794e-02, 8.0812e-01       
# span 9 =    15.7271,    20.0873       
# span 10 =    35.6789,    36.3661      
# span 11 =  1025.6087,  1027.2267      
# span 12 =    5.11666,    5.57902      
# span 13 = 0.0000e+00, 0.0000e+00      
# interval = meters: 1                  
# start_time = Jun 19 2012 12:46:47
# bad_flag = -9.990e-29
*END*
       3180 171.541687     -0.412    204.263    15.7593   4.451341    203.000    5.57906 6.0794e-02    15.7271    35.6789  1027.2267    5.57902 0.0000e+00
       3226 171.541820     -0.291    203.221    15.9156   4.467163    202.000    5.56184 6.1513e-02    15.8833    35.6803  1027.1868    5.56177 0.0000e+00
       3248 171.541883     -0.384    202.168    16.0005   4.477264    201.000    5.55203 6.1579e-02    15.9683    35.6945  1027.1734    5.55196 0.0000e+00
       3261 171.541920     -0.555    201.359    16.0266   4.478834    200.000    5.54946 6.2343e-02    15.9946    35.6854  1027.1567    5.54941 0.0000e+00
       3287 171.541996     -0.198    200.077    16.0653   4.482939    199.000    5.54514 6.2481e-02    16.0333    35.6878  1027.1439    5.54510 0.0000e+00
       3292 171.542010     -0.716    199.448    16.0759   4.485068    198.000    5.54367 6.1856e-02    16.0440    35.6975  1027.1461    5.54361 0.0000e+00
       3322 171.542097     -0.246    198.155    16.0948   4.485485    197.000    5.54202 6.4664e-02    16.0631    35.6848  1027.1263    5.54198 0.0000e+00
       3341 171.542154     -0.304    197.186    16.1167   4.488781    196.000    5.53927 6.4999e-02    16.0852    35.6948  1027.1246    5.53925 0.0000e+00
       3359 171.542205     -0.321    196.186    16.1440   4.492171    195.000    5.53610 6.4736e-02    16.1126    35.7009  1027.1185    5.53607 0.0000e+00
       3381 171.542268     -0.235    195.053    16.1889   4.497095    194.000    5.53109 6.3949e-02    16.1576    35.7049  1027.1060    5.53104 0.0000e+00
       3394 171.542306     -0.349    194.167    16.2360   4.504861    193.000    5.52505 6.4985e-02    16.2048    35.7321  1027.1119    5.52501 0.0000e+00
       3409 171.542350     -0.470    193.193    16.3304   4.515803    192.000    5.51443 6.5473e-02    16.2992    35.7450  1027.0953    5.51436 0.0000e+00
       3426 171.542399     -0.172    192.066    16.4159   4.523982    191.000    5.50533 6.5078e-02    16.3848    35.7413  1027.0673    5.50523 0.0000e+00
       3439 171.542435     -0.499    191.176    16.4309   4.525396    190.000    5.50371 6.5731e-02    16.3999    35.7408  1027.0595    5.50364 0.0000e+00
       3462 171.542502     -0.354    189.970    16.4536   4.528135    189.000    5.50109 6.6499e-02    16.4228    35.7451  1027.0521    5.50104 0.0000e+00
       3468 171.542520     -0.818    189.176    16.4574   4.528957    188.000    5.50058 6.6491e-02    16.4268    35.7493  1027.0509    5.50049 0.0000e+00
       3485 171.542569     -0.663    188.177    16.5172   4.536776    187.000    5.49355 6.6736e-02    16.4866    35.7654  1027.0447    5.49353 0.0000e+00
       3499 171.542611     -0.781    187.162    16.5507   4.540391    186.000    5.48990 6.8437e-02    16.5202    35.7678  1027.0341    5.48985 0.0000e+00
       3505 171.542628     -0.764    186.326    16.5847   4.544753    185.000    5.48598 6.7156e-02    16.5543    35.7761  1027.0287    5.48592 0.0000e+00
       3541 171.542733     -0.222    184.912    16.6020   4.545951    184.000    5.48424 7.1598e-02    16.5719    35.7718  1027.0151    5.48421 0.0000e+00
       3545 171.542743     -0.645    184.176    16.6287   4.549304    183.000    5.48119 6.8687e-02    16.5986    35.7779  1027.0102    5.48116 0.0000e+00
       3564 171.542799     -0.395    183.076    16.6464   4.550544    182.000    5.47944 6.8741e-02    16.6165    35.7734  1026.9977    5.47941 0.0000e+00
       3582 171.542851     -0.381    181.970    16.6507   4.550801    181.000    5.47901 6.8636e-02    16.6209    35.7723  1026.9909    5.47899 0.0000e+00
       3595 171.542888     -0.522    181.093    16.6510   4.550766    180.000    5.47898 6.8084e-02    16.6214    35.7720  1026.9868    5.47896 0.0000e+00
       3610 171.542932     -0.781    180.110    16.6511   4.550779    179.000    5.47895 6.8256e-02    16.6217    35.7724  1026.9828    5.47894 0.0000e+00
       3616 171.542947     -0.907    179.342    16.6528   4.550982    178.000    5.47874 6.7944e-02    16.6235    35.7730  1026.9794    5.47874 0.0000e+00
       3648 171.543040     -0.240    177.922    16.6533   4.550912    177.000    5.47870 7.0803e-02    16.6242    35.7725  1026.9727    5.47870 0.0000e+00
       3656 171.543064     -0.537    177.007    16.6537   4.551169    176.000    5.47859 7.1955e-02    16.6248    35.7747  1026.9703    5.47858 0.0000e+00
       3670 171.543106     -0.404    176.043    16.6638   4.552388    175.000    5.47744 6.9039e-02    16.6350    35.7769  1026.9653    5.47744 0.0000e+00
       3684 171.543144     -0.746    175.201    16.6681   4.552753    174.000    5.47699 6.8440e-02    16.6394    35.7766  1026.9604    5.47699 0.0000e+00
       3703 171.543199     -0.347    174.022    16.6749   4.553268    173.000    5.47630 6.9415e-02    16.6464    35.7755  1026.9528    5.47630 0.0000e+00
       3714 171.543233     -0.364    173.048    16.6785   4.554010    172.000    5.47580 7.0557e-02    16.6501    35.7792  1026.9505    5.47579 0.0000e+00
       3737 171.543299     -0.254    171.899    16.6789   4.553706    171.000    5.47584 7.0300e-02    16.6507    35.7767  1026.9433    5.47584 0.0000e+00
       3746 171.543324     -0.584    171.049    16.6765   4.553282    170.000    5.47613 7.0169e-02    16.6485    35.7754  1026.9392    5.47613 0.0000e+00
       3758 171.543358     -0.418    170.090    16.6749   4.553186    169.000    5.47627 6.8110e-02    16.6471    35.7763  1026.9361    5.47627 0.0000e+00
       3774 171.543406     -0.294    168.983    16.6756   4.553343    168.000    5.47615 6.9911e-02    16.6480    35.7775  1026.9319    5.47615 0.0000e+00
       3793 171.543462     -0.192    167.860    16.6785   4.553566    167.000    5.47585 6.8554e-02    16.6510    35.7773  1026.9262    5.47585 0.0000e+00
       3802 171.543487     -0.593    167.040    16.6785   4.553558    166.000    5.47584 6.7682e-02    16.6512    35.7776  1026.9228    5.47584 0.0000e+00
       3817 171.543529     -0.468    166.051    16.6815   4.553795    165.000    5.47553 6.9040e-02    16.6543    35.7774  1026.9176    5.47553 0.0000e+00
       3834 171.543580     -0.325    164.995    16.6808   4.553671    164.000    5.47560 7.2446e-02    16.6538    35.7773  1026.9130    5.47560 0.0000e+00
       3855 171.543641     -0.217    163.800    16.6848   4.554152    163.000    5.47515 6.8354e-02    16.6580    35.7784  1026.9077    5.47514 0.0000e+00
       3861 171.543656     -0.661    163.098    16.6868   4.554557    162.000    5.47486 6.8326e-02    16.6601    35.7805  1026.9057    5.47486 0.0000e+00
       3882 171.543719     -0.528    161.920    16.6899   4.554916    161.000    5.47451 6.8426e-02    16.6634    35.7814  1026.9005    5.47450 0.0000e+00
       3889 171.543740     -0.778    161.130    16.6972   4.555969    160.000    5.47362 6.8007e-02    16.6708    35.7845  1026.8977    5.47362 0.0000e+00
       3911 171.543803     -0.611    159.990    16.6951   4.555290    159.000    5.47397 6.8070e-02    16.6689    35.7808  1026.8903    5.47397 0.0000e+00
       3927 171.543848     -0.444    158.939    16.6935   4.555068    158.000    5.47415 6.8525e-02    16.6674    35.7807  1026.8860    5.47414 0.0000e+00
       3941 171.543887     -0.579    158.003    16.6982   4.556164    157.000    5.47345 6.9802e-02    16.6723    35.7865  1026.8853    5.47345 0.0000e+00
       3956 171.543931     -0.391    157.002    16.7355   4.560421    156.000    5.46934 6.7659e-02    16.7097    35.7911  1026.8754    5.46932 0.0000e+00
       3977 171.543993     -0.261    155.857    16.7330   4.559882    155.000    5.46966 7.0228e-02    16.7074    35.7890  1026.8694    5.46965 0.0000e+00
       3989 171.544027     -0.427    154.928    16.7392   4.560670    154.000    5.46894 6.9585e-02    16.7137    35.7908  1026.8652    5.46893 0.0000e+00
       4011 171.544091     -0.332    153.812    16.7486   4.561414    153.000    5.46799 6.8044e-02    16.7233    35.7894  1026.8570    5.46798 0.0000e+00
       4020 171.544118     -0.691    153.040    16.7499   4.561621    152.000    5.46781 6.8148e-02    16.7248    35.7903  1026.8540    5.46781 0.0000e+00
       4044 171.544187     -0.266    151.745    16.7574   4.562207    151.000    5.46705 7.3447e-02    16.7325    35.7893  1026.8458    5.46704 0.0000e+00
       4058 171.544227     -0.357    150.820    16.7579   4.562320    150.000    5.46696 7.1919e-02    16.7332    35.7901  1026.8422    5.46695 0.0000e+00
       4071 171.544267     -0.671    149.907    16.7601   4.562544    149.000    5.46671 7.0158e-02    16.7355    35.7906  1026.8380    5.46671 0.0000e+00
       4087 171.544312     -0.507    148.909    16.7631   4.562855    148.000    5.46638 6.9484e-02    16.7386    35.7910  1026.8332    5.46638 0.0000e+00
       4106 171.544368     -0.484    147.814    16.7616   4.562567    147.000    5.46656 6.9865e-02    16.7373    35.7903  1026.8282    5.46657 0.0000e+00
       4120 171.544407     -0.496    146.883    16.7643   4.562875    146.000    5.46625 6.9116e-02    16.7402    35.7909  1026.8240    5.46625 0.0000e+00
       4139 171.544462     -0.551    145.871    16.7671   4.563478    145.000    5.46585 7.0092e-02    16.7432    35.7941  1026.8213    5.46585 0.0000e+00
       4150 171.544495     -0.472    144.923    16.7913   4.566503    144.000    5.46313 6.9144e-02    16.7674    35.7995  1026.8155    5.46310 0.0000e+00
       4173 171.544559     -0.335    143.778    16.8197   4.569462    143.000    5.46006 7.0477e-02    16.7960    35.8006  1026.8045    5.46004 0.0000e+00
       4187 171.544601     -0.362    142.819    16.8259   4.570118    142.000    5.45938 6.9956e-02    16.8024    35.8012  1026.7993    5.45936 0.0000e+00
       4198 171.544633     -0.579    141.946    16.8304   4.570942    141.000    5.45878 7.0530e-02    16.8070    35.8048  1026.7971    5.45877 0.0000e+00
       4221 171.544698     -0.305    140.751    16.8604   4.574632    140.000    5.45540 7.3716e-02    16.8372    35.8109  1026.7894    5.45538 0.0000e+00
       4229 171.544722     -0.528    139.931    16.8725   4.575677    139.000    5.45417 7.3173e-02    16.8494    35.8096  1026.7819    5.45415 0.0000e+00
       4253 171.544791     -0.270    138.723    16.8733   4.575621    138.000    5.45409 7.1272e-02    16.8504    35.8089  1026.7758    5.45408 0.0000e+00
       4265 171.544827     -0.352    137.830    16.8782   4.576277    137.000    5.45351 7.1308e-02    16.8555    35.8106  1026.7720    5.45350 0.0000e+00
       4281 171.544872     -0.460    136.877    16.8846   4.577015    136.000    5.45280 7.1745e-02    16.8620    35.8118  1026.7672    5.45279 0.0000e+00
       4300 171.544927     -0.237    135.657    16.8872   4.577515    135.000    5.45244 7.3478e-02    16.8648    35.8143  1026.7632    5.45243 0.0000e+00
       4313 171.544966     -0.429    134.812    16.8988   4.578906    134.000    5.45114 7.3591e-02    16.8765    35.8165  1026.7584    5.45113 0.0000e+00
       4333 171.545022     -0.378    133.690    16.9100   4.580145    133.000    5.44991 7.3325e-02    16.8879    35.8178  1026.7517    5.44989 0.0000e+00
       4340 171.545042     -0.544    132.886    16.9225   4.581847    132.000    5.44845 7.1527e-02    16.9006    35.8219  1026.7483    5.44844 0.0000e+00
       4366 171.545120     -0.082    131.557    16.9446   4.583977    131.000    5.44613 7.1012e-02    16.9229    35.8214  1026.7368    5.44612 0.0000e+00
       4375 171.545144     -0.704    130.762    16.9423   4.583789    130.000    5.44635 7.2208e-02    16.9207    35.8221  1026.7344    5.44633 0.0000e+00
       4387 171.545179     -0.562    129.788    16.9559   4.585678    129.000    5.44475 7.1716e-02    16.9344    35.8270  1026.7306    5.44474 0.0000e+00
       4409 171.545244     -0.412    128.577    16.9764   4.587736    128.000    5.44260 7.2355e-02    16.9551    35.8273  1026.7206    5.44258 0.0000e+00
       4413 171.545254     -0.955    127.955    16.9760   4.587826    127.000    5.44259 7.2954e-02    16.9548    35.8286  1026.7189    5.44257 0.0000e+00
       4429 171.545301     -0.591    126.836    17.0024   4.594884    126.000    5.43855 7.5359e-02    16.9813    35.8673  1026.7374    5.43851 0.0000e+00
       4444 171.545346     -0.435    125.789    17.2362   4.625494    125.000    5.41215 7.8066e-02    17.2151    35.9268  1026.7217    5.41204 0.0000e+00
       4460 171.545391     -0.380    124.744    17.4521   4.648776    124.000    5.38938 8.3397e-02    17.4310    35.9378  1026.6729    5.38919 0.0000e+00
       4473 171.545429     -0.296    123.733    17.5512   4.660107    123.000    5.37876 8.6093e-02    17.5302    35.9485  1026.6524    5.37857 0.0000e+00
       4493 171.545486     -0.251    122.629    17.6482   4.669683    122.000    5.36881 9.0765e-02    17.6274    35.9458  1026.6216    5.36865 0.0000e+00
       4503 171.545515     -0.373    121.739    17.6575   4.670985    121.000    5.36770 9.2133e-02    17.6368    35.9492  1026.6180    5.36759 0.0000e+00
       4524 171.545576     -0.155    120.569    17.6773   4.673638    120.000    5.36541 9.4120e-02    17.6567    35.9551  1026.6125    5.36537 0.0000e+00
       4537 171.545614     -0.620    119.658    17.6797   4.675716    119.000    5.36467 9.1875e-02    17.6593    35.9712  1026.6202    5.36460 0.0000e+00
       4546 171.545640     -0.632    118.795    17.7703   4.686537    118.000    5.35492 9.2037e-02    17.7500    35.9847  1026.6044    5.35486 0.0000e+00
       4568 171.545703     -0.433    117.682    17.8251   4.691276    117.000    5.34954 1.0076e-01    17.8050    35.9775  1026.5804    5.34948 0.0000e+00
       4580 171.545739     -0.330    116.697    17.8477   4.694099    116.000    5.34707 1.0193e-01    17.8277    35.9823  1026.5741    5.34702 0.0000e+00
       4596 171.545785     -0.280    115.664    17.8807   4.698890    115.000    5.34333 1.0344e-01    17.8608    35.9947  1026.5709    5.34325 0.0000e+00
       4616 171.545843     -0.300    114.543    17.9646   4.710572    114.000    5.33389 1.0572e-01    17.9449    36.0214  1026.5656    5.33385 0.0000e+00
       4628 171.545877     -0.371    113.588    18.0208   4.716238    113.000    5.32822 1.0543e-01    18.0012    36.0208  1026.5469    5.32816 0.0000e+00
       4644 171.545924     -0.586    112.512    18.0411   4.718496    112.000    5.32609 1.0326e-01    18.0216    36.0227  1026.5385    5.32604 0.0000e+00
       4648 171.545935     -1.065    111.839    18.0560   4.720037    111.000    5.32454 1.0386e-01    18.0366    36.0230  1026.5321    5.32452 0.0000e+00
       4665 171.545983     -0.861    110.787    18.0665   4.720772    110.000    5.32359 1.0404e-01    18.0473    36.0205  1026.5229    5.32353 0.0000e+00
       4676 171.546017     -0.981    109.852    18.0839   4.724080    109.000    5.32135 1.0598e-01    18.0649    36.0338  1026.5246    5.32134 0.0000e+00
       4702 171.546091     -0.200    108.457    18.1213   4.727593    108.000    5.31767 1.0669e-01    18.1026    36.0314  1026.5073    5.31763 0.0000e+00
       4710 171.546114     -0.778    107.684    18.1433   4.731791    107.000    5.31488 1.0953e-01    18.1247    36.0482  1026.5113    5.31487 0.0000e+00
       4723 171.546152     -0.612    106.743    18.2026   4.738368    106.000    5.30879 1.1027e-01    18.1840    36.0526  1026.4957    5.30875 0.0000e+00
       4747 171.546220     -0.248    105.480    18.2634   4.744827    105.000    5.30261 1.1696e-01    18.2450    36.0548  1026.4765    5.30256 0.0000e+00
       4752 171.546236     -0.566    104.665    18.2912   4.750545    104.000    5.29903 1.1407e-01    18.2729    36.0794  1026.4848    5.29898 0.0000e+00
       4775 171.546301     -0.249    103.479    18.4269   4.764134    103.000    5.28555 1.0887e-01    18.4088    36.0762  1026.4428    5.28546 0.0000e+00
       4788 171.546341     -0.616    102.508    18.4369   4.765171    102.000    5.28451 1.1096e-01    18.4189    36.0766  1026.4364    5.28446 0.0000e+00
       4793 171.546353     -0.871    101.746    18.4714   4.770517    101.000    5.28060 1.1078e-01    18.4536    36.0920  1026.4361    5.28052 0.0000e+00
