jupyter/NEMEA/teste_rotina/cnvs/uMCTV009.cnv
* Sea-Bird SBE 9 Data File:
* FileName = D:\ACEX\brutos\MCTV009.hex
* Software Version Seasave V 7.17
* Temperature SN = 4821
* Conductivity SN = 3367
* Number of Bytes Per Scan = 21
* Number of Voltage Words = 3
* Number of Scans Averaged by the Deck Unit = 1
** H38 
** NHo Cruzeiro do Sul 
** 222 
** MCTV ACEx 
**   009
**   27 00.30 S
**   046 51.87 W
**   14/06/2012 11:10Z
**   195
** 9P46375-0882 
**   Pesq Catarina Cecilio
# nquan = 16
# nvalues = 177                         
# units = specified
# name 0 = scan: Scan Count
# name 1 = timeJ: Julian Days
# name 2 = dz/dtM: Descent Rate [m/s]
# name 3 = prDM: Pressure, Digiquartz [db]
# name 4 = t090C: Temperature [ITS-90, deg C]
# name 5 = c0S/m: Conductivity [S/m]
# name 6 = sbeox0V: Oxygen Voltage, SBE 43
# name 7 = depSM: Depth [salt water, m]
# name 8 = flSP: Fluorescence, Seapoint
# name 9 = potemp090C: Potential Temperature [ITS-90, deg C]
# name 10 = sal00: Salinity [PSU]
# name 11 = density00: Density [density, Kg/m^3]
# name 12 = sigma-é00: Density [sigma-theta, Kg/m^3]
# name 13 = sbeox0ML/L: Oxygen, SBE 43 [ml/l], WS = 2
# name 14 = nbin: number of scans per bin
# name 15 = flag: flag
# span 0 =      15953,      36791       
# span 1 = 166.347866, 166.357916       
# span 2 =     -0.876,     -0.162       
# span 3 =      1.015,    178.245       
# span 4 =    14.5765,    21.6569       
# span 5 =   4.352851,   5.127903       
# span 6 =     2.6271,     3.4762       
# span 7 =      1.000,    177.000       
# span 8 = 5.3434e-02, 6.8974e-01       
# span 9 =    14.5498,    21.6484       
# span 10 =    35.8729,    36.5233      
# span 11 =  1025.2275,  1027.5300      
# span 12 =    25.2231,    26.7460      
# span 13 =    3.66712,    4.56202      
# span 14 =         17,         74      
# span 15 = 0.0000e+00, 0.0000e+00      
# interval = meters: 1                  
# start_time = Jun 14 2012 08:09:51
# bad_flag = -9.990e-29
*END*
[from data line 91]
      28400 166.353869     -0.358     86.587    16.9721   4.632077     2.9066     86.000 1.4070e-01    16.9578    36.2365  1026.8512    26.4739    3.96624         45 0.0000e+00
      28469 166.353902     -0.383     85.581    17.0038   4.636401     2.9128     85.000 1.3941e-01    16.9896    36.2463  1026.8466    26.4738    3.97427         37 0.0000e+00
      28500 166.353917     -0.689     84.573    17.0268   4.639010     2.9159     84.000 1.3520e-01    17.0127    36.2488  1026.8386    26.4702    3.97747         31 0.0000e+00
      28534 166.353933     -0.753     83.566    17.0456   4.641487     2.9190     83.000 1.3501e-01    17.0317    36.2539  1026.8336    26.4696    3.98107         37 0.0000e+00
      28608 166.353969     -0.333     82.556    17.1807   4.658176     2.9364     82.000 1.5111e-01    17.1669    36.2787  1026.8154    26.4560    4.00108         45 0.0000e+00
      28678 166.354003     -0.363     81.555    17.2759   4.669310     2.9495     81.000 1.5990e-01    17.2622    36.2908  1026.7972    26.4422    4.01662         61 0.0000e+00
      28783 166.354054     -0.307     80.553    17.3349   4.676370     2.9585     80.000 1.6878e-01    17.3213    36.2997  1026.7853    26.4348    4.02741         49 0.0000e+00
      29852 166.354569     -0.162     79.530    17.3706   4.679887     2.9727     79.000 1.7298e-01    17.3572    36.2987  1026.7712    26.4252    4.04966         47 0.0000e+00
      29904 166.354594     -0.382     78.525    17.3772   4.680581     2.9737     78.000 1.7501e-01    17.3640    36.2992  1026.7656    26.4240    4.05034         36 0.0000e+00
      29929 166.354607     -0.681     77.522    17.3838   4.681051     2.9733     77.000 1.5849e-01    17.3707    36.2978  1026.7585    26.4213    4.04860         31 0.0000e+00
      29959 166.354621     -0.812     76.519    17.3911   4.681869     2.9767     76.000 1.6016e-01    17.3782    36.2987  1026.7531    26.4202    4.05346         28 0.0000e+00
      30054 166.354667     -0.536     75.509    17.5232   4.697059     2.9873     75.000 1.8288e-01    17.5104    36.3126  1026.7269    26.3986    4.06164         42 0.0000e+00
      30138 166.354707     -0.655     74.506    17.6357   4.709923     2.9935     74.000 2.0311e-01    17.6230    36.3238  1026.7034    26.3796    4.06331         37 0.0000e+00
      30186 166.354730     -0.531     73.493    17.6583   4.712194     2.9980     73.000 2.0098e-01    17.6458    36.3236  1026.6932    26.3738    4.06896         52 0.0000e+00
      30246 166.354759     -0.394     72.486    17.6925   4.715777     3.0055     72.000 2.1751e-01    17.6802    36.3244  1026.6810    26.3660    4.07911         62 0.0000e+00
      30315 166.354793     -0.346     71.489    17.7313   4.720048     3.0112     71.000 2.1384e-01    17.7190    36.3271  1026.6691    26.3585    4.08582         58 0.0000e+00
      30373 166.354821     -0.431     70.470    17.7762   4.724985     3.0225     70.000 2.1127e-01    17.7642    36.3299  1026.6557    26.3496    4.10162         49 0.0000e+00
      30466 166.354865     -0.267     69.463    17.8175   4.729805     3.0358     69.000 2.1266e-01    17.8055    36.3351  1026.6450    26.3433    4.12135         40 0.0000e+00
      30526 166.354895     -0.538     68.457    17.9092   4.740916     3.0490     68.000 2.0365e-01    17.8974    36.3493  1026.6287    26.3315    4.13672         35 0.0000e+00
      30558 166.354910     -0.729     67.453    17.9886   4.750139     3.0609     67.000 1.9422e-01    17.9769    36.3583  1026.6114    26.3186    4.15092         34 0.0000e+00
      30638 166.354948     -0.376     66.443    18.0709   4.758956     3.0771     66.000 2.0152e-01    18.0594    36.3610  1026.5884    26.3001    4.17256         39 0.0000e+00
      30718 166.354987     -0.479     65.458    18.1779   4.772407     3.0937     65.000 2.0631e-01    18.1665    36.3815  1026.5730    26.2891    4.19233         30 0.0000e+00
      30752 166.355004     -0.715     64.437    18.2577   4.781027     3.1017     64.000 2.2144e-01    18.2465    36.3847  1026.5509    26.2715    4.19963         39 0.0000e+00
      30811 166.355032     -0.388     63.423    18.2764   4.782963     3.1095     63.000 2.0760e-01    18.2654    36.3850  1026.5420    26.2670    4.21116         64 0.0000e+00
      30886 166.355068     -0.310     62.419    18.3332   4.789090     3.1128     62.000 2.0421e-01    18.3222    36.3873  1026.5251    26.2545    4.21207         42 0.0000e+00
      30955 166.355101     -0.387     61.425    18.4729   4.805892     3.1172     61.000 2.4961e-01    18.4621    36.4070  1026.5004    26.2343    4.20792         44 0.0000e+00
      31007 166.355126     -0.495     60.405    18.8593   4.847960     3.1054     60.000 2.3770e-01    18.8485    36.4224  1026.4091    26.1477    4.15710         43 0.0000e+00
      31094 166.355169     -0.340     59.403    19.1110   4.872907     3.0856     59.000 2.1547e-01    19.1003    36.4114  1026.3313    26.0745    4.10396         33 0.0000e+00
      31125 166.355183     -0.727     58.393    19.2120   4.882319     3.0794     58.000 2.3959e-01    19.2014    36.4021  1026.2936    26.0413    4.08551         31 0.0000e+00
      31164 166.355202     -0.661     57.388    19.2225   4.882449     3.0718     57.000 2.3353e-01    19.2121    36.3944  1026.2806    26.0326    4.07124         41 0.0000e+00
      31247 166.355242     -0.162     56.385    19.6124   4.925061     3.0603     56.000 2.8936e-01    19.6021    36.4096  1026.1859    25.9426    4.02244         28 0.0000e+00
      31330 166.355282     -0.352     55.372    20.0649   4.976437     3.0594     55.000 2.7815e-01    20.0546    36.4416  1026.0858    25.8473    3.98735         52 0.0000e+00
      31374 166.355303     -0.533     54.360    20.1842   4.989720     3.0580     54.000 2.7473e-01    20.1740    36.4480  1026.0544    25.8203    3.97594         39 0.0000e+00
      31412 166.355322     -0.625     53.356    20.2890   5.002312     3.0622     53.000 2.7341e-01    20.2789    36.4610  1026.0318    25.8022    3.97480         39 0.0000e+00
      31462 166.355346     -0.490     52.349    20.3577   5.010339     3.0721     52.000 2.8521e-01    20.3479    36.4678  1026.0141    25.7888    3.98594         59 0.0000e+00
      31525 166.355376     -0.374     51.342    20.6115   5.041192     3.0839     51.000 3.2564e-01    20.6017    36.5012  1025.9665    25.7458    3.98664         60 0.0000e+00
      31827 166.355522     -0.410     50.337    20.7230   5.053837     3.0945     50.000 3.2764e-01    20.7134    36.5085  1025.9374    25.7211    3.99592         55 0.0000e+00
      32812 166.355997     -0.426     49.333    20.8233   5.065989     3.1078     49.000 3.6396e-01    20.8139    36.5213  1025.9154    25.7035    4.01026         35 0.0000e+00
      32743 166.355964     -0.272     48.320    20.9114   5.074679     3.1231     48.000 3.5141e-01    20.9021    36.5165  1025.8832    25.6757    4.02915         74 0.0000e+00
      32805 166.355993     -0.418     47.311    20.9833   5.083102     3.1398     47.000 3.6108e-01    20.9742    36.5233  1025.8643    25.6612    4.05103         39 0.0000e+00
      32844 166.356012     -0.606     46.310    21.3721   5.123915     3.1811     46.000 4.0604e-01    21.3631    36.5200  1025.7500    25.5515    4.09145         43 0.0000e+00
      32898 166.356038     -0.435     45.301    21.5365   5.127649     3.2583     45.000 6.2377e-01    21.5276    36.4106  1025.6166    25.4225    4.20892         61 0.0000e+00
      32983 166.356079     -0.278     44.298    21.6498   5.127903     3.3402     44.000 6.3149e-01    21.6411    36.3170  1025.5094    25.3196    4.33717         17 0.0000e+00
      33083 166.356128     -0.298     43.287    21.6569   5.123995     3.3784     43.000 6.8974e-01    21.6484    36.2803  1025.4751    25.2896    4.39982         69 0.0000e+00
      33147 166.356158     -0.381     42.281    21.6501   5.122066     3.3822     42.000 6.8600e-01    21.6418    36.2710  1025.4656    25.2844    4.40618         63 0.0000e+00
      33622 166.356387     -0.236     41.274    21.6354   5.118839     3.3946     41.000 6.3156e-01    21.6273    36.2581  1025.4555    25.2787    4.42742         31 0.0000e+00
      34080 166.356608     -0.339     40.268    21.6257   5.116730     3.4030     40.000 6.5349e-01    21.6178    36.2498  1025.4475    25.2750    4.44153         49 0.0000e+00
      34212 166.356672     -0.275     39.254    21.6238   5.115820     3.4045     39.000 6.4717e-01    21.6161    36.2444  1025.4396    25.2714    4.44377         43 0.0000e+00
      34244 166.356688     -0.623     38.256    21.6232   5.114964     3.4027     38.000 6.5944e-01    21.6157    36.2385  1025.4309    25.2670    4.44038         39 0.0000e+00
      34309 166.356719     -0.386     37.246    21.6215   5.114437     3.4137     37.000 5.6596e-01    21.6142    36.2360  1025.4252    25.2655    4.45807         40 0.0000e+00
      34381 166.356754     -0.402     36.240    21.6210   5.114077     3.4158     36.000 5.4144e-01    21.6139    36.2340  1025.4194    25.2640    4.46101         53 0.0000e+00
      34446 166.356785     -0.391     35.235    21.6203   5.113786     3.4192     35.000 5.4731e-01    21.6134    36.2326  1025.4142    25.2632    4.46597         30 0.0000e+00
      34551 166.356835     -0.270     34.221    21.6191   5.113207     3.4178     34.000 5.4644e-01    21.6124    36.2294  1025.4077    25.2610    4.46338         38 0.0000e+00
      34597 166.356858     -0.547     33.220    21.6181   5.112861     3.4197     33.000 5.4042e-01    21.6116    36.2278  1025.4024    25.2600    4.46594         42 0.0000e+00
      34672 166.356894     -0.376     32.212    21.6133   5.111632     3.4262     32.000 5.4307e-01    21.6070    36.2224  1025.3952    25.2572    4.47646         37 0.0000e+00
      34758 166.356935     -0.400     31.206    21.6093   5.110542     3.4338     31.000 5.2134e-01    21.6032    36.2174  1025.3882    25.2545    4.48892         50 0.0000e+00
      34807 166.356959     -0.480     30.201    21.6071   5.110025     3.4330     30.000 5.0740e-01    21.6011    36.2156  1025.3830    25.2536    4.48721         54 0.0000e+00
      34871 166.356990     -0.368     29.193    21.6038   5.109222     3.4352     29.000 4.9311e-01    21.5981    36.2122  1025.3771    25.2519    4.49050         66 0.0000e+00
      34944 166.357025     -0.315     28.184    21.5958   5.107168     3.4444     28.000 5.1592e-01    21.5903    36.2030  1025.3679    25.2470    4.50577         64 0.0000e+00
      34995 166.357050     -0.493     27.182    21.5911   5.106047     3.4443     27.000 5.3600e-01    21.5858    36.1983  1025.3613    25.2448    4.50548         47 0.0000e+00
      35072 166.357087     -0.303     26.168    21.5851   5.104924     3.4474     26.000 4.8327e-01    21.5800    36.1948  1025.3559    25.2437    4.51057         41 0.0000e+00
      35123 166.357111     -0.515     25.165    21.5709   5.102339     3.4487     25.000 4.8573e-01    21.5659    36.1865  1025.3492    25.2413    4.51344         38 0.0000e+00
      35168 166.357133     -0.558     24.162    21.5720   5.102474     3.4494     24.000 4.7971e-01    21.5672    36.1870  1025.3449    25.2413    4.51381         48 0.0000e+00
      35248 166.357172     -0.298     23.151    21.5589   5.100180     3.4470     23.000 4.9403e-01    21.5544    36.1801  1025.3389    25.2396    4.51052         61 0.0000e+00
      35313 166.357203     -0.391     22.148    21.5390   5.096726     3.4525     22.000 4.9210e-01    21.5347    36.1696  1025.3321    25.2371    4.52086         54 0.0000e+00
      35407 166.357248     -0.263     21.135    21.5331   5.095813     3.4577     21.000 4.3531e-01    21.5290    36.1676  1025.3278    25.2372    4.52923         43 0.0000e+00
      35450 166.357269     -0.567     20.134    21.5314   5.095425     3.4549     20.000 4.5982e-01    21.5274    36.1664  1025.3230    25.2367    4.52414         38 0.0000e+00
      35504 166.357295     -0.440     19.128    21.5241   5.094050     3.4551     19.000 4.7205e-01    21.5204    36.1619  1025.3173    25.2352    4.52465         71 0.0000e+00
      35598 166.357340     -0.247     18.116    21.4982   5.089728     3.4600     18.000 4.4449e-01    21.4946    36.1495  1025.3107    25.2330    4.53433         38 0.0000e+00
      35669 166.357375     -0.420     17.112    21.4864   5.087711     3.4626     17.000 4.2647e-01    21.4830    36.1437  1025.3052    25.2318    4.53905         42 0.0000e+00
      35719 166.357399     -0.475     16.107    21.4807   5.086756     3.4627     16.000 4.1553e-01    21.4775    36.1413  1025.3005    25.2315    4.53925         62 0.0000e+00
      35779 166.357428     -0.394     15.100    21.4717   5.085211     3.4595     15.000 4.0947e-01    21.4688    36.1368  1025.2953    25.2305    4.53410         50 0.0000e+00
      35837 166.357456     -0.416     14.094    21.4515   5.081768     3.4648     14.000 4.1582e-01    21.4487    36.1267  1025.2888    25.2283    4.54405         54 0.0000e+00
      35940 166.357505     -0.282     13.085    21.4348   5.078961     3.4694     13.000 3.6910e-01    21.4323    36.1186  1025.2829    25.2268    4.55251         48 0.0000e+00
      36015 166.357541     -0.353     12.076    21.4187   5.076351     3.4705     12.000 3.5107e-01    21.4163    36.1117  1025.2777    25.2259    4.55516         56 0.0000e+00
      36061 166.357564     -0.522     11.075    21.4178   5.076245     3.4662     11.000 3.9608e-01    21.4156    36.1119  1025.2738    25.2263    4.54760         47 0.0000e+00
      36124 166.357594     -0.384     10.066    21.4176   5.076066     3.4669     10.000 3.6640e-01    21.4157    36.1110  1025.2688    25.2256    4.54806         44 0.0000e+00
      36211 166.357636     -0.331      9.060    21.4123   5.075269     3.4700      9.000 3.2646e-01    21.4105    36.1095  1025.2647    25.2258    4.55306         62 0.0000e+00
      36293 166.357676     -0.279      8.050    21.3966   5.072578     3.4711      8.000 3.1536e-01    21.3950    36.1015  1025.2586    25.2241    4.55580         42 0.0000e+00
      36347 166.357702     -0.471      7.048    21.3822   5.070259     3.4702      7.000 3.2348e-01    21.3809    36.0954  1025.2536    25.2233    4.55490         52 0.0000e+00
      36410 166.357732     -0.375      6.040    21.3816   5.070178     3.4671      6.000 2.8095e-01    21.3805    36.0956  1025.2495    25.2236    4.54930         66 0.0000e+00
      36487 166.357769     -0.294      5.029    21.3773   5.069471     3.4701      5.000 2.5862e-01    21.3764    36.0939  1025.2450    25.2234    4.55392         44 0.0000e+00
      36547 166.357798     -0.394      4.029    21.3779   5.069506     3.4713      4.000 2.6171e-01    21.3772    36.0941  1025.2406    25.2233    4.55518         61 0.0000e+00
      36616 166.357832     -0.363      3.020    21.3791   5.069633     3.4741      3.000 2.4923e-01    21.3785    36.0945  1025.2362    25.2233    4.55915         63 0.0000e+00
      36687 166.357866     -0.309      2.011    21.3784   5.069464     3.4762      2.000 2.4508e-01    21.3780    36.0941  1025.2317    25.2231    4.56202         41 0.0000e+00
      36791 166.357916     -0.252      1.015    21.3774   5.069270     3.4756      1.000 1.2023e-01    21.3772    36.0938  1025.2275    25.2231    4.56058         38 0.0000e+00
