jupyter/NEMEA/teste_rotina/cnvs/uMCTV009.cnv
* Sea-Bird SBE 9 Data File:
* FileName = D:\ACEX\brutos\MCTV009.hex
* Software Version Seasave V 7.17
* Temperature SN = 4821
* Conductivity SN = 3367
* Number of Bytes Per Scan = 21
* Number of Voltage Words = 3
* Number of Scans Averaged by the Deck Unit = 1
** H38 
** NHo Cruzeiro do Sul 
** 222 
** MCTV ACEx 
**   009
**   27 00.30 S
**   046 51.87 W
**   14/06/2012 11:10Z
**   195
** 9P46375-0882 
**   Pesq Catarina Cecilio
# nquan = 16
# nvalues = 177                         
# units = specified
# name 0 = scan: Scan Count
# name 1 = timeJ: Julian Days
# name 2 = dz/dtM: Descent Rate [m/s]
# name 3 = prDM: Pressure, Digiquartz [db]
# name 4 = t090C: Temperature [ITS-90, deg C]
# name 5 = c0S/m: Conductivity [S/m]
# name 6 = sbeox0V: Oxygen Voltage, SBE 43
# name 7 = depSM: Depth [salt water, m]
# name 8 = flSP: Fluorescence, Seapoint
# name 9 = potemp090C: Potential Temperature [ITS-90, deg C]
# name 10 = sal00: Salinity [PSU]
# name 11 = density00: Density [density, Kg/m^3]
# name 12 = sigma-é00: Density [sigma-theta, Kg/m^3]
# name 13 = sbeox0ML/L: Oxygen, SBE 43 [ml/l], WS = 2
# name 14 = nbin: number of scans per bin
# name 15 = flag: flag
# span 0 =      15953,      36791       
# span 1 = 166.347866, 166.357916       
# span 2 =     -0.876,     -0.162       
# span 3 =      1.015,    178.245       
# span 4 =    14.5765,    21.6569       
# span 5 =   4.352851,   5.127903       
# span 6 =     2.6271,     3.4762       
# span 7 =      1.000,    177.000       
# span 8 = 5.3434e-02, 6.8974e-01       
# span 9 =    14.5498,    21.6484       
# span 10 =    35.8729,    36.5233      
# span 11 =  1025.2275,  1027.5300      
# span 12 =    25.2231,    26.7460      
# span 13 =    3.66712,    4.56202      
# span 14 =         17,         74      
# span 15 = 0.0000e+00, 0.0000e+00      
# interval = meters: 1                  
# start_time = Jun 14 2012 08:09:51
# bad_flag = -9.990e-29
*END*
      15953 166.347866     -0.383    178.245    14.5765   4.353096     2.6345    177.000 9.4821e-02    14.5498    35.8755  1027.5300    26.7460    3.69293         49 0.0000e+00
      19428 166.349543     -0.455    177.239    14.5778   4.353229     2.6317    176.000 9.6824e-02    14.5513    35.8759  1027.5256    26.7460    3.68700         51 0.0000e+00
      21530 166.350556     -0.437    176.221    14.5808   4.353531     2.6318    175.000 9.6554e-02    14.5544    35.8764  1027.5208    26.7457    3.68648         48 0.0000e+00
      21364 166.350476     -0.265    175.209    14.5804   4.353463     2.6322    174.000 9.2645e-02    14.5542    35.8765  1027.5165    26.7458    3.68671         46 0.0000e+00
      21406 166.350496     -0.560    174.208    14.5817   4.353567     2.6313    173.000 9.2228e-02    14.5557    35.8767  1027.5119    26.7456    3.68453         41 0.0000e+00
      21466 166.350525     -0.465    173.209    14.5818   4.353543     2.6289    172.000 9.1800e-02    14.5559    35.8768  1027.5075    26.7456    3.67932         28 0.0000e+00
      21570 166.350575     -0.335    172.199    14.5834   4.353690     2.6308    171.000 9.3193e-02    14.5577    35.8770  1027.5029    26.7455    3.68243         46 0.0000e+00
      21616 166.350597     -0.483    171.191    14.5840   4.353698     2.6307    170.000 9.7695e-02    14.5584    35.8770  1027.4983    26.7453    3.68155         57 0.0000e+00
      21688 166.350632     -0.316    170.178    14.5848   4.353762     2.6314    169.000 9.4765e-02    14.5594    35.8773  1027.4939    26.7453    3.68246         72 0.0000e+00
      21776 166.350675     -0.275    169.169    14.5872   4.353994     2.6347    168.000 9.4515e-02    14.5619    35.8776  1027.4891    26.7450    3.68803         18 0.0000e+00
      21860 166.350715     -0.363    168.172    14.5883   4.354089     2.6320    167.000 9.2383e-02    14.5632    35.8779  1027.4847    26.7449    3.68228         39 0.0000e+00
      21898 166.350734     -0.624    167.157    14.5895   4.354172     2.6311    166.000 9.5154e-02    14.5644    35.8780  1027.4801    26.7448    3.67989         35 0.0000e+00
      21939 166.350753     -0.603    166.160    14.5901   4.354214     2.6321    165.000 9.3306e-02    14.5652    35.8783  1027.4757    26.7448    3.68128         46 0.0000e+00
      22047 166.350805     -0.236    165.135    14.5909   4.354285     2.6299    164.000 9.3629e-02    14.5662    35.8785  1027.4712    26.7448    3.67654         42 0.0000e+00
      22092 166.350827     -0.550    164.136    14.5926   4.354453     2.6293    163.000 9.6338e-02    14.5681    35.8789  1027.4667    26.7447    3.67470         32 0.0000e+00
      22126 166.350844     -0.687    163.132    14.5938   4.354552     2.6281    162.000 9.6698e-02    14.5694    35.8792  1027.4622    26.7446    3.67189         39 0.0000e+00
      22196 166.350877     -0.382    162.120    14.5947   4.354612     2.6289    161.000 9.6096e-02    14.5704    35.8793  1027.4576    26.7445    3.67285         36 0.0000e+00
      22273 166.350914     -0.429    161.114    14.5956   4.354685     2.6305    160.000 9.4879e-02    14.5715    35.8796  1027.4532    26.7444    3.67528         40 0.0000e+00
      22309 166.350932     -0.663    160.112    14.5964   4.354732     2.6297    159.000 9.6239e-02    14.5724    35.8797  1027.4487    26.7443    3.67323         31 0.0000e+00
      22420 166.350986     -0.189    159.089    14.5981   4.354905     2.6284    158.000 9.4313e-02    14.5743    35.8801  1027.4441    26.7442    3.67018         48 0.0000e+00
      22454 166.351001     -0.598    158.108    14.5989   4.354964     2.6271    157.000 9.6198e-02    14.5753    35.8803  1027.4397    26.7442    3.66712         25 0.0000e+00
      22485 166.351017     -0.772    157.090    14.5985   4.354843     2.6280    156.000 9.7857e-02    14.5750    35.8800  1027.4350    26.7440    3.66841         36 0.0000e+00
      22558 166.351052     -0.435    156.076    14.5985   4.354782     2.6330    155.000 9.5075e-02    14.5752    35.8799  1027.4305    26.7439    3.67730         45 0.0000e+00
      22662 166.351102     -0.429    155.077    14.6000   4.354910     2.6354    154.000 9.6506e-02    14.5768    35.8801  1027.4259    26.7437    3.68128         36 0.0000e+00
      22698 166.351120     -0.662    154.063    14.6014   4.355030     2.6361    153.000 9.5420e-02    14.5783    35.8804  1027.4213    26.7435    3.68202         37 0.0000e+00
      22758 166.351148     -0.393    153.055    14.6025   4.355117     2.6358    152.000 9.5194e-02    14.5796    35.8806  1027.4168    26.7434    3.68088         56 0.0000e+00
      22830 166.351183     -0.358    152.048    14.6056   4.355434     2.6395    151.000 9.8504e-02    14.5828    35.8811  1027.4120    26.7431    3.68716         54 0.0000e+00
      22892 166.351213     -0.377    151.039    14.6056   4.355327     2.6414    150.000 9.6464e-02    14.5830    35.8805  1027.4071    26.7426    3.69032         67 0.0000e+00
      22973 166.351252     -0.275    150.036    14.5972   4.354026     2.6726    149.000 8.4654e-02    14.5748    35.8766  1027.4015    26.7414    3.74999         34 0.0000e+00
      23050 166.351289     -0.378    149.041    14.5899   4.352851     2.7091    148.000 8.0629e-02    14.5676    35.8730  1027.3959    26.7402    3.81957         48 0.0000e+00
      23106 166.351316     -0.441    148.023    14.5907   4.352880     2.7287    147.000 8.0561e-02    14.5686    35.8729  1027.3911    26.7399    3.85618         52 0.0000e+00
      23167 166.351346     -0.388    147.010    14.6028   4.354161     2.7411    146.000 7.0319e-02    14.5808    35.8740  1027.3848    26.7381    3.87823         54 0.0000e+00
      23241 166.351381     -0.320    146.012    14.6411   4.358075     2.7865    145.000 6.6543e-02    14.6192    35.8751  1027.3729    26.7306    3.96108         45 0.0000e+00
      23324 166.351421     -0.402    144.993    14.6693   4.361292     2.8249    144.000 6.2746e-02    14.6475    35.8792  1027.3653    26.7275    4.03131         32 0.0000e+00
      23352 166.351434     -0.768    143.992    14.6965   4.364273     2.8421    143.000 6.2288e-02    14.6749    35.8819  1027.3569    26.7237    4.06114         28 0.0000e+00
      23408 166.351462     -0.543    142.981    14.7202   4.366581     2.8671    142.000 5.8221e-02    14.6986    35.8817  1027.3471    26.7183    4.10611         42 0.0000e+00
      23498 166.351505     -0.373    141.970    14.7459   4.369561     2.8923    141.000 5.4039e-02    14.7245    35.8858  1027.3401    26.7159    4.15108         35 0.0000e+00
      23527 166.351519     -0.705    140.967    14.7525   4.370181     2.8941    140.000 5.4887e-02    14.7313    35.8858  1027.3342    26.7144    4.15337         34 0.0000e+00
      23561 166.351535     -0.717    139.964    14.7548   4.370423     2.8968    139.000 5.4129e-02    14.7337    35.8863  1027.3297    26.7143    4.15777         37 0.0000e+00
      23611 166.351560     -0.485    138.951    14.7630   4.371244     2.8985    138.000 5.4892e-02    14.7420    35.8868  1027.3237    26.7128    4.15985         59 0.0000e+00
      23685 166.351595     -0.323    137.944    14.7857   4.373987     2.9000    137.000 5.5248e-02    14.7649    35.8915  1027.3178    26.7114    4.16012         59 0.0000e+00
      23735 166.351619     -0.488    136.940    14.8074   4.376412     2.9008    136.000 5.5670e-02    14.7868    35.8941  1027.3106    26.7086    4.15915         45 0.0000e+00
      23802 166.351652     -0.351    135.930    14.8069   4.376301     2.8987    135.000 5.5379e-02    14.7864    35.8940  1027.3062    26.7086    4.15476         45 0.0000e+00
      23873 166.351686     -0.386    134.929    14.8281   4.378694     2.8924    134.000 5.5216e-02    14.8077    35.8968  1027.2993    26.7061    4.14046         40 0.0000e+00
      23909 166.351704     -0.643    133.915    14.8307   4.378933     2.8919    133.000 5.5372e-02    14.8104    35.8971  1027.2944    26.7057    4.13875         37 0.0000e+00
      23956 166.351726     -0.547    132.910    14.8309   4.378909     2.8892    132.000 5.6482e-02    14.8108    35.8971  1027.2899    26.7056    4.13311         37 0.0000e+00
      24032 166.351763     -0.347    131.906    14.8349   4.379330     2.8867    131.000 5.6106e-02    14.8149    35.8977  1027.2850    26.7052    4.12747         48 0.0000e+00
      24117 166.351804     -0.282    130.892    14.8371   4.379552     2.8872    130.000 5.5614e-02    14.8173    35.8981  1027.2804    26.7050    4.12756         41 0.0000e+00
      24178 166.351833     -0.550    129.892    14.8410   4.379995     2.8852    129.000 5.5324e-02    14.8214    35.8989  1027.2757    26.7047    4.12287         32 0.0000e+00
      24213 166.351850     -0.701    128.882    14.8589   4.382098     2.8830    128.000 5.5871e-02    14.8394    35.9022  1027.2698    26.7033    4.11665         37 0.0000e+00
      24789 166.352128     -0.578    127.880    14.8932   4.386623     2.8820    127.000 5.7578e-02    14.8738    35.9126  1027.2657    26.7037    4.11136         51 0.0000e+00
      25521 166.352481     -0.633    126.867    14.9502   4.392855     2.8809    126.000 5.7481e-02    14.9309    35.9176  1027.2524    26.6950    4.10404         39 0.0000e+00
      25560 166.352500     -0.514    125.873    15.0612   4.406152     2.8924    125.000 5.5707e-02    15.0420    35.9375  1027.2386    26.6858    4.11575         40 0.0000e+00
      25611 166.352524     -0.473    124.855    15.1137   4.411976     2.9057    124.000 5.5564e-02    15.0946    35.9428  1027.2264    26.6782    4.13574         49 0.0000e+00
      25656 166.352546     -0.533    123.843    15.1536   4.416810     2.9172    123.000 5.4831e-02    15.1347    35.9506  1027.2190    26.6753    4.15347         34 0.0000e+00
      25689 166.352562     -0.695    122.839    15.2033   4.422855     2.9290    122.000 5.5477e-02    15.1844    35.9605  1027.2110    26.6718    4.17082         31 0.0000e+00
      25718 166.352576     -0.807    121.831    15.2369   4.426702     2.9393    121.000 5.3434e-02    15.2182    35.9651  1027.2025    26.6678    4.18658         25 0.0000e+00
      25745 166.352589     -0.876    120.828    15.2533   4.428411     2.9481    120.000 5.3490e-02    15.2347    35.9660  1027.1951    26.6649    4.20122         26 0.0000e+00
      25777 166.352604     -0.805    119.828    15.2547   4.428469     2.9542    119.000 5.4370e-02    15.2363    35.9657  1027.1901    26.6642    4.21189         40 0.0000e+00
      25856 166.352642     -0.322    118.803    15.2608   4.429107     2.9520    118.000 5.5093e-02    15.2425    35.9663  1027.1847    26.6633    4.20668         50 0.0000e+00
      26099 166.352760     -0.326    117.807    15.2840   4.431695     2.9470    117.000 5.6858e-02    15.2658    35.9690  1027.1771    26.6602    4.19486         47 0.0000e+00
      26473 166.352940     -0.321    116.801    15.3411   4.438330     2.9208    116.000 6.2792e-02    15.3231    35.9773  1027.1661    26.6537    4.14058         48 0.0000e+00
      26507 166.352956     -0.478    115.798    15.3642   4.440806     2.9076    115.000 6.5897e-02    15.3463    35.9790  1027.1578    26.6499    4.11357         34 0.0000e+00
      26600 166.353001     -0.324    114.781    15.3851   4.443397     2.8971    114.000 6.5187e-02    15.3673    35.9838  1027.1523    26.6488    4.09165         48 0.0000e+00
      26653 166.353027     -0.441    113.777    15.3929   4.444216     2.8968    113.000 6.7177e-02    15.3752    35.9846  1027.1466    26.6476    4.08991         61 0.0000e+00
      26747 166.353072     -0.259    112.770    15.4150   4.446880     2.8959    112.000 6.5501e-02    15.3975    35.9888  1027.1404    26.6459    4.08582         27 0.0000e+00
      26826 166.353110     -0.356    111.757    15.4383   4.449523     2.8911    111.000 7.2859e-02    15.4209    35.9919  1027.1330    26.6430    4.07431         56 0.0000e+00
      26881 166.353137     -0.431    110.756    15.4459   4.450385     2.8876    110.000 6.9756e-02    15.4287    35.9931  1027.1278    26.6421    4.06661         55 0.0000e+00
      26934 166.353162     -0.457    109.744    15.4684   4.452965     2.8810    109.000 7.0739e-02    15.4514    35.9963  1027.1207    26.6395    4.05200         44 0.0000e+00
      26978 166.353183     -0.568    108.741    15.4912   4.455473     2.8707    108.000 7.2719e-02    15.4743    35.9986  1027.1128    26.6361    4.03058         37 0.0000e+00
      27120 166.353252     -0.262    107.725    15.5242   4.459389     2.8537    107.000 7.5162e-02    15.5074    36.0042  1027.1052    26.6329    3.99567         50 0.0000e+00
      27158 166.353270     -0.568    106.723    15.5548   4.463059     2.8532    106.000 7.3911e-02    15.5382    36.0098  1027.0981    26.6303    3.99169         37 0.0000e+00
      27196 166.353289     -0.647    105.718    15.5804   4.465803     2.8483    105.000 7.6162e-02    15.5639    36.0116  1027.0892    26.6259    3.98006         43 0.0000e+00
      27257 166.353318     -0.367    104.706    15.5881   4.466703     2.8377    104.000 8.6613e-02    15.5717    36.0132  1027.0842    26.6253    3.95930         58 0.0000e+00
      27394 166.353384     -0.256    103.705    15.6405   4.472621     2.8134    103.000 9.0839e-02    15.6242    36.0191  1027.0723    26.6179    3.90959         54 0.0000e+00
      27471 166.353421     -0.367    102.695    15.6513   4.473791     2.8070    102.000 8.7685e-02    15.6352    36.0202  1027.0662    26.6163    3.89653         70 0.0000e+00
      27541 166.353455     -0.349    101.688    15.6861   4.477989     2.8057    101.000 8.8244e-02    15.6701    36.0267  1027.0588    26.6133    3.89075         48 0.0000e+00
      27579 166.353473     -0.604    100.682    15.7341   4.483789     2.8023    100.000 9.0748e-02    15.7183    36.0355  1027.0501    26.6091    3.88026         30 0.0000e+00
      27640 166.353503     -0.488     99.682    15.7824   4.489025     2.7972     99.000 9.6941e-02    15.7667    36.0390  1027.0373    26.6008    3.86655         41 0.0000e+00
      27744 166.353553     -0.400     98.671    15.9020   4.503639     2.8020     98.000 9.9227e-02    15.8863    36.0617  1027.0227    26.5908    3.86546         43 0.0000e+00
      27786 166.353573     -0.545     97.665    15.9258   4.506360     2.8028     97.000 1.0274e-01    15.9103    36.0648  1027.0151    26.5877    3.86470         49 0.0000e+00
      27843 166.353600     -0.401     96.658    15.9360   4.507737     2.7992     96.000 1.0158e-01    15.9206    36.0683  1027.0110    26.5880    3.85671         47 0.0000e+00
      27888 166.353622     -0.531     95.646    15.9642   4.510973     2.7996     95.000 1.1064e-01    15.9490    36.0720  1027.0029    26.5843    3.85481         40 0.0000e+00
      27927 166.353641     -0.628     94.646    16.0172   4.517559     2.8005     94.000 1.0711e-01    16.0021    36.0832  1026.9948    26.5807    3.85178         40 0.0000e+00
      27988 166.353670     -0.379     93.631    16.0774   4.524550     2.8041     93.000 1.1024e-01    16.0625    36.0913  1026.9825    26.5730    3.85322         73 0.0000e+00
      28061 166.353705     -0.341     92.625    16.2484   4.544936     2.8213     92.000 1.1710e-01    16.2335    36.1182  1026.9589    26.5541    3.87102         50 0.0000e+00
      28107 166.353728     -0.516     91.621    16.3684   4.559398     2.8310     91.000 1.2081e-01    16.3536    36.1384  1026.9418    26.5416    3.87895         45 0.0000e+00
      28173 166.353760     -0.344     90.614    16.4258   4.566168     2.8426     90.000 1.2400e-01    16.4111    36.1469  1026.9303    26.5346    3.89508         44 0.0000e+00
      28231 166.353788     -0.452     89.612    16.6469   4.594072     2.8664     89.000 1.2508e-01    16.6322    36.1942  1026.9099    26.5189    3.92043         42 0.0000e+00
      28274 166.353809     -0.560     88.598    16.7824   4.609108     2.8817     88.000 1.2962e-01    16.7678    36.2048  1026.8812    26.4949    3.93717         51 0.0000e+00
