jupyter/NEMEA/teste_rotina/cnvs/uMCTV011.cnv
* Sea-Bird SBE 9 Data File:
* FileName = D:\ACEX\brutos\MCTV011.hex
* Software Version Seasave V 7.17
* Temperature SN = 4821
* Conductivity SN = 3367
* Number of Bytes Per Scan = 21
* Number of Voltage Words = 3
* Number of Scans Averaged by the Deck Unit = 1
** H38 
** NHo Cruzeiro do Sul 
** 222 
** MCTV ACEx 
**   011
**   27 00.12 S
**   046  28.96W
**   14/06/2012 16:20Z
**   409
** 9P46375-0882 
**   1T Germano Filho
# nquan = 16
# nvalues = 386                         
# units = specified
# name 0 = scan: Scan Count
# name 1 = timeJ: Julian Days
# name 2 = dz/dtM: Descent Rate [m/s]
# name 3 = prDM: Pressure, Digiquartz [db]
# name 4 = t090C: Temperature [ITS-90, deg C]
# name 5 = c0S/m: Conductivity [S/m]
# name 6 = sbeox0V: Oxygen Voltage, SBE 43
# name 7 = depSM: Depth [salt water, m]
# name 8 = flSP: Fluorescence, Seapoint
# name 9 = potemp090C: Potential Temperature [ITS-90, deg C]
# name 10 = sal00: Salinity [PSU]
# name 11 = density00: Density [density, Kg/m^3]
# name 12 = sigma-é00: Density [sigma-theta, Kg/m^3]
# name 13 = sbeox0ML/L: Oxygen, SBE 43 [ml/l], WS = 2
# name 14 = nbin: number of scans per bin
# name 15 = flag: flag
# span 0 =      15338,      30558       
# span 1 = 166.563843, 166.571183       
# span 2 =     -1.294,     -0.194       
# span 3 =      1.009,    388.891       
# span 4 =    12.2965,    23.2734       
# span 5 =   4.106097,   5.427815       
# span 6 =     2.1175,     3.4838       
# span 7 =      1.000,    386.000       
# span 8 = 4.7215e-02, 4.4549e-01       
# span 9 =    12.2442,    23.2732       
# span 10 =    35.2928,    37.3191      
# span 11 =  1025.6155,  1028.7465      
# span 12 =    25.6112,    27.0220      
# span 13 =    2.89506,    4.40263      
# span 14 =         18,         69      
# span 15 = 0.0000e+00, 0.0000e+00      
# interval = meters: 1                  
# start_time = Jun 14 2012 13:21:17
# bad_flag = -9.990e-29
*END*
[from data line 272]
      24578 166.568299     -0.931    114.784    19.2392   4.921366     3.1541    114.000 9.3460e-02    19.2184    36.6841  1026.7480    26.2526    4.23696         32 0.0000e+00
      24622 166.568320     -0.568    113.771    19.2401   4.921452     3.1511    113.000 1.0323e-01    19.2195    36.6844  1026.7435    26.2525    4.23098         52 0.0000e+00
      24669 166.568343     -0.499    112.767    19.3191   4.932559     3.1593    112.000 1.0555e-01    19.2986    36.7081  1026.7366    26.2500    4.23798         37 0.0000e+00
      24705 166.568360     -0.669    111.756    19.4475   4.948212     3.1587    111.000 1.0408e-01    19.4271    36.7261  1026.7122    26.2303    4.22622         33 0.0000e+00
      24738 166.568376     -0.716    110.756    19.4686   4.951081     3.1561    110.000 1.1017e-01    19.4483    36.7319  1026.7067    26.2292    4.21943         33 0.0000e+00
      24780 166.568396     -0.604    109.747    19.5143   4.957119     3.1562    109.000 1.1725e-01    19.4941    36.7424  1026.6983    26.2252    4.21540         46 0.0000e+00
      24828 166.568420     -0.483    108.734    19.6574   4.977936     3.1655    108.000 1.2173e-01    19.6374    36.7900  1026.6924    26.2239    4.21884         42 0.0000e+00
      24861 166.568436     -0.667    107.726    19.9414   5.013431     3.1753    107.000 1.1004e-01    19.9213    36.8352  1026.6470    26.1833    4.21258         26 0.0000e+00
      24886 166.568447     -0.909    106.719    20.1735   5.043962     3.1860    106.000 1.0797e-01    20.1535    36.8839  1026.6175    26.1585    4.21170         25 0.0000e+00
      24909 166.568459     -1.007    105.717    20.2649   5.054337     3.1912    105.000 1.0580e-01    20.2450    36.8895  1026.5928    26.1383    4.21301         21 0.0000e+00
      24938 166.568472     -0.929    104.714    20.2949   5.057377     3.1916    104.000 1.1602e-01    20.2751    36.8887  1026.5797    26.1296    4.21083         34 0.0000e+00
      24978 166.568492     -0.629    103.703    20.2939   5.057397     3.1970    103.000 1.1899e-01    20.2743    36.8901  1026.5766    26.1309    4.21943         43 0.0000e+00
      25025 166.568515     -0.500    102.694    20.3448   5.064512     3.2043    102.000 1.2514e-01    20.3254    36.9043  1026.5693    26.1280    4.22711         43 0.0000e+00
      25061 166.568532     -0.644    101.688    20.5221   5.087234     3.2103    101.000 1.2877e-01    20.5028    36.9359  1026.5409    26.1042    4.22272         30 0.0000e+00
      25094 166.568548     -0.724    100.684    20.6356   5.102250     3.2206    100.000 1.5020e-01    20.6164    36.9598  1026.5239    26.0916    4.23033         32 0.0000e+00
      25127 166.568564     -0.729     99.677    20.7650   5.119262     3.2305     99.000 1.4675e-01    20.7459    36.9860  1026.5040    26.0763    4.23620         27 0.0000e+00
      25155 166.568577     -0.832     98.668    20.9471   5.142827     3.2401     98.000 1.7383e-01    20.9281    37.0194  1026.4750    26.0519    4.23739         27 0.0000e+00
      25184 166.568591     -0.864     97.662    21.0338   5.153962     3.2467     97.000 2.0270e-01    21.0149    37.0346  1026.4583    26.0397    4.24108         30 0.0000e+00
      25219 166.568608     -0.702     96.658    21.0893   5.160480     3.2543     96.000 2.2855e-01    21.0706    37.0394  1026.4423    26.0280    4.24897         36 0.0000e+00
      25254 166.568625     -0.672     95.640    21.3267   5.191670     3.2731     95.000 2.0709e-01    21.3080    37.0855  1026.4069    25.9974    4.26092         29 0.0000e+00
      25281 166.568638     -0.834     94.640    21.6526   5.231363     3.2958     94.000 2.3376e-01    21.6339    37.1226  1026.3396    25.9348    4.27292         24 0.0000e+00
      25306 166.568650     -0.942     93.633    21.8324   5.253096     3.3104     93.000 2.6509e-01    21.8139    37.1413  1026.2987    25.8985    4.28259         28 0.0000e+00
      25338 166.568666     -0.828     92.627    21.9336   5.266162     3.3214     92.000 2.7538e-01    21.9152    37.1586  1026.2788    25.8830    4.29220         37 0.0000e+00
      25383 166.568687     -0.526     91.612    21.8665   5.256806     3.3275     91.000 3.0176e-01    21.8483    37.1423  1026.2811    25.8895    4.30698         45 0.0000e+00
      25417 166.568704     -0.635     90.605    22.3554   5.322867     3.3570     90.000 2.8125e-01    22.3371    37.2460  1026.2159    25.8293    4.31605         27 0.0000e+00
      25441 166.568715     -0.908     89.598    22.6272   5.351979     3.3722     89.000 3.0086e-01    22.6089    37.2430  1026.1312    25.7493    4.32026         20 0.0000e+00
      25462 166.568725     -1.083     88.599    22.7010   5.361633     3.3824     88.000 3.1849e-01    22.6829    37.2561  1026.1154    25.7378    4.33043         23 0.0000e+00
      25486 166.568737     -1.082     87.593    22.7433   5.366631     3.3867     87.000 3.3711e-01    22.7253    37.2595  1026.1014    25.7282    4.33352         26 0.0000e+00
      25517 166.568752     -0.866     86.583    22.7280   5.363441     3.3844     86.000 3.4305e-01    22.7103    37.2479  1026.0927    25.7237    4.33063         35 0.0000e+00
      25553 166.568769     -0.682     85.575    22.7419   5.367137     3.3888     85.000 3.5838e-01    22.7244    37.2653  1026.0975    25.7328    4.33581         36 0.0000e+00
      25590 166.568787     -0.635     84.566    22.9070   5.387628     3.3995     84.000 3.9065e-01    22.8897    37.2851  1026.0601    25.7000    4.33988         38 0.0000e+00
      25624 166.568804     -0.700     83.562    23.0224   5.402214     3.4083     83.000 3.7277e-01    23.0052    37.3010  1026.0341    25.6784    4.34451         30 0.0000e+00
      26020 166.568994     -0.318     82.555    23.0611   5.406158     3.4231     82.000 4.2542e-01    23.0441    37.2992  1026.0171    25.6657    4.36493         61 0.0000e+00
      26368 166.569162     -0.331     81.544    23.0853   5.409333     3.4321     81.000 3.8221e-01    23.0684    37.3037  1026.0091    25.6620    4.37689         35 0.0000e+00
      26384 166.569170     -0.728     80.537    23.0936   5.410344     3.4321     80.000 3.8672e-01    23.0770    37.3048  1026.0031    25.6604    4.37559         26 0.0000e+00
      26411 166.569183     -0.887     79.535    23.0961   5.410631     3.4299     79.000 3.9274e-01    23.0797    37.3053  1025.9985    25.6600    4.37127         28 0.0000e+00
      26442 166.569198     -0.819     78.530    23.0918   5.410052     3.4316     78.000 4.0978e-01    23.0756    37.3048  1025.9950    25.6608    4.37370         36 0.0000e+00
      26490 166.569221     -0.511     77.519    23.0949   5.410498     3.4314     77.000 4.1469e-01    23.0789    37.3059  1025.9906    25.6607    4.37262         58 0.0000e+00
      26542 166.569246     -0.463     76.511    23.1107   5.412647     3.4345     76.000 4.2702e-01    23.0949    37.3096  1025.9844    25.6588    4.37566         45 0.0000e+00
      26585 166.569267     -0.562     75.503    23.1169   5.413390     3.4335     75.000 4.1068e-01    23.1012    37.3105  1025.9789    25.6576    4.37310         41 0.0000e+00
      26622 166.569285     -0.642     74.494    23.1178   5.413489     3.4345     74.000 4.4549e-01    23.1024    37.3108  1025.9746    25.6575    4.37392         32 0.0000e+00
      26650 166.569298     -0.793     73.488    23.1193   5.413636     3.4390     73.000 3.9262e-01    23.1041    37.3111  1025.9700    25.6572    4.38041         24 0.0000e+00
      26674 166.569310     -0.945     72.486    23.1199   5.413671     3.4393     72.000 3.7900e-01    23.1049    37.3112  1025.9655    25.6571    4.38027         26 0.0000e+00
      26699 166.569322     -0.981     71.478    23.1204   5.413707     3.4379     71.000 3.6404e-01    23.1056    37.3113  1025.9612    25.6570    4.37740         23 0.0000e+00
      26727 166.569335     -0.917     70.474    23.1204   5.413639     3.4352     70.000 4.2814e-01    23.1058    37.3112  1025.9568    25.6569    4.37247         31 0.0000e+00
      26758 166.569351     -0.787     69.466    23.1206   5.413653     3.4380     69.000 3.9929e-01    23.1062    37.3115  1025.9526    25.6569    4.37642         32 0.0000e+00
      26975 166.569455     -0.566     68.460    23.1207   5.413647     3.4447     68.000 4.2037e-01    23.1066    37.3117  1025.9483    25.6570    4.38648         36 0.0000e+00
      27563 166.569739     -0.389     67.451    23.1214   5.413722     3.4455     67.000 4.2757e-01    23.1075    37.3120  1025.9440    25.6569    4.38705         50 0.0000e+00
      27630 166.569771     -0.340     66.442    23.1208   5.413596     3.4360     66.000 4.0012e-01    23.1070    37.3120  1025.9398    25.6570    4.37128         63 0.0000e+00
      27673 166.569791     -0.563     65.438    23.1218   5.413680     3.4406     65.000 3.8221e-01    23.1083    37.3121  1025.9353    25.6568    4.37811         31 0.0000e+00
      27707 166.569808     -0.719     64.431    23.1219   5.413651     3.4425     64.000 3.9523e-01    23.1086    37.3122  1025.9310    25.6567    4.38051         38 0.0000e+00
      27752 166.569830     -0.547     63.422    23.1214   5.413560     3.4447     63.000 4.3895e-01    23.1083    37.3122  1025.9268    25.6569    4.38347         51 0.0000e+00
      27802 166.569854     -0.469     62.412    23.1214   5.413519     3.4496     62.000 3.8675e-01    23.1085    37.3123  1025.9225    25.6569    4.39062         39 0.0000e+00
      27836 166.569870     -0.661     61.407    23.1220   5.413545     3.4477     61.000 3.7943e-01    23.1093    37.3123  1025.9180    25.6566    4.38706         34 0.0000e+00
      27866 166.569885     -0.777     60.402    23.1215   5.413437     3.4468     60.000 3.8129e-01    23.1090    37.3122  1025.9137    25.6566    4.38499         29 0.0000e+00
      27895 166.569899     -0.843     59.397    23.1222   5.413507     3.4477     59.000 3.6970e-01    23.1099    37.3125  1025.9094    25.6566    4.38575         28 0.0000e+00
      27928 166.569915     -0.771     58.392    23.1225   5.413488     3.4451     58.000 3.9548e-01    23.1104    37.3125  1025.9050    25.6565    4.38098         41 0.0000e+00
      27981 166.569940     -0.433     57.380    23.1216   5.413371     3.4481     57.000 4.1401e-01    23.1098    37.3127  1025.9010    25.6568    4.38523         58 0.0000e+00
      28036 166.569967     -0.446     56.374    23.1235   5.413541     3.4476     56.000 3.8462e-01    23.1118    37.3128  1025.8962    25.6563    4.38372         44 0.0000e+00
      28070 166.569983     -0.661     55.365    23.1244   5.413182     3.4490     55.000 3.6883e-01    23.1130    37.3095  1025.8891    25.6535    4.38534         27 0.0000e+00
      28096 166.569996     -0.858     54.362    23.1253   5.413721     3.4492     54.000 3.5426e-01    23.1141    37.3133  1025.8874    25.6560    4.38496         27 0.0000e+00
      28125 166.570010     -0.867     53.357    23.1255   5.413693     3.4479     53.000 3.8158e-01    23.1145    37.3133  1025.8830    25.6559    4.38221         33 0.0000e+00
      28162 166.570028     -0.687     52.349    23.1252   5.413627     3.4481     52.000 3.7859e-01    23.1144    37.3133  1025.8788    25.6559    4.38196         40 0.0000e+00
      28203 166.570047     -0.574     51.339    23.1260   5.413683     3.4524     51.000 3.4627e-01    23.1154    37.3135  1025.8743    25.6558    4.38823         37 0.0000e+00
      28235 166.570063     -0.717     50.331    23.1262   5.413628     3.4486     50.000 3.5215e-01    23.1158    37.3133  1025.8697    25.6555    4.38155         27 0.0000e+00
      28260 166.570075     -0.889     49.328    23.1256   5.413513     3.4530     49.000 3.3672e-01    23.1154    37.3132  1025.8655    25.6555    4.38803         26 0.0000e+00
      28291 166.570090     -0.858     48.324    23.1253   5.413440     3.4604     48.000 3.6003e-01    23.1153    37.3133  1025.8613    25.6556    4.39917         37 0.0000e+00
      28338 166.570113     -0.505     47.313    23.1248   5.413349     3.4590     47.000 3.5427e-01    23.1151    37.3133  1025.8571    25.6557    4.39648         51 0.0000e+00
      28384 166.570135     -0.520     46.303    23.1256   5.413408     3.4597     46.000 3.4540e-01    23.1161    37.3134  1025.8526    25.6555    4.39690         38 0.0000e+00
      28417 166.570150     -0.706     45.300    23.1260   5.413435     3.4573     45.000 3.3396e-01    23.1167    37.3137  1025.8484    25.6555    4.39245         31 0.0000e+00
      28448 166.570165     -0.775     44.294    23.1258   5.413349     3.4580     44.000 3.4206e-01    23.1167    37.3135  1025.8440    25.6554    4.39298         31 0.0000e+00
      28481 166.570181     -0.730     43.286    23.1260   5.413336     3.4519     43.000 3.5907e-01    23.1170    37.3137  1025.8397    25.6554    4.38256         34 0.0000e+00
      28519 166.570200     -0.668     42.281    23.1254   5.413206     3.4523     42.000 3.4892e-01    23.1167    37.3135  1025.8353    25.6553    4.38266         45 0.0000e+00
      28568 166.570223     -0.491     41.274    23.1247   5.413093     3.4595     41.000 3.4459e-01    23.1162    37.3135  1025.8313    25.6556    4.39363         51 0.0000e+00
      28617 166.570247     -0.485     40.262    23.1247   5.413030     3.4601     40.000 3.2306e-01    23.1164    37.3134  1025.8268    25.6554    4.39407         40 0.0000e+00
      28650 166.570263     -0.681     39.258    23.1250   5.413016     3.4579     39.000 3.2118e-01    23.1169    37.3134  1025.8224    25.6552    4.38995         30 0.0000e+00
      28682 166.570278     -0.758     38.255    23.1250   5.412974     3.4600     38.000 3.2208e-01    23.1171    37.3134  1025.8181    25.6552    4.39259         39 0.0000e+00
      28724 166.570299     -0.580     37.245    23.1249   5.412936     3.4640     37.000 3.2932e-01    23.1172    37.3136  1025.8139    25.6553    4.39836         42 0.0000e+00
      28767 166.570319     -0.558     36.240    23.1252   5.412917     3.4660     36.000 3.0582e-01    23.1177    37.3135  1025.8094    25.6551    4.40097         42 0.0000e+00
      28809 166.570339     -0.582     35.231    23.1252   5.412872     3.4635     35.000 3.0017e-01    23.1179    37.3135  1025.8050    25.6550    4.39635         38 0.0000e+00
      28843 166.570356     -0.682     34.225    23.1257   5.412872     3.4560     34.000 3.1647e-01    23.1186    37.3135  1025.8005    25.6548    4.38381         30 0.0000e+00
      28875 166.570371     -0.756     33.222    23.1256   5.412818     3.4614     33.000 2.9835e-01    23.1188    37.3135  1025.7962    25.6547    4.39179         35 0.0000e+00
      28913 166.570390     -0.646     32.213    23.1256   5.412781     3.4604     32.000 2.8186e-01    23.1189    37.3136  1025.7919    25.6548    4.38967         41 0.0000e+00
      28958 166.570411     -0.527     31.204    23.1256   5.412740     3.4594     31.000 2.7119e-01    23.1192    37.3136  1025.7875    25.6547    4.38746         42 0.0000e+00
      28993 166.570428     -0.658     30.197    23.1265   5.412797     3.4596     30.000 2.7963e-01    23.1203    37.3136  1025.7830    25.6544    4.38715         32 0.0000e+00
      29028 166.570445     -0.726     29.194    23.1264   5.412735     3.4634     29.000 2.6146e-01    23.1203    37.3136  1025.7787    25.6544    4.39264         36 0.0000e+00
      29069 166.570465     -0.587     28.188    23.1259   5.412650     3.4690     28.000 2.5710e-01    23.1201    37.3137  1025.7746    25.6545    4.40092         40 0.0000e+00
      29115 166.570487     -0.528     27.180    23.1275   5.412847     3.4676     27.000 2.4717e-01    23.1219    37.3142  1025.7701    25.6544    4.39793         48 0.0000e+00
      29162 166.570510     -0.510     26.173    23.1278   5.412834     3.4637     26.000 2.3809e-01    23.1224    37.3142  1025.7657    25.6542    4.39108         44 0.0000e+00
