jupyter/NEMEA/teste_rotina/cnvs/uMCTV027.cnv
* Sea-Bird SBE 19plus V2 Data File:
* FileName = D:\ACEX_ctd\brutos\MCTV027.hex
* Software Version Seasave V 7.17
* Temperature SN = 6161
* Conductivity SN = 6161
* System UpLoad Time = Jun 19 2012 15:36:45
** H38 
** NHo Cruzeiro do Sul 
** 222 
** MCT V 
**   027
**   33 44.55S
**   051 24.92W
**   19/06/2012 15:40 Z
**   360
** 9P46375-0882 
**   1T Germano Filho
# nquan = 14
# nvalues = 241                         
# units = specified
# name 0 = scan: Scan Count
# name 1 = timeJ: Julian Days
# name 2 = dz/dtM: Descent Rate [m/s]
# name 3 = prdM: Pressure, Strain Gauge [db]
# name 4 = tv290C: Temperature [ITS-90, deg C]
# name 5 = c0S/m: Conductivity [S/m]
# name 6 = depSM: Depth [salt water, m]
# name 7 = oxsatML/L: Oxygen Saturation [ml/l]
# name 8 = flSP: Fluorescence, Seapoint
# name 9 = potemp090C: Potential Temperature [ITS-90, deg C]
# name 10 = sal00: Salinity [PSU]
# name 11 = density00: Density [density, Kg/m^3]
# name 12 = oxsatML/L: Oxygen Saturation [ml/l]
# name 13 = flag: flag
# span 0 =       1751,       3705       
# span 1 = 171.655585, 171.661238       
# span 2 =     -1.451,     -0.071       
# span 3 =      3.278,    244.429       
# span 4 =    14.6243,    20.1769       
# span 5 =   4.317334,   4.977834       
# span 6 =      3.000,    243.000       
# span 7 =    5.10735,    5.71430       
# span 8 = 5.3992e-02, 8.9497e-01       
# span 9 =    14.5878,    20.1662       
# span 10 =    35.4746,    36.3767      
# span 11 =  1025.6888,  1027.5030      
# span 12 =    5.10731,    5.71437      
# span 13 = 0.0000e+00, 0.0000e+00      
# interval = meters: 1                  
# start_time = Jun 19 2012 15:36:45
# bad_flag = -9.990e-29
*END*
[from data line 207]
       3470 171.660559     -0.550     36.243    19.7676   4.904787     36.000    5.15331 7.4404e-01    19.7610    36.1143  1025.8316    5.15334 0.0000e+00
       3481 171.660590     -0.341     34.944    19.7685   4.904705     35.000    5.15327 7.8196e-01    19.7621    36.1133  1025.8249    5.15328 0.0000e+00
       3485 171.660601     -0.871     34.214    19.7671   4.904457     34.000    5.15342 7.7991e-01    19.7608    36.1127  1025.8217    5.15343 0.0000e+00
       3489 171.660613     -0.973     33.362    19.7656   4.904333     33.000    5.15354 7.6208e-01    19.7595    36.1133  1025.8188    5.15356 0.0000e+00
       3498 171.660639     -0.463     32.229    19.7656   4.904364     32.000    5.15352 8.3977e-01    19.7597    36.1140  1025.8144    5.15354 0.0000e+00
       3509 171.660672     -0.339     31.037    19.7679   4.904513     31.000    5.15332 8.9230e-01    19.7622    36.1137  1025.8084    5.15333 0.0000e+00
       3516 171.660693     -0.525     29.920    19.7675   4.904368     30.000    5.15338 8.4012e-01    19.7620    36.1133  1025.8032    5.15338 0.0000e+00
       3519 171.660701     -0.937     29.185    19.7671   4.904333     29.000    5.15340 8.1318e-01    19.7617    36.1136  1025.8004    5.15341 0.0000e+00
       3523 171.660712     -1.153     28.395    19.7670   4.904220     28.000    5.15343 7.7785e-01    19.7618    36.1131  1025.7966    5.15343 0.0000e+00
       3533 171.660741     -0.394     27.168    19.7659   4.904100     27.000    5.15353 7.5744e-01    19.7609    36.1135  1025.7918    5.15353 0.0000e+00
       3544 171.660774     -0.423     25.903    19.7667   4.904137     26.000    5.15345 8.0091e-01    19.7619    36.1135  1025.7861    5.15344 0.0000e+00
       3547 171.660782     -0.863     25.181    19.7670   4.904062     25.000    5.15343 7.8518e-01    19.7624    36.1129  1025.7824    5.15344 0.0000e+00
       3553 171.660797     -0.864     24.285    19.7663   4.903922     24.000    5.15351 7.6429e-01    19.7619    36.1127  1025.7785    5.15351 0.0000e+00
       3563 171.660828     -0.159     22.890    19.7654   4.903876     23.000    5.15358 8.0755e-01    19.7611    36.1137  1025.7735    5.15357 0.0000e+00
       3567 171.660839     -0.721     22.163    19.7668   4.903906     22.000    5.15345 7.9913e-01    19.7628    36.1129  1025.7693    5.15346 0.0000e+00
       3574 171.660858     -0.686     21.165    19.7692   4.904002     21.000    5.15326 8.1890e-01    19.7653    36.1120  1025.7636    5.15325 0.0000e+00
       3581 171.660880     -0.535     20.119    19.7708   4.904034     20.000    5.15313 8.4657e-01    19.7671    36.1113  1025.7581    5.15313 0.0000e+00
       3589 171.660901     -0.530     19.081    19.7699   4.903840     19.000    5.15323 8.7449e-01    19.7664    36.1108  1025.7535    5.15322 0.0000e+00
       3596 171.660924     -0.497     17.949    19.7692   4.903755     18.000    5.15328 8.9497e-01    19.7659    36.1112  1025.7490    5.15328 0.0000e+00
       3601 171.660937     -0.780     17.080    19.7687   4.903608     17.000    5.15335 8.6637e-01    19.7656    36.1107  1025.7449    5.15334 0.0000e+00
       3605 171.660948     -0.952     16.282    19.7677   4.903516     16.000    5.15342 8.2925e-01    19.7647    36.1111  1025.7420    5.15342 0.0000e+00
       3616 171.660982     -0.271     14.991    19.7680   4.903465     15.000    5.15341 7.7776e-01    19.7652    36.1109  1025.7362    5.15341 0.0000e+00
       3625 171.661008     -0.550     13.825    19.7680   4.903425     14.000    5.15341 8.5206e-01    19.7654    36.1110  1025.7312    5.15340 0.0000e+00
       3628 171.661016     -1.016     13.127    19.7686   4.903412     13.000    5.15336 8.2146e-01    19.7661    36.1107  1025.7277    5.15336 0.0000e+00
       3631 171.661025     -1.242     12.376    19.7687   4.903453     12.000    5.15333 7.8447e-01    19.7664    36.1112  1025.7248    5.15333 0.0000e+00
       3643 171.661058     -0.218     10.940    19.7724   4.903732     11.000    5.15299 8.0625e-01    19.7704    36.1108  1025.7173    5.15298 0.0000e+00
       3649 171.661076     -0.666     10.005    19.7720   4.903599     10.000    5.15304 8.1979e-01    19.7701    36.1104  1025.7130    5.15304 0.0000e+00
       3653 171.661089     -0.910      9.196    19.7701   4.903213      9.000    5.15325 7.8625e-01    19.7684    36.1091  1025.7090    5.15326 0.0000e+00
       3662 171.661114     -0.455      7.987    19.7643   4.902854      8.000    5.15373 7.9716e-01    19.7628    36.1116  1025.7071    5.15373 0.0000e+00
       3669 171.661134     -0.530      6.943    19.7681   4.902804      7.000    5.15348 8.1975e-01    19.7668    36.1083  1025.6991    5.15347 0.0000e+00
       3673 171.661145     -0.914      6.280    19.7619   4.902291      6.000    5.15402 7.9114e-01    19.7608    36.1097  1025.6988    5.15402 0.0000e+00
       3686 171.661184     -0.260      4.809    19.7561   4.902044      5.000    5.15447 8.0719e-01    19.7552    36.1132  1025.6966    5.15447 0.0000e+00
       3690 171.661195     -0.876      4.095    19.7578   4.902511      4.000    5.15422 7.8549e-01    19.7571    36.1158  1025.6951    5.15423 0.0000e+00
       3705 171.661238     -0.847      3.278    19.7643   4.902995      3.000    5.15364 7.7743e-01    19.7637    36.1145  1025.6888    5.15365 0.0000e+00
