jupyter/NEMEA/teste_rotina/cnvs/uMCTV025a.cnv
* Sea-Bird SBE 19plus V2 Data File:
* FileName = D:\ACEX_ctd\brutos\MCTV025a.hex
* Software Version Seasave V 7.17
* Temperature SN = 6161
* Conductivity SN = 6161
* System UpLoad Time = Jun 19 2012 10:59:36
** H38 
** NHo Cruzeiro do Sul 
** 222 
** MCT V 
**   025a
**   33 46.65 S
**   051 07.44 W
**   19/06/2012 13:13 Z
**   670
** 9P46375-0882 
**   CT Fernandes
# nquan = 14
# nvalues = 460                         
# units = specified
# name 0 = scan: Scan Count
# name 1 = timeJ: Julian Days
# name 2 = dz/dtM: Descent Rate [m/s]
# name 3 = prdM: Pressure, Strain Gauge [db]
# name 4 = tv290C: Temperature [ITS-90, deg C]
# name 5 = c0S/m: Conductivity [S/m]
# name 6 = depSM: Depth [salt water, m]
# name 7 = oxsatML/L: Oxygen Saturation [ml/l]
# name 8 = flSP: Fluorescence, Seapoint
# name 9 = potemp090C: Potential Temperature [ITS-90, deg C]
# name 10 = sal00: Salinity [PSU]
# name 11 = density00: Density [density, Kg/m^3]
# name 12 = oxsatML/L: Oxygen Saturation [ml/l]
# name 13 = flag: flag
# span 0 =       5270,       9297       
# span 1 = 171.473302, 171.484954       
# span 2 =     -1.719,      0.057       
# span 3 =      1.939,    464.043       
# span 4 =     7.4819,    20.2644       
# span 5 =   3.549186,   4.981114       
# span 6 =      2.000,    461.000       
# span 7 =    5.10126,    6.70735       
# span 8 = 4.4908e+00, 5.1794e+00       
# span 9 =     7.4363,    20.2522       
# span 10 =    34.5136,    36.3425      
# span 11 =  1025.3010,  1029.0832      
# span 12 =    5.10114,    6.70739      
# span 13 = 0.0000e+00, 0.0000e+00      
# interval = meters: 1                  
# start_time = Jun 19 2012 10:59:36
# bad_flag = -9.990e-29
*END*
[from data line 207]
       7164 171.478781     -0.477    255.515    13.5043   4.191442    254.000    5.85210 4.8834e+00    13.4681    35.3263  1027.6795    5.85193 0.0000e+00
       7172 171.478805     -0.802    254.590    13.5930   4.206986    253.000    5.83896 4.8833e+00    13.5567    35.3911  1027.7067    5.83891 0.0000e+00
       7178 171.478821     -0.760    253.690    13.7136   4.216259    252.000    5.82551 4.8835e+00    13.6772    35.3673  1027.6587    5.82530 0.0000e+00
       7189 171.478855     -0.248    252.464    13.7868   4.222840    251.000    5.81695 4.8835e+00    13.7505    35.3620  1027.6337    5.81674 0.0000e+00
       7201 171.478889     -0.265    251.380    13.8359   4.228001    250.000    5.81093 4.8834e+00    13.7996    35.3656  1027.6211    5.81076 0.0000e+00
       7214 171.478927     -0.325    250.060    13.8612   4.230556    249.000    5.80792 4.8833e+00    13.8252    35.3667  1027.6107    5.80770 0.0000e+00
       7215 171.478929     -0.999    249.525    13.8687   4.233665    248.000    5.80612 4.8833e+00    13.8327    35.3891  1027.6240    5.80600 0.0000e+00
       7217 171.478935     -1.496    248.949    13.8966   4.237975    247.000    5.80241 4.8832e+00    13.8606    35.4040  1027.6270    5.80216 0.0000e+00
       7229 171.478970     -1.213    247.758    14.0065   4.251842    246.000    5.78804 4.8833e+00    13.9705    35.4328  1027.6203    5.78810 0.0000e+00
       7240 171.479000     -1.350    246.546    14.0989   4.260975    245.000    5.77747 4.8834e+00    14.0629    35.4335  1027.5955    5.77715 0.0000e+00
       7241 171.479006     -1.719    245.881    14.1423   4.268131    244.000    5.77123 4.8833e+00    14.1063    35.4604  1027.6040    5.77109 0.0000e+00
       7255 171.479045     -0.915    244.644    14.2831   4.280855    243.000    5.75515 4.8834e+00    14.2471    35.4498  1027.5597    5.75494 0.0000e+00
       7268 171.479083     -0.950    243.525    14.3399   4.285253    242.000    5.74885 4.8833e+00    14.3039    35.4390  1027.5341    5.74868 0.0000e+00
       7273 171.479096     -0.977    242.680    14.3506   4.286119    241.000    5.74763 4.8833e+00    14.3147    35.4375  1027.5269    5.74748 0.0000e+00
       7288 171.479140     -0.247    241.382    14.3817   4.289624    240.000    5.74380 4.8833e+00    14.3460    35.4420  1027.5178    5.74369 0.0000e+00
       7297 171.479166     -0.648    240.476    14.4018   4.292658    239.000    5.74107 4.8833e+00    14.3662    35.4521  1027.5171    5.74099 0.0000e+00
       7305 171.479191     -0.446    239.483    14.4267   4.294556    238.000    5.73835 4.8833e+00    14.3912    35.4472  1027.5035    5.73826 0.0000e+00
       7315 171.479220     -0.456    238.493    14.4354   4.295399    237.000    5.73731 4.8831e+00    14.4001    35.4474  1027.4974    5.73724 0.0000e+00
       7332 171.479268     -0.143    237.213    14.4636   4.298705    236.000    5.73384 4.8833e+00    14.4284    35.4527  1027.4897    5.73377 0.0000e+00
       7337 171.479282     -0.739    236.420    14.4763   4.300861    235.000    5.73206 4.8833e+00    14.4412    35.4613  1027.4900    5.73199 0.0000e+00
       7341 171.479295     -0.946    235.661    14.5117   4.306539    234.000    5.72723 4.8833e+00    14.4766    35.4817  1027.4945    5.72717 0.0000e+00
       7362 171.479356     -0.223    234.273    14.6151   4.316062    233.000    5.71553 4.8833e+00    14.5800    35.4755  1027.4609    5.71541 0.0000e+00
       7368 171.479373     -0.665    233.507    14.6557   4.324899    232.000    5.70922 4.8833e+00    14.6207    35.5200  1027.4828    5.70916 0.0000e+00
       7382 171.479412     -0.197    232.251    14.8270   4.340611    231.000    5.69007 4.8834e+00    14.7919    35.5085  1027.4304    5.68986 0.0000e+00
       7389 171.479432     -0.640    231.342    14.8410   4.344593    230.000    5.68754 4.8834e+00    14.8060    35.5326  1027.4418    5.68742 0.0000e+00
       7392 171.479442     -1.017    230.649    14.8841   4.348632    229.000    5.68271 4.8833e+00    14.8491    35.5306  1027.4276    5.68256 0.0000e+00
       7409 171.479491     -0.303    229.335    14.9354   4.352963    228.000    5.67706 4.8833e+00    14.9005    35.5241  1027.4053    5.67692 0.0000e+00
       7418 171.479516     -0.538    228.423    14.9600   4.356390    227.000    5.67390 4.8834e+00    14.9253    35.5333  1027.4029    5.67379 0.0000e+00
       7428 171.479547     -0.354    227.346    15.0133   4.362712    226.000    5.66749 4.8834e+00    14.9787    35.5430  1027.3936    5.66739 0.0000e+00
       7437 171.479573     -0.472    226.351    15.0517   4.366417    225.000    5.66315 4.8834e+00    15.0172    35.5423  1027.3800    5.66304 0.0000e+00
       7447 171.479600     -0.408    225.388    15.0666   4.367758    224.000    5.66147 4.8834e+00    15.0322    35.5414  1027.3718    5.66138 0.0000e+00
       7459 171.479635     -0.335    224.233    15.0751   4.368572    223.000    5.66048 4.8834e+00    15.0408    35.5416  1027.3649    5.66041 0.0000e+00
       7465 171.479652     -0.626    223.469    15.0805   4.369116    222.000    5.65984 4.8835e+00    15.0464    35.5419  1027.3606    5.65978 0.0000e+00
       7480 171.479697     -0.219    222.211    15.0903   4.370041    221.000    5.65871 4.8834e+00    15.0564    35.5419  1027.3528    5.65867 0.0000e+00
       7487 171.479718     -0.564    221.325    15.0972   4.371332    220.000    5.65772 4.8833e+00    15.0634    35.5478  1027.3519    5.65768 0.0000e+00
       7495 171.479739     -0.563    220.377    15.1237   4.374750    219.000    5.65446 4.8833e+00    15.0900    35.5552  1027.3474    5.65442 0.0000e+00
       7504 171.479765     -0.445    219.409    15.1551   4.377880    218.000    5.65091 4.8834e+00    15.1215    35.5556  1027.3364    5.65086 0.0000e+00
       7525 171.479827     -0.133    217.958    15.2461   4.388637    217.000    5.64012 4.8833e+00    15.2125    35.5714  1027.3216    5.64003 0.0000e+00
       7531 171.479843     -0.577    217.047    15.2616   4.391304    216.000    5.63802 4.8833e+00    15.2281    35.5819  1027.3221    5.63791 0.0000e+00
       7533 171.479850     -1.088    216.357    15.2839   4.395467    215.000    5.63485 4.8833e+00    15.2505    35.5998  1027.3278    5.63479 0.0000e+00
       7536 171.479858     -1.412    215.652    15.3228   4.399570    214.000    5.63046 4.8833e+00    15.2895    35.6020  1027.3176    5.63034 0.0000e+00
       7551 171.479901     -0.903    214.444    15.3859   4.405188    213.000    5.62353 4.8832e+00    15.3527    35.5962  1027.2934    5.62345 0.0000e+00
       7563 171.479935     -1.257    213.432    15.4017   4.406683    212.000    5.62184 4.8833e+00    15.3686    35.5958  1027.2851    5.62169 0.0000e+00
       7566 171.479946     -1.292    212.649    15.4402   4.413192    211.000    5.61664 4.8834e+00    15.4071    35.6202  1027.2916    5.61655 0.0000e+00
       7586 171.480003     -0.118    210.995    15.5550   4.424483    210.000    5.60391 4.8834e+00    15.5221    35.6190  1027.2572    5.60376 0.0000e+00
       7590 171.480015     -0.672    210.227    15.5889   4.430787    209.000    5.59916 4.8834e+00    15.5560    35.6455  1027.2664    5.59908 0.0000e+00
       7594 171.480026     -0.964    209.539    15.6367   4.434995    208.000    5.59408 4.8835e+00    15.6039    35.6405  1027.2485    5.59394 0.0000e+00
       7614 171.480085     -0.522    208.088    15.6887   4.439632    207.000    5.58840 4.8832e+00    15.6560    35.6358  1027.2266    5.58832 0.0000e+00
       7619 171.480099     -0.937    207.223    15.6997   4.441067    206.000    5.58705 4.8833e+00    15.6671    35.6391  1027.2228    5.58699 0.0000e+00
       7623 171.480109     -1.137    206.490    15.7092   4.441913    205.000    5.58605 4.8833e+00    15.6767    35.6385  1027.2169    5.58596 0.0000e+00
       7639 171.480157     -0.631    205.234    15.7439   4.445705    204.000    5.58206 4.8832e+00    15.7116    35.6417  1027.2058    5.58200 0.0000e+00
       7649 171.480186     -0.908    204.179    15.7541   4.446466    203.000    5.58100 4.8832e+00    15.7219    35.6398  1027.1973    5.58094 0.0000e+00
       7653 171.480198     -1.054    203.340    15.7569   4.446722    202.000    5.58068 4.8832e+00    15.7249    35.6399  1027.1931    5.58063 0.0000e+00
       7664 171.480230     -0.614    202.293    15.7627   4.447366    201.000    5.57999 4.8832e+00    15.7308    35.6409  1027.1879    5.57995 0.0000e+00
       7681 171.480279     -0.545    201.074    15.7708   4.448362    200.000    5.57901 4.8832e+00    15.7392    35.6430  1027.1822    5.57898 0.0000e+00
       7686 171.480293     -0.710    200.141    15.7778   4.449071    199.000    5.57822 4.8832e+00    15.7463    35.6434  1027.1769    5.57820 0.0000e+00
       7691 171.480306     -0.867    199.334    15.7808   4.449198    198.000    5.57794 4.8833e+00    15.7493    35.6422  1027.1717    5.57791 0.0000e+00
       7703 171.480341     -0.458    198.218    15.7822   4.449295    197.000    5.57777 4.8832e+00    15.7510    35.6422  1027.1664    5.57775 0.0000e+00
       7715 171.480375     -0.594    197.159    15.7836   4.449435    196.000    5.57760 4.8831e+00    15.7525    35.6427  1027.1618    5.57758 0.0000e+00
       7725 171.480404     -0.448    196.132    15.7849   4.449479    195.000    5.57746 4.8832e+00    15.7540    35.6423  1027.1567    5.57745 0.0000e+00
       7738 171.480442     -0.335    194.793    15.7854   4.449555    194.000    5.57738 4.8832e+00    15.7547    35.6430  1027.1513    5.57737 0.0000e+00
       7740 171.480449     -0.925    194.087    15.7864   4.449663    193.000    5.57725 4.8833e+00    15.7558    35.6434  1027.1482    5.57725 0.0000e+00
       7743 171.480457     -1.295    193.363    15.7873   4.449658    192.000    5.57718 4.8833e+00    15.7568    35.6429  1027.1444    5.57717 0.0000e+00
       7756 171.480495     -0.690    192.194    15.8031   4.452189    191.000    5.57513 4.8833e+00    15.7728    35.6519  1027.1425    5.57512 0.0000e+00
       7768 171.480530     -0.852    191.096    15.8231   4.454223    190.000    5.57293 4.8832e+00    15.7929    35.6525  1027.1335    5.57289 0.0000e+00
       7772 171.480542     -1.114    190.272    15.8344   4.456196    189.000    5.57138 4.8832e+00    15.8044    35.6603  1027.1333    5.57138 0.0000e+00
       7778 171.480559     -0.792    189.228    15.8566   4.458349    188.000    5.56897 4.8832e+00    15.8267    35.6600  1027.1233    5.56894 0.0000e+00
       7787 171.480586     -0.464    188.157    15.8698   4.459384    187.000    5.56760 4.8832e+00    15.8401    35.6578  1027.1138    5.56756 0.0000e+00
       7801 171.480626     -0.189    186.742    15.8769   4.460282    186.000    5.56675 4.8831e+00    15.8473    35.6601  1027.1077    5.56670 0.0000e+00
       7804 171.480634     -0.828    186.081    15.8858   4.462117    185.000    5.56544 4.8831e+00    15.8564    35.6687  1027.1094    5.56542 0.0000e+00
       7807 171.480643     -1.154    185.320    15.9004   4.463389    184.000    5.56390 4.8832e+00    15.8711    35.6673  1027.1015    5.56387 0.0000e+00
       7817 171.480671     -0.446    184.130    15.9427   4.468505    183.000    5.55900 4.8833e+00    15.9135    35.6754  1027.0927    5.55894 0.0000e+00
       7828 171.480703     -0.432    182.910    15.9669   4.470408    182.000    5.55650 4.8833e+00    15.9379    35.6712  1027.0785    5.55643 0.0000e+00
       7832 171.480714     -0.811    182.182    15.9741   4.472109    181.000    5.55539 4.8833e+00    15.9451    35.6802  1027.0806    5.55535 0.0000e+00
       7842 171.480742     -0.376    181.003    16.0022   4.474881    180.000    5.55232 4.8833e+00    15.9734    35.6801  1027.0688    5.55226 0.0000e+00
       7851 171.480769     -0.413    179.732    16.0143   4.476512    179.000    5.55087 4.8833e+00    15.9857    35.6844  1027.0636    5.55079 0.0000e+00
       7852 171.480774     -1.073    179.163    16.0240   4.478133    178.000    5.54958 4.8833e+00    15.9954    35.6904  1027.0635    5.54953 0.0000e+00
       7856 171.480783     -1.297    178.416    16.0415   4.480546    177.000    5.54746 4.8833e+00    16.0131    35.6964  1027.0607    5.54740 0.0000e+00
       7870 171.480825     -0.186    176.921    16.1345   4.492081    176.000    5.53668 4.8830e+00    16.1062    35.7163  1027.0478    5.53658 0.0000e+00
       7876 171.480842     -0.764    176.119    16.1768   4.497540    175.000    5.53170 4.8831e+00    16.1486    35.7273  1027.0427    5.53161 0.0000e+00
       7885 171.480867     -0.484    174.996    16.2427   4.503819    174.000    5.52466 4.8831e+00    16.2146    35.7244  1027.0201    5.52454 0.0000e+00
       7892 171.480888     -0.532    173.906    16.2831   4.508112    173.000    5.52020 4.8831e+00    16.2551    35.7267  1027.0076    5.52008 0.0000e+00
       7896 171.480901     -0.888    173.112    16.2940   4.508818    172.000    5.51912 4.8832e+00    16.2661    35.7236  1026.9991    5.51901 0.0000e+00
       7905 171.480926     -0.556    172.040    16.2992   4.509055    171.000    5.51861 4.8832e+00    16.2715    35.7214  1026.9915    5.51851 0.0000e+00
       7917 171.480961     -0.367    170.762    16.3022   4.509304    170.000    5.51826 4.8831e+00    16.2747    35.7214  1026.9852    5.51819 0.0000e+00
       7921 171.480971     -0.912    170.041    16.3034   4.509432    169.000    5.51811 4.8831e+00    16.2760    35.7218  1026.9820    5.51805 0.0000e+00
       7925 171.480983     -1.115    169.271    16.3064   4.509861    168.000    5.51772 4.8831e+00    16.2792    35.7231  1026.9790    5.51767 0.0000e+00
       7940 171.481028     -0.185    167.666    16.3164   4.510975    167.000    5.51657 4.8831e+00    16.2894    35.7248  1026.9709    5.51654 0.0000e+00
       7946 171.481045     -0.753    166.779    16.3209   4.511767    166.000    5.51598 4.8830e+00    16.2940    35.7281  1026.9684    5.51594 0.0000e+00
       7947 171.481048     -1.361    166.231    16.3279   4.513430    165.000    5.51493 4.8830e+00    16.3011    35.7368  1026.9711    5.51489 0.0000e+00
       7955 171.481071     -0.901    165.181    16.3596   4.516486    164.000    5.51153 4.8830e+00    16.3329    35.7359  1026.9583    5.51149 0.0000e+00
       7968 171.481109     -0.527    163.895    16.3809   4.518820    163.000    5.50917 4.8831e+00    16.3544    35.7381  1026.9493    5.50912 0.0000e+00
       7975 171.481129     -0.598    162.875    16.4068   4.522295    162.000    5.50610 4.8832e+00    16.3804    35.7461  1026.9448    5.50606 0.0000e+00
       7980 171.481142     -0.794    162.014    16.4277   4.524192    161.000    5.50390 4.8831e+00    16.4014    35.7445  1026.9349    5.50386 0.0000e+00
       7986 171.481160     -0.727    161.061    16.4345   4.524563    160.000    5.50326 4.8830e+00    16.4084    35.7420  1026.9272    5.50320 0.0000e+00
       7998 171.481195     -0.297    159.865    16.4429   4.525385    159.000    5.50233 4.8831e+00    16.4170    35.7423  1026.9201    5.50229 0.0000e+00
       8009 171.481228     -0.471    158.654    16.4374   4.524645    158.000    5.50298 4.8832e+00    16.4117    35.7411  1026.9152    5.50292 0.0000e+00
       8013 171.481237     -0.923    157.885    16.4431   4.526355    157.000    5.50198 4.8833e+00    16.4175    35.7515  1026.9184    5.50197 0.0000e+00
       8016 171.481246     -1.233    157.150    16.4600   4.528885    156.000    5.49992 4.8833e+00    16.4345    35.7590  1026.9170    5.49989 0.0000e+00
       8027 171.481280     -0.477    155.906    16.5153   4.534533    155.000    5.49396 4.8832e+00    16.4900    35.7599  1026.8991    5.49391 0.0000e+00
       8038 171.481312     -0.619    154.739    16.5374   4.536675    154.000    5.49160 4.8832e+00    16.5122    35.7596  1026.8885    5.49155 0.0000e+00
       8042 171.481321     -1.013    153.930    16.5452   4.537917    153.000    5.49065 4.8833e+00    16.5202    35.7639  1026.8864    5.49057 0.0000e+00
