jupyter/NEMEA/teste_rotina/cnvs/uMCTV011.cnv
* Sea-Bird SBE 9 Data File:
* FileName = D:\ACEX\brutos\MCTV011.hex
* Software Version Seasave V 7.17
* Temperature SN = 4821
* Conductivity SN = 3367
* Number of Bytes Per Scan = 21
* Number of Voltage Words = 3
* Number of Scans Averaged by the Deck Unit = 1
** H38 
** NHo Cruzeiro do Sul 
** 222 
** MCTV ACEx 
**   011
**   27 00.12 S
**   046  28.96W
**   14/06/2012 16:20Z
**   409
** 9P46375-0882 
**   1T Germano Filho
# nquan = 16
# nvalues = 386                         
# units = specified
# name 0 = scan: Scan Count
# name 1 = timeJ: Julian Days
# name 2 = dz/dtM: Descent Rate [m/s]
# name 3 = prDM: Pressure, Digiquartz [db]
# name 4 = t090C: Temperature [ITS-90, deg C]
# name 5 = c0S/m: Conductivity [S/m]
# name 6 = sbeox0V: Oxygen Voltage, SBE 43
# name 7 = depSM: Depth [salt water, m]
# name 8 = flSP: Fluorescence, Seapoint
# name 9 = potemp090C: Potential Temperature [ITS-90, deg C]
# name 10 = sal00: Salinity [PSU]
# name 11 = density00: Density [density, Kg/m^3]
# name 12 = sigma-é00: Density [sigma-theta, Kg/m^3]
# name 13 = sbeox0ML/L: Oxygen, SBE 43 [ml/l], WS = 2
# name 14 = nbin: number of scans per bin
# name 15 = flag: flag
# span 0 =      15338,      30558       
# span 1 = 166.563843, 166.571183       
# span 2 =     -1.294,     -0.194       
# span 3 =      1.009,    388.891       
# span 4 =    12.2965,    23.2734       
# span 5 =   4.106097,   5.427815       
# span 6 =     2.1175,     3.4838       
# span 7 =      1.000,    386.000       
# span 8 = 4.7215e-02, 4.4549e-01       
# span 9 =    12.2442,    23.2732       
# span 10 =    35.2928,    37.3191      
# span 11 =  1025.6155,  1028.7465      
# span 12 =    25.6112,    27.0220      
# span 13 =    2.89506,    4.40263      
# span 14 =         18,         69      
# span 15 = 0.0000e+00, 0.0000e+00      
# interval = meters: 1                  
# start_time = Jun 14 2012 13:21:17
# bad_flag = -9.990e-29
*END*
[from data line 91]
      18484 166.565360     -0.789    297.145    13.7715   4.250570     2.4866    295.000 4.8841e-02    13.7286    35.6175  1028.0320    26.7216    3.52649         25 0.0000e+00
      18509 166.565372     -0.950    296.136    13.7839   4.249887     2.5018    294.000 4.8275e-02    13.7412    35.6000  1028.0114    26.7055    3.55550         24 0.0000e+00
      18534 166.565384     -0.987    295.131    13.8359   4.249318     2.4844    293.000 4.8135e-02    13.7932    35.5470  1027.9549    26.6536    3.51813         26 0.0000e+00
      18564 166.565399     -0.868    294.124    13.8660   4.246849     2.4421    292.000 4.7942e-02    13.8235    35.4964  1027.9049    26.6081    3.43325         34 0.0000e+00
      18602 166.565417     -0.650    293.112    13.8897   4.247589     2.4011    291.000 4.8726e-02    13.8472    35.4819  1027.8841    26.5919    3.35064         40 0.0000e+00
      18638 166.565434     -0.655    292.104    13.9193   4.259497     2.4047    290.000 4.8114e-02    13.8769    35.5663  1027.9385    26.6509    3.35358         32 0.0000e+00
      18669 166.565450     -0.748    291.096    13.9565   4.262032     2.4341    289.000 9.0800e-02    13.9141    35.5561  1027.9181    26.6351    3.40876         30 0.0000e+00
      18698 166.565464     -0.811    290.085    13.9704   4.263465     2.4366    288.000 5.0716e-02    13.9282    35.5570  1027.9113    26.6329    3.41223         26 0.0000e+00
      18722 166.565475     -0.925    289.080    13.9803   4.264207     2.4176    287.000 4.7644e-02    13.9383    35.5552  1027.9033    26.6294    3.37367         23 0.0000e+00
      18745 166.565486     -1.037    288.080    13.9808   4.254678     2.3856    286.000 4.8599e-02    13.9390    35.4662  1027.8301    26.5604    3.31226         23 0.0000e+00
      18773 166.565500     -0.951    287.069    13.9605   4.248978     2.3544    285.000 4.8964e-02    13.9188    35.4321  1027.8038    26.5383    3.25234         29 0.0000e+00
      18806 166.565516     -0.762    286.058    13.9561   4.245529     2.3302    284.000 4.8040e-02    13.9145    35.4044  1027.7789    26.5178    3.20519         38 0.0000e+00
      18844 166.565534     -0.635    285.048    13.9914   4.253352     2.3267    283.000 4.8785e-02    13.9499    35.4453  1027.7983    26.5419    3.19473         36 0.0000e+00
      18877 166.565550     -0.712    284.038    14.0104   4.270472     2.3820    282.000 4.8241e-02    13.9690    35.5879  1027.8998    26.6482    3.29894         29 0.0000e+00
      18904 166.565563     -0.844    283.030    14.0152   4.275214     2.4446    281.000 4.9209e-02    13.9740    35.6281  1027.9253    26.6783    3.42014         25 0.0000e+00
      18927 166.565574     -0.962    282.022    14.0219   4.275815     2.4636    280.000 4.8781e-02    13.9808    35.6280  1027.9192    26.6767    3.45659         23 0.0000e+00
      18950 166.565585     -1.047    281.022    14.0458   4.272330     2.4501    279.000 4.8538e-02    14.0047    35.5739  1027.8679    26.6298    3.42913         24 0.0000e+00
      18977 166.565598     -0.977    280.014    14.0593   4.264467     2.4143    278.000 4.7787e-02    14.0184    35.4885  1027.7947    26.5609    3.35930         29 0.0000e+00
      19016 166.565617     -0.658    279.000    14.0302   4.257237     2.3859    277.000 4.8305e-02    13.9895    35.4484  1027.7655    26.5360    3.30591         44 0.0000e+00
      19055 166.565636     -0.586    277.991    14.1384   4.274231     2.4174    276.000 4.8313e-02    14.0977    35.5074  1027.7832    26.5587    3.35885         30 0.0000e+00
      19084 166.565650     -0.782    276.985    14.1471   4.287504     2.4741    275.000 4.7512e-02    14.1064    35.6233  1027.8662    26.6464    3.46625         28 0.0000e+00
      19111 166.565663     -0.862    275.981    14.1531   4.288271     2.4877    274.000 4.7573e-02    14.1126    35.6253  1027.8620    26.6467    3.49190         27 0.0000e+00
      19143 166.565678     -0.822    274.973    14.1646   4.278424     2.4583    273.000 4.8774e-02    14.1242    35.5236  1027.7766    26.5656    3.43529         36 0.0000e+00
      19183 166.565697     -0.603    273.959    14.1653   4.272559     2.4077    272.000 4.8239e-02    14.1251    35.4688  1027.7297    26.5230    3.33701         37 0.0000e+00
      19217 166.565714     -0.660    272.951    14.2285   4.289880     2.4047    271.000 4.8294e-02    14.1883    35.5720  1027.7911    26.5894    3.32442         29 0.0000e+00
      19240 166.565725     -0.891    271.940    14.2423   4.298645     2.4495    270.000 4.8914e-02    14.2022    35.6411  1027.8369    26.6398    3.40917         22 0.0000e+00
      19260 166.565735     -1.092    270.941    14.2537   4.298834     2.4808    269.000 4.8577e-02    14.2138    35.6327  1027.8235    26.6309    3.46904         19 0.0000e+00
      19282 166.565745     -1.160    269.938    14.2572   4.284480     2.4858    268.000 4.9090e-02    14.2174    35.4968  1027.7135    26.5250    3.48100         24 0.0000e+00
      19310 166.565759     -0.973    268.924    14.2258   4.277699     2.4741    267.000 4.8957e-02    14.1862    35.4631  1027.6899    26.5056    3.46050         32 0.0000e+00
      19343 166.565774     -0.756    267.916    14.2501   4.276888     2.4455    266.000 4.8724e-02    14.2107    35.4337  1027.6574    26.4777    3.40327         32 0.0000e+00
      19379 166.565792     -0.683    266.908    14.2860   4.282214     2.4084    265.000 4.8868e-02    14.2467    35.4506  1027.6582    26.4830    3.32781         42 0.0000e+00
      19416 166.565810     -0.624    265.896    14.2912   4.298445     2.3975    264.000 4.8756e-02    14.2519    35.5967  1027.7652    26.5948    3.30265         30 0.0000e+00
      19446 166.565824     -0.771    264.896    14.3122   4.305095     2.4276    263.000 4.9769e-02    14.2730    35.6394  1027.7891    26.6233    3.35857         31 0.0000e+00
      19479 166.565840     -0.766    263.883    14.3221   4.305475     2.4410    262.000 4.8772e-02    14.2831    35.6342  1027.7785    26.6172    3.38364         31 0.0000e+00
      19513 166.565857     -0.712    262.877    14.3302   4.296713     2.4103    261.000 4.9193e-02    14.2913    35.5460  1027.7043    26.5472    3.32471         38 0.0000e+00
      19550 166.565874     -0.666    261.865    14.3223   4.288385     2.3747    260.000 4.9379e-02    14.2836    35.4765  1027.6480    26.4952    3.25698         34 0.0000e+00
      19580 166.565889     -0.746    260.857    14.3524   4.288880     2.3559    259.000 4.9225e-02    14.3138    35.4540  1027.6195    26.4713    3.21841         25 0.0000e+00
      19604 166.565900     -0.910    259.847    14.3676   4.294123     2.3506    258.000 4.9988e-02    14.3291    35.4890  1027.6387    26.4951    3.20596         20 0.0000e+00
      19624 166.565910     -1.085    258.847    14.3715   4.302450     2.3480    257.000 4.9596e-02    14.3332    35.5629  1027.6904    26.5513    3.19884         19 0.0000e+00
      19643 166.565919     -1.223    257.843    14.3749   4.304407     2.3420    256.000 5.0292e-02    14.3367    35.5782  1027.6971    26.5624    3.18626         20 0.0000e+00
      19666 166.565930     -1.183    256.836    14.3867   4.293513     2.3307    255.000 5.0568e-02    14.3487    35.4670  1027.6043    26.4739    3.16530         26 0.0000e+00
      19701 166.565947     -0.782    255.826    14.2865   4.285007     2.3117    254.000 5.3097e-02    14.2488    35.4806  1027.6322    26.5058    3.13393         40 0.0000e+00
      19764 166.565978     -0.318    254.809    14.3459   4.291956     2.3165    253.000 5.5666e-02    14.3082    35.4911  1027.6228    26.5011    3.13883         40 0.0000e+00
      19793 166.565992     -0.705    253.804    14.4885   4.317745     2.4098    252.000 5.6222e-02    14.4507    35.5989  1027.6702    26.5538    3.30837         25 0.0000e+00
      19818 166.566003     -0.929    252.800    14.5028   4.323967     2.4664    251.000 6.0550e-02    14.4652    35.6436  1027.6971    26.5852    3.41559         23 0.0000e+00
      19841 166.566015     -1.023    251.790    14.5159   4.327142     2.4934    250.000 5.7350e-02    14.4783    35.6613  1027.7034    26.5961    3.46620         23 0.0000e+00
      19864 166.566026     -1.035    250.783    14.5278   4.326028     2.4949    249.000 5.8241e-02    14.4904    35.6405  1027.6802    26.5773    3.46815         25 0.0000e+00
      19890 166.566038     -0.986    249.777    14.5393   4.318231     2.4679    248.000 6.1076e-02    14.5021    35.5584  1027.6100    26.5115    3.41648         26 0.0000e+00
      19924 166.566055     -0.773    248.770    14.4960   4.306067     2.4219    247.000 6.1051e-02    14.4590    35.4863  1027.5595    26.4650    3.33135         39 0.0000e+00
      19962 166.566073     -0.609    247.754    14.5368   4.313984     2.4102    246.000 6.2076e-02    14.4999    35.5224  1027.5738    26.4841    3.30491         30 0.0000e+00
      19989 166.566086     -0.795    246.750    14.6085   4.334457     2.4248    245.000 6.3663e-02    14.5716    35.6458  1027.6486    26.5639    3.32539         24 0.0000e+00
      20012 166.566097     -0.994    245.744    14.6348   4.335088     2.4502    244.000 6.2007e-02    14.5980    35.6279  1027.6246    26.5443    3.37268         23 0.0000e+00
      20036 166.566109     -1.039    244.739    14.6565   4.331921     2.4500    243.000 6.5894e-02    14.6198    35.5793  1027.5779    26.5020    3.37138         24 0.0000e+00
      20064 166.566122     -0.931    243.733    14.6343   4.314851     2.4286    242.000 6.9067e-02    14.5978    35.4430  1027.4734    26.4016    3.33393         32 0.0000e+00
      20099 166.566139     -0.702    242.719    14.6184   4.315936     2.4292    241.000 6.8511e-02    14.5821    35.4679  1027.4916    26.4242    3.33509         35 0.0000e+00
      20132 166.566155     -0.708    241.711    14.7638   4.335947     2.4495    240.000 6.9667e-02    14.7274    35.5195  1027.4947    26.4324    3.36323         30 0.0000e+00
      20161 166.566169     -0.808    240.704    14.7955   4.348377     2.4949    239.000 7.1091e-02    14.7591    35.6050  1027.5491    26.4915    3.44619         27 0.0000e+00
      20185 166.566181     -0.910    239.690    14.8199   4.356704     2.5236    238.000 7.2705e-02    14.7837    35.6594  1027.5810    26.5282    3.49817         20 0.0000e+00
      20208 166.566192     -1.067    238.694    14.8337   4.341727     2.5291    237.000 7.6204e-02    14.7977    35.5100  1027.4584    26.4097    3.51038         27 0.0000e+00
      20238 166.566206     -0.844    237.684    14.8257   4.338561     2.5231    236.000 7.6312e-02    14.7898    35.4886  1027.4393    26.3950    3.49951         28 0.0000e+00
      20267 166.566220     -0.839    236.680    14.8750   4.350908     2.5010    235.000 7.4728e-02    14.8392    35.5572  1027.4767    26.4371    3.45173         27 0.0000e+00
      20294 166.566233     -0.871    235.662    14.8923   4.353999     2.4831    234.000 7.2269e-02    14.8565    35.5702  1027.4784    26.4434    3.41560         26 0.0000e+00
      20319 166.566245     -0.943    234.660    14.9058   4.352132     2.4581    233.000 7.3738e-02    14.8702    35.5412  1027.4486    26.4179    3.36685         26 0.0000e+00
      20346 166.566258     -0.934    233.650    14.9177   4.354033     2.4281    232.000 7.5627e-02    14.8823    35.5482  1027.4468    26.4207    3.30800         27 0.0000e+00
      20373 166.566271     -0.894    232.646    14.9316   4.357583     2.3997    231.000 7.3821e-02    14.8963    35.5684  1027.4549    26.4332    3.25180         27 0.0000e+00
      20403 166.566286     -0.832    231.639    14.9470   4.352520     2.3580    230.000 7.2638e-02    14.9118    35.5085  1027.4009    26.3836    3.17183         31 0.0000e+00
      20437 166.566302     -0.735    230.627    14.9594   4.352026     2.3129    229.000 7.3436e-02    14.9243    35.4931  1027.3818    26.3690    3.08455         34 0.0000e+00
      20472 166.566319     -0.680    229.621    14.9949   4.359716     2.3013    228.000 7.5280e-02    14.9600    35.5315  1027.3989    26.3907    3.05911         32 0.0000e+00
      20502 166.566333     -0.763    228.616    15.0243   4.375490     2.3407    227.000 7.2208e-02    14.9895    35.6491  1027.4784    26.4749    3.12997         26 0.0000e+00
      20527 166.566346     -0.889    227.604    15.0512   4.381948     2.4027    226.000 6.7638e-02    15.0164    35.6839  1027.4947    26.4958    3.24559         23 0.0000e+00
      20549 166.566356     -1.017    226.595    15.0764   4.383424     2.4354    225.000 6.7578e-02    15.0418    35.6748  1027.4776    26.4832    3.30614         20 0.0000e+00
      20571 166.566367     -1.114    225.591    15.1278   4.383159     2.4299    224.000 6.2048e-02    15.0932    35.6260  1027.4241    26.4342    3.29279         23 0.0000e+00
      20595 166.566378     -1.080    224.584    15.1743   4.370343     2.4030    223.000 6.0303e-02    15.1399    35.4676  1027.2871    26.3016    3.24131         25 0.0000e+00
      20622 166.566391     -0.936    223.574    15.1929   4.368452     2.3875    222.000 5.5609e-02    15.1586    35.4340  1027.2526    26.2716    3.21084         29 0.0000e+00
      20648 166.566404     -0.886    222.562    15.3815   4.381656     2.3934    221.000 5.3402e-02    15.3471    35.3840  1027.1669    26.1910    3.21092         23 0.0000e+00
      20671 166.566415     -0.997    221.557    15.4367   4.402447     2.4241    220.000 5.4903e-02    15.4023    35.5226  1027.2566    26.2855    3.26261         22 0.0000e+00
      20693 166.566425     -1.085    220.554    15.4667   4.410549     2.4553    219.000 5.2421e-02    15.4324    35.5691  1027.2811    26.3146    3.31832         23 0.0000e+00
      20718 166.566438     -1.023    219.548    15.4766   4.403995     2.4488    218.000 5.2786e-02    15.4425    35.5014  1027.2223    26.2601    3.30628         29 0.0000e+00
      20754 166.566455     -0.746    218.537    15.4533   4.387887     2.4037    217.000 5.2349e-02    15.4194    35.3772  1027.1277    26.1696    3.22446         43 0.0000e+00
      20793 166.566474     -0.580    217.526    15.5021   4.419737     2.3847    216.000 5.1627e-02    15.4682    35.6213  1027.2999    26.3468    3.18032         32 0.0000e+00
      20820 166.566487     -0.793    216.517    15.5335   4.439784     2.4292    215.000 5.1058e-02    15.4997    35.7743  1027.4059    26.4575    3.25896         21 0.0000e+00
      20842 166.566497     -1.037    215.514    15.5440   4.441533     2.4534    214.000 5.1651e-02    15.5103    35.7810  1027.4042    26.4603    3.30342         23 0.0000e+00
      20865 166.566509     -1.052    214.509    15.5580   4.441210     2.4446    213.000 5.1118e-02    15.5245    35.7658  1027.3849    26.4454    3.28579         22 0.0000e+00
      20889 166.566520     -1.019    213.501    15.5756   4.440079     2.4053    212.000 5.1515e-02    15.5422    35.7400  1027.3566    26.4215    3.21063         25 0.0000e+00
      20914 166.566532     -0.995    212.490    15.5854   4.434622     2.3598    211.000 5.1858e-02    15.5522    35.6823  1027.3054    26.3748    3.12492         25 0.0000e+00
      20941 166.566545     -0.938    211.484    15.5950   4.438520     2.3268    210.000 5.1825e-02    15.5619    35.7092  1027.3195    26.3933    3.06119         27 0.0000e+00
      20968 166.566558     -0.904    210.474    15.6048   4.441603     2.2951    209.000 5.1138e-02    15.5718    35.7285  1027.3277    26.4059    3.00023         26 0.0000e+00
      20994 166.566571     -0.898    209.468    15.6261   4.442849     2.2738    208.000 5.1283e-02    15.5933    35.7208  1027.3124    26.3951    2.95869         27 0.0000e+00
      21020 166.566583     -0.924    208.459    15.7223   4.445261     2.2601    207.000 5.0788e-02    15.6895    35.6560  1027.2360    26.3234    2.92813         25 0.0000e+00
