jupyter/NEMEA/teste_rotina/cnvs/uMCTV011.cnv
* Sea-Bird SBE 9 Data File:
* FileName = D:\ACEX\brutos\MCTV011.hex
* Software Version Seasave V 7.17
* Temperature SN = 4821
* Conductivity SN = 3367
* Number of Bytes Per Scan = 21
* Number of Voltage Words = 3
* Number of Scans Averaged by the Deck Unit = 1
** H38 
** NHo Cruzeiro do Sul 
** 222 
** MCTV ACEx 
**   011
**   27 00.12 S
**   046  28.96W
**   14/06/2012 16:20Z
**   409
** 9P46375-0882 
**   1T Germano Filho
# nquan = 16
# nvalues = 386                         
# units = specified
# name 0 = scan: Scan Count
# name 1 = timeJ: Julian Days
# name 2 = dz/dtM: Descent Rate [m/s]
# name 3 = prDM: Pressure, Digiquartz [db]
# name 4 = t090C: Temperature [ITS-90, deg C]
# name 5 = c0S/m: Conductivity [S/m]
# name 6 = sbeox0V: Oxygen Voltage, SBE 43
# name 7 = depSM: Depth [salt water, m]
# name 8 = flSP: Fluorescence, Seapoint
# name 9 = potemp090C: Potential Temperature [ITS-90, deg C]
# name 10 = sal00: Salinity [PSU]
# name 11 = density00: Density [density, Kg/m^3]
# name 12 = sigma-é00: Density [sigma-theta, Kg/m^3]
# name 13 = sbeox0ML/L: Oxygen, SBE 43 [ml/l], WS = 2
# name 14 = nbin: number of scans per bin
# name 15 = flag: flag
# span 0 =      15338,      30558       
# span 1 = 166.563843, 166.571183       
# span 2 =     -1.294,     -0.194       
# span 3 =      1.009,    388.891       
# span 4 =    12.2965,    23.2734       
# span 5 =   4.106097,   5.427815       
# span 6 =     2.1175,     3.4838       
# span 7 =      1.000,    386.000       
# span 8 = 4.7215e-02, 4.4549e-01       
# span 9 =    12.2442,    23.2732       
# span 10 =    35.2928,    37.3191      
# span 11 =  1025.6155,  1028.7465      
# span 12 =    25.6112,    27.0220      
# span 13 =    2.89506,    4.40263      
# span 14 =         18,         69      
# span 15 = 0.0000e+00, 0.0000e+00      
# interval = meters: 1                  
# start_time = Jun 14 2012 13:21:17
# bad_flag = -9.990e-29
*END*
[from data line 181]
      21072 166.566608     -0.927    206.447    15.8246   4.447157     2.2453    205.000 5.2043e-02    15.7920    35.5816  1027.1463    26.2428    2.89525         24 0.0000e+00
      21098 166.566621     -0.930    205.438    15.8675   4.452901     2.2468    204.000 5.2673e-02    15.8350    35.5949  1027.1421    26.2432    2.89506         28 0.0000e+00
      21126 166.566634     -0.901    204.432    15.9001   4.460202     2.2619    203.000 5.3994e-02    15.8677    35.6314  1027.1582    26.2638    2.92040         28 0.0000e+00
      21155 166.566649     -0.833    203.423    15.9273   4.470918     2.2969    202.000 5.3725e-02    15.8950    35.7032  1027.2027    26.3129    2.98271         30 0.0000e+00
      21185 166.566663     -0.821    202.411    15.9514   4.480120     2.3438    201.000 5.4697e-02    15.9192    35.7643  1027.2395    26.3543    3.06756         27 0.0000e+00
      21211 166.566675     -0.871    201.410    15.9607   4.487695     2.3855    200.000 5.4844e-02    15.9286    35.8241  1027.2789    26.3982    3.14330         24 0.0000e+00
      21235 166.566687     -0.988    200.399    15.9633   4.489800     2.4136    199.000 5.4839e-02    15.9314    35.8410  1027.2868    26.4106    3.19486         23 0.0000e+00
      21259 166.566698     -1.007    199.392    15.9692   4.493581     2.4321    198.000 5.3182e-02    15.9375    35.8699  1027.3032    26.4314    3.22789         26 0.0000e+00
      21283 166.566710     -0.986    198.384    16.0039   4.495036     2.4434    197.000 5.5783e-02    15.9723    35.8519  1027.2769    26.4096    3.24680         23 0.0000e+00
      21309 166.566723     -0.976    197.381    16.0368   4.485026     2.4342    196.000 5.5906e-02    16.0053    35.7331  1027.1735    26.3105    3.22961         28 0.0000e+00
      21339 166.566737     -0.850    196.371    16.0266   4.470098     2.4033    195.000 5.7438e-02    15.9953    35.6094  1027.0764    26.2176    3.17455         31 0.0000e+00
      21370 166.566752     -0.756    195.359    16.0715   4.486932     2.3859    194.000 5.5029e-02    16.0403    35.7197  1027.1462    26.2922    3.13680         27 0.0000e+00
      21395 166.566764     -0.897    194.358    16.0989   4.501563     2.4026    193.000 5.8369e-02    16.0678    35.8260  1027.2171    26.3676    3.16371         24 0.0000e+00
      21420 166.566776     -0.965    193.353    16.1118   4.500410     2.4309    192.000 5.8886e-02    16.0808    35.8045  1027.1931    26.3481    3.21561         26 0.0000e+00
      21448 166.566789     -0.905    192.341    16.1274   4.504632     2.4364    191.000 5.8833e-02    16.0966    35.8285  1027.2034    26.3629    3.22395         27 0.0000e+00
      21478 166.566804     -0.829    191.334    16.1656   4.507997     2.4279    190.000 5.9127e-02    16.1349    35.8244  1027.1869    26.3509    3.20545         31 0.0000e+00
      21508 166.566819     -0.789    190.321    16.2348   4.516985     2.4458    189.000 6.3850e-02    16.2042    35.8425  1027.1801    26.3488    3.23366         28 0.0000e+00
      21536 166.566832     -0.828    189.316    16.3188   4.523925     2.4939    188.000 5.9454e-02    16.2882    35.8291  1027.1456    26.3189    3.31738         25 0.0000e+00
      21559 166.566843     -0.955    188.309    16.4177   4.532863     2.5331    187.000 5.9173e-02    16.3872    35.8199  1027.1107    26.2887    3.38336         22 0.0000e+00
      21579 166.566853     -1.109    187.303    16.4739   4.539841     2.5548    186.000 5.9999e-02    16.4434    35.8317  1027.1020    26.2846    3.41915         19 0.0000e+00
      21600 166.566863     -1.191    186.297    16.5105   4.537293     2.5528    185.000 6.0929e-02    16.4802    35.7767  1027.0467    26.2337    3.41381         20 0.0000e+00
      21621 166.566873     -1.173    185.294    16.5652   4.532587     2.5511    184.000 6.1766e-02    16.5350    35.6866  1026.9601    26.1516    3.40848         22 0.0000e+00
      21650 166.566887     -0.958    184.286    16.6033   4.560813     2.7169    183.000 6.4092e-02    16.5732    35.9022  1027.1121    26.3083    3.70592         35 0.0000e+00
      21691 166.566907     -0.613    183.273    16.6633   4.599754     2.8965    182.000 6.0237e-02    16.6332    36.1923  1027.3160    26.5172    4.02421         43 0.0000e+00
      21729 166.566925     -0.598    182.257    16.7402   4.609311     2.9116    181.000 6.3317e-02    16.7102    36.2076  1027.3048    26.5107    4.04527         31 0.0000e+00
      21753 166.566937     -0.844    181.255    16.7734   4.608377     2.8555    180.000 6.2522e-02    16.7436    36.1697  1027.2634    26.4737    3.94040         21 0.0000e+00
      21774 166.566947     -1.062    180.247    16.8242   4.606183     2.8619    179.000 5.6115e-02    16.7944    36.1051  1027.1972    26.4119    3.94942         19 0.0000e+00
      21792 166.566956     -1.216    179.245    16.8511   4.617370     2.9113    178.000 5.5561e-02    16.8215    36.1796  1027.2435    26.4627    4.03523         18 0.0000e+00
      21811 166.566965     -1.294    178.237    16.8852   4.627001     2.9496    177.000 5.4401e-02    16.8557    36.2339  1027.2725    26.4963    4.10077         20 0.0000e+00
      21832 166.566975     -1.234    177.236    16.9127   4.630405     2.9736    176.000 5.5489e-02    16.8834    36.2394  1027.2657    26.4939    4.14167         22 0.0000e+00
      21861 166.566989     -0.980    176.224    16.9152   4.630694     2.9897    175.000 5.6924e-02    16.8860    36.2402  1027.2612    26.4939    4.17027         33 0.0000e+00
      21894 166.567005     -0.728    175.211    16.9296   4.632542     2.9993    174.000 5.7523e-02    16.9005    36.2438  1027.2561    26.4932    4.18583         31 0.0000e+00
      21927 166.567020     -0.736    174.207    16.9387   4.633571     3.0051    173.000 6.1602e-02    16.9098    36.2450  1027.2504    26.4919    4.19519         34 0.0000e+00
      21957 166.567035     -0.767    173.195    16.9481   4.634785     3.0102    172.000 5.7949e-02    16.9193    36.2477  1027.2458    26.4917    4.20299         26 0.0000e+00
      21982 166.567047     -0.890    172.191    16.9735   4.637994     3.0142    171.000 5.6728e-02    16.9449    36.2533  1027.2395    26.4899    4.20763         25 0.0000e+00
      22007 166.567059     -0.980    171.186    16.9984   4.640962     3.0183    170.000 5.7834e-02    16.9699    36.2573  1027.2321    26.4870    4.21240         22 0.0000e+00
      22031 166.567071     -1.000    170.175    17.0197   4.643449     3.0213    169.000 5.6553e-02    16.9914    36.2603  1027.2248    26.4841    4.21559         26 0.0000e+00
      22055 166.567083     -0.978    169.166    17.0269   4.644231     3.0236    168.000 5.7556e-02    16.9987    36.2611  1027.2193    26.4829    4.21865         21 0.0000e+00
      22077 166.567093     -1.047    168.162    17.0331   4.644905     3.0236    167.000 5.7555e-02    17.0051    36.2618  1027.2139    26.4820    4.21752         22 0.0000e+00
      22099 166.567103     -1.112    167.158    17.0349   4.645109     3.0233    166.000 5.5925e-02    17.0071    36.2623  1027.2095    26.4819    4.21618         22 0.0000e+00
      22122 166.567115     -1.081    166.148    17.0397   4.645701     3.0235    165.000 5.6965e-02    17.0120    36.2636  1027.2049    26.4817    4.21564         25 0.0000e+00
      22148 166.567127     -0.980    165.142    17.0546   4.647515     3.0253    164.000 5.7571e-02    17.0270    36.2665  1027.1991    26.4803    4.21711         27 0.0000e+00
      22178 166.567141     -0.859    164.134    17.0645   4.648735     3.0269    163.000 5.5855e-02    17.0372    36.2686  1027.1938    26.4795    4.21851         32 0.0000e+00
      22210 166.567157     -0.759    163.123    17.0854   4.651268     3.0281    162.000 5.7022e-02    17.0582    36.2724  1027.1872    26.4774    4.21849         32 0.0000e+00
      22240 166.567172     -0.777    162.117    17.1042   4.653360     3.0295    161.000 5.5657e-02    17.0772    36.2741  1027.1796    26.4741    4.21884         29 0.0000e+00
      22268 166.567185     -0.847    161.110    17.1064   4.653626     3.0305    160.000 5.4701e-02    17.0795    36.2749  1027.1752    26.4742    4.22001         30 0.0000e+00
      22517 166.567305     -0.651    160.112    17.1204   4.655343     3.0310    159.000 5.4993e-02    17.0937    36.2777  1027.1696    26.4729    4.21911         40 0.0000e+00
      23099 166.567586     -0.700    159.091    17.1403   4.657751     3.0361    158.000 5.4662e-02    17.1137    36.2813  1027.1630    26.4708    4.22604         28 0.0000e+00
      23092 166.567582     -0.883    158.095    17.1600   4.660165     3.0365    157.000 5.4025e-02    17.1335    36.2850  1027.1568    26.4689    4.22469         29 0.0000e+00
      23131 166.567601     -0.666    157.085    17.1622   4.660328     3.0394    156.000 5.4587e-02    17.1359    36.2849  1027.1517    26.4682    4.22910         52 0.0000e+00
      23199 166.567634     -0.325    156.072    17.1689   4.661203     3.0436    155.000 5.4125e-02    17.1428    36.2869  1027.1471    26.4681    4.23561         51 0.0000e+00
      23248 166.567658     -0.511    155.063    17.2141   4.666903     3.0430    154.000 5.5805e-02    17.1881    36.2964  1027.1390    26.4645    4.23003         38 0.0000e+00
      23281 166.567674     -0.693    154.059    17.2652   4.673284     3.0435    153.000 5.2892e-02    17.2393    36.3065  1027.1299    26.4599    4.22618         29 0.0000e+00
      23310 166.567688     -0.813    153.052    17.3213   4.679905     3.0455    152.000 5.2835e-02    17.2955    36.3142  1027.1177    26.4522    4.22461         29 0.0000e+00
      23341 166.567703     -0.794    152.048    17.3509   4.683399     3.0454    151.000 5.1055e-02    17.3253    36.3185  1027.1092    26.4482    4.22137         32 0.0000e+00
      23374 166.567719     -0.741    151.038    17.4440   4.695242     3.0465    150.000 5.1178e-02    17.4184    36.3383  1027.0972    26.4408    4.21498         35 0.0000e+00
      23409 166.567735     -0.699    150.027    17.4992   4.701602     3.0489    149.000 5.0869e-02    17.4737    36.3444  1027.0838    26.4320    4.21432         33 0.0000e+00
      23438 166.567749     -0.789    149.022    17.5270   4.704816     3.0498    148.000 4.9711e-02    17.5017    36.3478  1027.0751    26.4277    4.21299         27 0.0000e+00
      23467 166.567764     -0.834    148.021    17.5383   4.706053     3.0506    147.000 5.0308e-02    17.5132    36.3487  1027.0687    26.4256    4.21306         32 0.0000e+00
      23511 166.567784     -0.586    147.011    17.5442   4.706856     3.0531    146.000 5.0319e-02    17.5192    36.3508  1027.0644    26.4257    4.21645         52 0.0000e+00
      23559 166.567807     -0.482    145.997    17.5757   4.711156     3.0550    145.000 5.1965e-02    17.5508    36.3603  1027.0595    26.4253    4.21649         37 0.0000e+00
      23591 166.567823     -0.701    144.994    17.6756   4.724247     3.0589    144.000 5.0452e-02    17.6508    36.3845  1027.0488    26.4193    4.21461         30 0.0000e+00
      23621 166.567837     -0.802    143.983    17.8037   4.739679     3.0654    143.000 4.9731e-02    17.7789    36.4036  1027.0272    26.4024    4.21515         28 0.0000e+00
      23647 166.567850     -0.867    142.978    17.8688   4.747869     3.0695    142.000 5.0834e-02    17.8441    36.4164  1027.0164    26.3961    4.21648         26 0.0000e+00
      23671 166.567862     -0.959    141.970    17.9419   4.757100     3.0739    141.000 5.0520e-02    17.9174    36.4309  1027.0048    26.3891    4.21783         24 0.0000e+00
      23696 166.567874     -0.998    140.968    17.9802   4.761635     3.0773    140.000 4.9935e-02    17.9558    36.4361  1026.9948    26.3835    4.22023         26 0.0000e+00
      23725 166.567888     -0.884    139.961    18.0211   4.767132     3.0834    139.000 5.2216e-02    17.9969    36.4471  1026.9886    26.3817    4.22701         33 0.0000e+00
      23771 166.567910     -0.554    138.950    18.0681   4.772281     3.0841    138.000 5.1624e-02    18.0440    36.4499  1026.9745    26.3721    4.22387         57 0.0000e+00
      23817 166.567932     -0.492    137.938    18.1356   4.781618     3.0915    137.000 5.1280e-02    18.1116    36.4701  1026.9686    26.3708    4.23071         30 0.0000e+00
      23843 166.567945     -0.810    136.935    18.1988   4.789719     3.0980    136.000 5.3438e-02    18.1749    36.4835  1026.9585    26.3651    4.23640         24 0.0000e+00
      23868 166.567956     -0.975    135.930    18.2822   4.800346     3.1048    135.000 5.2473e-02    18.2585    36.5004  1026.9460    26.3572    4.24091         25 0.0000e+00
      23895 166.567970     -0.931    134.924    18.3288   4.805629     3.1123    134.000 5.2900e-02    18.3051    36.5045  1026.9329    26.3485    4.24994         30 0.0000e+00
      23927 166.567985     -0.787    133.915    18.3521   4.809116     3.1143    133.000 5.3665e-02    18.3286    36.5139  1026.9298    26.3499    4.25073         35 0.0000e+00
      23961 166.568001     -0.704    132.905    18.4043   4.816235     3.1193    132.000 5.3601e-02    18.3809    36.5285  1026.9233    26.3479    4.25469         30 0.0000e+00
      23991 166.568016     -0.780    131.898    18.5134   4.830031     3.1237    131.000 5.6354e-02    18.4901    36.5494  1026.9071    26.3363    4.25282         31 0.0000e+00
      24021 166.568031     -0.808    130.895    18.5932   4.839432     3.1253    130.000 5.8238e-02    18.5700    36.5588  1026.8895    26.3232    4.24865         29 0.0000e+00
      24054 166.568047     -0.746    129.887    18.6243   4.843307     3.1291    129.000 5.8614e-02    18.6013    36.5644  1026.8814    26.3195    4.25213         35 0.0000e+00
      24093 166.568065     -0.635    128.880    18.6437   4.845652     3.1325    128.000 6.0746e-02    18.6209    36.5675  1026.8744    26.3169    4.25596         39 0.0000e+00
      24132 166.568084     -0.608    127.871    18.6703   4.849091     3.1325    127.000 5.8810e-02    18.6475    36.5734  1026.8677    26.3147    4.25321         35 0.0000e+00
      24163 166.568099     -0.746    126.862    18.7003   4.852553     3.1344    126.000 6.0259e-02    18.6777    36.5766  1026.8580    26.3094    4.25360         28 0.0000e+00
      24192 166.568113     -0.821    125.859    18.7199   4.855111     3.1376    125.000 5.9424e-02    18.6975    36.5812  1026.8521    26.3078    4.25694         27 0.0000e+00
      24220 166.568127     -0.854    124.856    18.7446   4.858286     3.1399    124.000 6.0440e-02    18.7224    36.5866  1026.8455    26.3056    4.25827         30 0.0000e+00
      24254 166.568143     -0.762    123.845    18.7602   4.859984     3.1391    123.000 6.1478e-02    18.7381    36.5875  1026.8378    26.3023    4.25518         37 0.0000e+00
      24301 166.568165     -0.519    122.835    18.7743   4.861800     3.1402    122.000 6.2498e-02    18.7524    36.5907  1026.8323    26.3012    4.25525         51 0.0000e+00
      24347 166.568187     -0.517    121.826    18.9012   4.878704     3.1477    121.000 6.3254e-02    18.8794    36.6215  1026.8186    26.2922    4.25726         38 0.0000e+00
      24379 166.568203     -0.690    120.818    19.0235   4.894117     3.1484    120.000 6.4682e-02    19.0017    36.6436  1026.7995    26.2776    4.24799         29 0.0000e+00
      24408 166.568217     -0.832    119.818    19.0530   4.897428     3.1481    119.000 6.6594e-02    19.0314    36.6457  1026.7890    26.2716    4.24462         30 0.0000e+00
      24446 166.568236     -0.671    118.809    19.0455   4.896481     3.1485    118.000 7.9066e-02    19.0241    36.6448  1026.7859    26.2728    4.24520         49 0.0000e+00
      24496 166.568260     -0.440    117.792    19.0654   4.899336     3.1548    117.000 7.6911e-02    19.0442    36.6515  1026.7815    26.2727    4.25398         38 0.0000e+00
      24525 166.568274     -0.710    116.791    19.1679   4.912628     3.1589    116.000 7.6677e-02    19.1468    36.6730  1026.7668    26.2627    4.25206         27 0.0000e+00
