jupyter/NEMEA/teste_rotina/cnvs/uMCTV025a.cnv
* Sea-Bird SBE 19plus V2 Data File:
* FileName = D:\ACEX_ctd\brutos\MCTV025a.hex
* Software Version Seasave V 7.17
* Temperature SN = 6161
* Conductivity SN = 6161
* System UpLoad Time = Jun 19 2012 10:59:36
** H38 
** NHo Cruzeiro do Sul 
** 222 
** MCT V 
**   025a
**   33 46.65 S
**   051 07.44 W
**   19/06/2012 13:13 Z
**   670
** 9P46375-0882 
**   CT Fernandes
# nquan = 14
# nvalues = 460                         
# units = specified
# name 0 = scan: Scan Count
# name 1 = timeJ: Julian Days
# name 2 = dz/dtM: Descent Rate [m/s]
# name 3 = prdM: Pressure, Strain Gauge [db]
# name 4 = tv290C: Temperature [ITS-90, deg C]
# name 5 = c0S/m: Conductivity [S/m]
# name 6 = depSM: Depth [salt water, m]
# name 7 = oxsatML/L: Oxygen Saturation [ml/l]
# name 8 = flSP: Fluorescence, Seapoint
# name 9 = potemp090C: Potential Temperature [ITS-90, deg C]
# name 10 = sal00: Salinity [PSU]
# name 11 = density00: Density [density, Kg/m^3]
# name 12 = oxsatML/L: Oxygen Saturation [ml/l]
# name 13 = flag: flag
# span 0 =       5270,       9297       
# span 1 = 171.473302, 171.484954       
# span 2 =     -1.719,      0.057       
# span 3 =      1.939,    464.043       
# span 4 =     7.4819,    20.2644       
# span 5 =   3.549186,   4.981114       
# span 6 =      2.000,    461.000       
# span 7 =    5.10126,    6.70735       
# span 8 = 4.4908e+00, 5.1794e+00       
# span 9 =     7.4363,    20.2522       
# span 10 =    34.5136,    36.3425      
# span 11 =  1025.3010,  1029.0832      
# span 12 =    5.10114,    6.70739      
# span 13 = 0.0000e+00, 0.0000e+00      
# interval = meters: 1                  
# start_time = Jun 19 2012 10:59:36
# bad_flag = -9.990e-29
*END*
       5270 171.473302     -0.436    464.043     7.4819   3.549186    461.000    6.70735 4.8411e+00     7.4363    34.5146  1029.0832    6.70739 0.0000e+00
       5287 171.473351     -0.890    463.346     7.4860   3.549442    460.000    6.70680 4.8740e+00     7.4404    34.5136  1029.0787    6.70679 0.0000e+00
       5350 171.473531     -0.824    462.156     7.4991   3.550884    459.000    6.70464 4.8834e+00     7.4536    34.5168  1029.0738    6.70463 0.0000e+00
       5367 171.473582     -0.805    461.266     7.5077   3.551808    458.000    6.70322 4.8833e+00     7.4622    34.5188  1029.0700    6.70323 0.0000e+00
       5387 171.473641     -0.419    459.927     7.5243   3.553103    457.000    6.70077 4.8835e+00     7.4789    34.5170  1029.0599    6.70074 0.0000e+00
       5393 171.473657     -0.613    459.046     7.5288   3.553706    456.000    6.69996 4.8834e+00     7.4835    34.5194  1029.0572    6.69994 0.0000e+00
       5400 171.473678     -0.597    458.049     7.5390   3.554591    455.000    6.69839 4.8833e+00     7.4938    34.5194  1029.0510    6.69837 0.0000e+00
       5408 171.473701     -0.497    456.987     7.5450   3.555239    454.000    6.69741 4.8832e+00     7.4998    34.5210  1029.0466    6.69738 0.0000e+00
       5415 171.473720     -0.612    456.075     7.5589   3.556636    453.000    6.69519 4.8833e+00     7.5138    34.5228  1029.0417    6.69516 0.0000e+00
       5426 171.473752     -0.305    454.919     7.5741   3.557913    452.000    6.69289 4.8834e+00     7.5291    34.5221  1029.0335    6.69285 0.0000e+00
       5434 171.473777     -0.513    453.847     7.5792   3.558207    451.000    6.69217 4.8832e+00     7.5343    34.5207  1029.0268    6.69212 0.0000e+00
       5438 171.473787     -0.962    453.178     7.5803   3.558582    450.000    6.69184 4.8833e+00     7.5354    34.5239  1029.0261    6.69180 0.0000e+00
       5449 171.473818     -0.296    451.925     7.5974   3.560121    449.000    6.68920 4.8832e+00     7.5526    34.5243  1029.0181    6.68917 0.0000e+00
       5456 171.473839     -0.688    451.035     7.6031   3.560889    448.000    6.68818 4.8832e+00     7.5584    34.5273  1029.0156    6.68816 0.0000e+00
       5464 171.473864     -0.484    449.919     7.6121   3.561280    447.000    6.68700 4.8833e+00     7.5674    34.5233  1029.0059    6.68696 0.0000e+00
       5472 171.473885     -0.527    448.884     7.6082   3.560724    446.000    6.68765 4.8833e+00     7.5637    34.5215  1029.0004    6.68762 0.0000e+00
       5480 171.473910     -0.462    447.925     7.6070   3.560821    445.000    6.68771 4.8834e+00     7.5625    34.5243  1028.9985    6.68769 0.0000e+00
       5492 171.473943     -0.491    446.757     7.6133   3.562126    444.000    6.68637 4.8832e+00     7.5690    34.5326  1028.9987    6.68635 0.0000e+00
       5495 171.473953     -1.003    446.023     7.6281   3.563484    443.000    6.68411 4.8832e+00     7.5838    34.5330  1028.9934    6.68407 0.0000e+00
       5500 171.473968     -0.898    445.085     7.6572   3.566984    442.000    6.67924 4.8832e+00     7.6129    34.5424  1028.9920    6.67920 0.0000e+00
       5511 171.473998     -0.415    443.959     7.7117   3.572345    441.000    6.67074 4.8833e+00     7.6673    34.5468  1028.9819    6.67065 0.0000e+00
       5524 171.474036     -0.282    442.760     7.7740   3.578261    440.000    6.66114 4.8835e+00     7.7295    34.5496  1028.9689    6.66102 0.0000e+00
       5530 171.474053     -0.614    441.898     7.7900   3.579545    439.000    6.65876 4.8835e+00     7.7455    34.5480  1028.9613    6.65864 0.0000e+00
       5536 171.474072     -0.582    440.918     7.7995   3.580203    438.000    6.65738 4.8833e+00     7.7551    34.5461  1028.9539    6.65727 0.0000e+00
       5544 171.474096     -0.503    439.899     7.8024   3.580336    437.000    6.65695 4.8832e+00     7.7581    34.5452  1028.9481    6.65688 0.0000e+00
       5553 171.474120     -0.470    438.861     7.8036   3.580393    436.000    6.65676 4.8831e+00     7.7594    34.5451  1028.9431    6.65669 0.0000e+00
       5561 171.474144     -0.488    437.876     7.8077   3.580754    435.000    6.65611 4.8832e+00     7.7636    34.5454  1028.9383    6.65606 0.0000e+00
       5570 171.474169     -0.464    436.852     7.8097   3.581098    434.000    6.65569 4.8832e+00     7.7657    34.5476  1028.9350    6.65565 0.0000e+00
       5579 171.474195     -0.444    435.795     7.8190   3.581903    433.000    6.65429 4.8831e+00     7.7751    34.5476  1028.9288    6.65424 0.0000e+00
       5587 171.474219     -0.443    434.603     7.8298   3.583721    432.000    6.65223 4.8832e+00     7.7860    34.5570  1028.9290    6.65219 0.0000e+00
       5590 171.474229     -0.869    433.857     7.8488   3.586380    431.000    6.64891 4.8833e+00     7.8050    34.5672  1028.9307    6.64887 0.0000e+00
       5594 171.474239     -1.132    433.154     7.8759   3.588884    430.000    6.64479 4.8833e+00     7.8321    34.5677  1028.9236    6.64473 0.0000e+00
       5609 171.474283     -0.439    431.758     7.9435   3.596055    429.000    6.63410 4.8831e+00     7.8996    34.5785  1028.9151    6.63400 0.0000e+00
       5616 171.474302     -0.888    430.885     7.9897   3.601195    428.000    6.62668 4.8832e+00     7.9457    34.5885  1028.9117    6.62659 0.0000e+00
       5622 171.474319     -0.739    429.896     8.0350   3.604786    427.000    6.62013 4.8831e+00     7.9910    34.5827  1028.8955    6.61999 0.0000e+00
       5630 171.474344     -0.475    428.807     8.0535   3.606034    426.000    6.61752 4.8832e+00     8.0095    34.5783  1028.8842    6.61738 0.0000e+00
       5640 171.474371     -0.422    427.657     8.0686   3.607598    425.000    6.61511 4.8832e+00     8.0247    34.5807  1028.8784    6.61499 0.0000e+00
       5644 171.474384     -0.743    426.880     8.0751   3.608001    424.000    6.61420 4.8831e+00     8.0313    34.5790  1028.8726    6.61409 0.0000e+00
       5656 171.474418     -0.373    425.715     8.0881   3.609242    423.000    6.61217 4.8831e+00     8.0443    34.5800  1028.8660    6.61209 0.0000e+00
       5666 171.474447     -0.569    424.601     8.0957   3.609995    422.000    6.61097 4.8830e+00     8.0521    34.5810  1028.8606    6.61089 0.0000e+00
       5669 171.474457     -0.971    423.837     8.1010   3.610805    421.000    6.60999 4.8830e+00     8.0574    34.5848  1028.8592    6.60993 0.0000e+00
       5678 171.474482     -0.586    422.766     8.1298   3.613820    420.000    6.60549 4.8832e+00     8.0862    34.5892  1028.8532    6.60542 0.0000e+00
       5691 171.474521     -0.267    421.321     8.1597   3.616189    419.000    6.60120 4.8832e+00     8.1162    34.5857  1028.8392    6.60107 0.0000e+00
       5693 171.474525     -0.973    420.742     8.1600   3.617406    418.000    6.60052 4.8832e+00     8.1166    34.5986  1028.8466    6.60048 0.0000e+00
       5696 171.474533     -1.384    420.069     8.1763   3.618997    417.000    6.59807 4.8832e+00     8.1329    34.5999  1028.8419    6.59797 0.0000e+00
       5708 171.474568     -0.613    418.837     8.2225   3.623144    416.000    6.59117 4.8833e+00     8.1791    34.5992  1028.8285    6.59108 0.0000e+00
       5721 171.474607     -0.417    417.640     8.2524   3.626168    415.000    6.58655 4.8833e+00     8.2090    34.6026  1028.8209    6.58647 0.0000e+00
       5729 171.474629     -0.542    416.624     8.2690   3.628094    414.000    6.58389 4.8832e+00     8.2256    34.6073  1028.8173    6.58379 0.0000e+00
       5734 171.474645     -0.676    415.617     8.3023   3.632652    413.000    6.57822 4.8832e+00     8.2589    34.6235  1028.8200    6.57813 0.0000e+00
       5739 171.474657     -0.844    414.815     8.3399   3.636423    412.000    6.57247 4.8833e+00     8.2965    34.6270  1028.8130    6.57237 0.0000e+00
       5749 171.474689     -0.387    413.683     8.3958   3.641032    411.000    6.56442 4.8833e+00     8.3523    34.6216  1028.7947    6.56428 0.0000e+00
       5759 171.474716     -0.599    412.712     8.4152   3.643310    410.000    6.56128 4.8834e+00     8.3718    34.6272  1028.7915    6.56116 0.0000e+00
       5768 171.474743     -0.431    411.674     8.4533   3.646930    409.000    6.55555 4.8833e+00     8.4099    34.6286  1028.7817    6.55544 0.0000e+00
       5778 171.474771     -0.472    410.550     8.4679   3.648246    408.000    6.55340 4.8831e+00     8.4246    34.6288  1028.7744    6.55327 0.0000e+00
       5783 171.474785     -0.765    409.747     8.4844   3.650093    407.000    6.55076 4.8831e+00     8.4411    34.6325  1028.7710    6.55066 0.0000e+00
       5791 171.474810     -0.481    408.637     8.5087   3.652756    406.000    6.54698 4.8832e+00     8.4654    34.6374  1028.7659    6.54686 0.0000e+00
       5798 171.474830     -0.573    407.716     8.5578   3.659972    405.000    6.53849 4.8832e+00     8.5144    34.6660  1028.7760    6.53841 0.0000e+00
       5811 171.474868     -0.229    406.501     8.6498   3.667037    404.000    6.52564 4.8833e+00     8.6064    34.6511  1028.7438    6.52547 0.0000e+00
       5818 171.474886     -0.642    405.652     8.6591   3.668735    403.000    6.52387 4.8832e+00     8.6157    34.6603  1028.7456    6.52372 0.0000e+00
       5826 171.474910     -0.506    404.617     8.7058   3.673151    402.000    6.51693 4.8831e+00     8.6624    34.6616  1028.7342    6.51680 0.0000e+00
       5835 171.474935     -0.488    403.505     8.7232   3.674304    401.000    6.51460 4.8830e+00     8.6798    34.6573  1028.7230    6.51443 0.0000e+00
       5839 171.474947     -0.888    402.763     8.7345   3.675925    400.000    6.51264 4.8832e+00     8.6912    34.6636  1028.7227    6.51251 0.0000e+00
       5849 171.474977     -0.365    401.596     8.7712   3.679655    399.000    6.50709 4.8831e+00     8.7279    34.6675  1028.7144    6.50697 0.0000e+00
       5858 171.475004     -0.515    400.645     8.7935   3.681823    398.000    6.50373 4.8830e+00     8.7503    34.6689  1028.7075    6.50364 0.0000e+00
       5872 171.475044     -0.193    399.360     8.8094   3.682883    397.000    6.50157 4.8833e+00     8.7662    34.6652  1028.6962    6.50149 0.0000e+00
       5877 171.475059     -0.705    398.511     8.8092   3.682956    396.000    6.50152 4.8832e+00     8.7661    34.6666  1028.6934    6.50145 0.0000e+00
       5881 171.475069     -1.107    397.806     8.8119   3.683469    395.000    6.50100 4.8832e+00     8.7689    34.6696  1028.6921    6.50092 0.0000e+00
       5895 171.475109     -0.372    396.507     8.8359   3.685702    394.000    6.49745 4.8832e+00     8.7930    34.6703  1028.6828    6.49740 0.0000e+00
       5904 171.475135     -0.661    395.517     8.8430   3.686901    393.000    6.49617 4.8832e+00     8.8002    34.6764  1028.6819    6.49611 0.0000e+00
       5909 171.475149     -0.880    394.746     8.8631   3.689052    392.000    6.49308 4.8833e+00     8.8203    34.6797  1028.6776    6.49303 0.0000e+00
       5923 171.475192     -0.106    393.267     8.8974   3.691761    391.000    6.48831 4.8833e+00     8.8547    34.6753  1028.6619    6.48822 0.0000e+00
       5928 171.475205     -0.755    392.472     8.8980   3.692622    390.000    6.48781 4.8834e+00     8.8553    34.6842  1028.6651    6.48777 0.0000e+00
       5931 171.475213     -1.154    391.822     8.9085   3.693197    389.000    6.48646 4.8834e+00     8.8659    34.6803  1028.6574    6.48640 0.0000e+00
       5945 171.475256     -0.550    390.461     8.9204   3.694389    388.000    6.48468 4.8833e+00     8.8779    34.6818  1028.6504    6.48461 0.0000e+00
       5952 171.475276     -0.935    389.519     8.9339   3.696220    387.000    6.48241 4.8833e+00     8.8915    34.6882  1028.6489    6.48238 0.0000e+00
       5956 171.475287     -1.152    388.719     8.9472   3.697509    386.000    6.48046 4.8834e+00     8.9048    34.6891  1028.6438    6.48041 0.0000e+00
       5970 171.475327     -0.266    387.374     8.9769   3.700293    385.000    6.47615 4.8832e+00     8.9346    34.6899  1028.6334    6.47606 0.0000e+00
       5982 171.475362     -0.556    386.235     9.0138   3.708023    384.000    6.46896 4.8831e+00     8.9715    34.7353  1028.6574    6.46883 0.0000e+00
       5984 171.475367     -1.126    385.586     9.0776   3.715081    383.000    6.45915 4.8831e+00     9.0352    34.7471  1028.6530    6.45912 0.0000e+00
       5988 171.475378     -1.277    384.835     9.1405   3.719809    382.000    6.45068 4.8832e+00     9.0980    34.7355  1028.6299    6.45052 0.0000e+00
       6005 171.475428     -0.276    383.362     9.2508   3.729408    381.000    6.43512 4.8833e+00     9.2082    34.7289  1028.5994    6.43493 0.0000e+00
       6012 171.475448     -0.606    382.455     9.2811   3.732571    380.000    6.43060 4.8833e+00     9.2384    34.7328  1028.5932    6.43043 0.0000e+00
       6021 171.475476     -0.434    381.433     9.3015   3.734071    379.000    6.42781 4.8833e+00     9.2589    34.7290  1028.5821    6.42766 0.0000e+00
       6037 171.475521     -0.197    379.964     9.3134   3.734921    378.000    6.42615 4.8832e+00     9.2710    34.7270  1028.5719    6.42604 0.0000e+00
       6038 171.475525     -0.895    379.332     9.3136   3.735241    377.000    6.42596 4.8832e+00     9.2712    34.7304  1028.5716    6.42587 0.0000e+00
       6041 171.475532     -1.279    378.633     9.3177   3.735638    376.000    6.42536 4.8832e+00     9.2754    34.7309  1028.5682    6.42527 0.0000e+00
       6052 171.475563     -0.908    377.554     9.3349   3.738138    375.000    6.42250 4.8833e+00     9.2927    34.7406  1028.5680    6.42241 0.0000e+00
       6066 171.475604     -0.913    376.299     9.3739   3.744146    374.000    6.41597 4.8835e+00     9.3317    34.7656  1028.5751    6.41581 0.0000e+00
       6067 171.475609     -1.463    375.671     9.4108   3.748682    373.000    6.41006 4.8835e+00     9.3685    34.7772  1028.5749    6.41009 0.0000e+00
       6073 171.475624     -1.011    374.681     9.4800   3.754546    372.000    6.40062 4.8834e+00     9.4377    34.7711  1028.5538    6.40048 0.0000e+00
       6099 171.475701      0.032    372.947     9.5804   3.763062    371.000    6.38671 4.8833e+00     9.5380    34.7627  1028.5221    6.38658 0.0000e+00
       6102 171.475708     -0.700    372.225     9.5893   3.765137    370.000    6.38498 4.8834e+00     9.5469    34.7759  1028.5276    6.38480 0.0000e+00
       6105 171.475716     -1.103    371.495     9.6131   3.767862    369.000    6.38130 4.8835e+00     9.5708    34.7812  1028.5243    6.38121 0.0000e+00
       6113 171.475740     -0.777    370.491     9.6553   3.771327    368.000    6.37559 4.8834e+00     9.6129    34.7767  1028.5088    6.37545 0.0000e+00
       6129 171.475788     -0.367    369.074     9.7229   3.779171    367.000    6.36549 4.8832e+00     9.6805    34.7927  1028.5032    6.36528 0.0000e+00
       6133 171.475798     -0.852    368.359     9.7560   3.784815    366.000    6.35960 4.8832e+00     9.7136    34.8190  1028.5146    6.35955 0.0000e+00
       6136 171.475807     -1.151    367.672     9.8036   3.788896    365.000    6.35315 4.8833e+00     9.7613    34.8152  1028.5002    6.35302 0.0000e+00
       6154 171.475860     -0.321    366.045     9.8747   3.793755    364.000    6.34401 4.8834e+00     9.8323    34.7972  1028.4664    6.34380 0.0000e+00
       6158 171.475870     -0.998    365.335     9.8694   3.793577    363.000    6.34454 4.8834e+00     9.8271    34.8009  1028.4670    6.34440 0.0000e+00
       6160 171.475878     -1.314    364.639     9.8751   3.795311    362.000    6.34321 4.8834e+00     9.8329    34.8134  1028.4726    6.34309 0.0000e+00
       6176 171.475924     -0.420    363.284     9.9471   3.802505    361.000    6.33296 4.8834e+00     9.9048    34.8183  1028.4575    6.33284 0.0000e+00
       6185 171.475949     -0.773    362.373     9.9633   3.803742    360.000    6.33077 4.8834e+00     9.9211    34.8158  1028.4486    6.33069 0.0000e+00
       6194 171.475974     -0.482    361.280     9.9756   3.804715    359.000    6.32912 4.8834e+00     9.9334    34.8144  1028.4405    6.32904 0.0000e+00
