jupyter/NEMEA/teste_rotina/cnvs/uMCTV010.cnv
* Sea-Bird SBE 9 Data File:
* FileName = D:\ACEX\brutos\MCTV010.hex
* Software Version Seasave V 7.17
* Temperature SN = 4821
* Conductivity SN = 3367
* Number of Bytes Per Scan = 21
* Number of Voltage Words = 3
* Number of Scans Averaged by the Deck Unit = 1
** H38 
** NHo Cruzeiro do Sul 
** 222 
** MCTV ACEx 
**   010
**   27 00.43 S
**   046 37.69 W
**   14/06/2012 13:51Z
**   309
** 9P46375-0882 
**   1T Oliveira Santos
# nquan = 16
# nvalues = 273                         
# units = specified
# name 0 = scan: Scan Count
# name 1 = timeJ: Julian Days
# name 2 = dz/dtM: Descent Rate [m/s]
# name 3 = prDM: Pressure, Digiquartz [db]
# name 4 = t090C: Temperature [ITS-90, deg C]
# name 5 = c0S/m: Conductivity [S/m]
# name 6 = sbeox0V: Oxygen Voltage, SBE 43
# name 7 = depSM: Depth [salt water, m]
# name 8 = flSP: Fluorescence, Seapoint
# name 9 = potemp090C: Potential Temperature [ITS-90, deg C]
# name 10 = sal00: Salinity [PSU]
# name 11 = density00: Density [density, Kg/m^3]
# name 12 = sigma-é00: Density [sigma-theta, Kg/m^3]
# name 13 = sbeox0ML/L: Oxygen, SBE 43 [ml/l], WS = 2
# name 14 = nbin: number of scans per bin
# name 15 = flag: flag
# span 0 =      21848,      44100       
# span 1 = 166.463823, 166.474554       
# span 2 =     -1.149,     -0.155       
# span 3 =      1.012,    275.021       
# span 4 =    13.6763,    23.0653       
# span 5 =   4.253399,   5.396145       
# span 6 =     2.4831,     3.4850       
# span 7 =      1.000,    273.000       
# span 8 = 3.9741e-02, 4.6169e-01       
# span 9 =    13.6371,    23.0533       
# span 10 =    35.7428,    37.2280      
# span 11 =  1025.4399,  1028.0421      
# span 12 =    25.4356,    26.8377      
# span 13 =    3.46342,    4.46392      
# span 14 =         12,         69      
# span 15 = 0.0000e+00, 0.0000e+00      
# interval = meters: 1                  
# start_time = Jun 14 2012 10:52:44
# bad_flag = -9.990e-29
*END*
[from data line 181]
      38252 166.471734     -0.758     92.624    19.8392   4.994661     3.1669     92.000 1.8209e-01    19.8221    36.7751  1026.5627    26.1638    4.19879         32 0.0000e+00
      38287 166.471751     -0.701     91.617    19.8779   4.999705     3.1712     91.000 1.6955e-01    19.8609    36.7834  1026.5543    26.1598    4.20247         38 0.0000e+00
      38326 166.471769     -0.635     90.610    19.9282   5.006074     3.1753     90.000 1.7847e-01    19.9113    36.7923  1026.5433    26.1532    4.20485         41 0.0000e+00
      38372 166.471791     -0.519     89.601    19.9912   5.014134     3.1823     89.000 1.8494e-01    19.9745    36.8041  1026.5311    26.1454    4.21113         43 0.0000e+00
      38412 166.471811     -0.581     88.595    20.0762   5.025028     3.1856     88.000 1.8151e-01    20.0596    36.8199  1026.5160    26.1348    4.20950         34 0.0000e+00
      38442 166.471826     -0.750     87.588    20.0989   5.027618     3.1874     87.000 1.8005e-01    20.0825    36.8217  1026.5069    26.1301    4.21020         28 0.0000e+00
      38472 166.471840     -0.813     86.585    20.1148   5.029724     3.1921     86.000 1.7870e-01    20.0986    36.8255  1026.5012    26.1287    4.21641         33 0.0000e+00
      38512 166.471859     -0.650     85.578    20.1265   5.031111     3.1956     85.000 1.9161e-01    20.1105    36.8271  1026.4949    26.1267    4.22075         45 0.0000e+00
      38562 166.471883     -0.462     84.565    20.1438   5.033286     3.1921     84.000 1.8768e-01    20.1280    36.8302  1026.4882    26.1244    4.21286         48 0.0000e+00
      38607 166.471905     -0.541     83.561    20.1655   5.035874     3.1960     83.000 2.1485e-01    20.1498    36.8329  1026.4801    26.1206    4.21733         43 0.0000e+00
      38652 166.471927     -0.519     82.555    20.1827   5.038252     3.1986     82.000 1.9413e-01    20.1672    36.8379  1026.4749    26.1197    4.21964         40 0.0000e+00
      38685 166.471943     -0.705     81.543    20.2375   5.045274     3.1963     81.000 2.0144e-01    20.2222    36.8480  1026.4635    26.1128    4.21088         28 0.0000e+00
      38715 166.471957     -0.797     80.544    20.2540   5.047184     3.1985     80.000 2.0600e-01    20.2388    36.8497  1026.4560    26.1096    4.21281         29 0.0000e+00
      38748 166.471973     -0.760     79.536    20.2983   5.053573     3.2065     79.000 1.9181e-01    20.2833    36.8638  1026.4504    26.1084    4.22207         36 0.0000e+00
      38796 166.471996     -0.499     78.527    20.3679   5.062160     3.2145     78.000 2.0215e-01    20.3531    36.8738  1026.4348    26.0973    4.22948         54 0.0000e+00
      38840 166.472017     -0.531     77.518    20.5040   5.081564     3.2230     77.000 2.1918e-01    20.4893    36.9142  1026.4243    26.0913    4.23203         32 0.0000e+00
      38869 166.472031     -0.790     76.511    20.6223   5.095590     3.2273     76.000 2.0151e-01    20.6077    36.9261  1026.3968    26.0682    4.22972         26 0.0000e+00
      38903 166.472048     -0.755     75.512    20.6538   5.099529     3.2312     75.000 2.1364e-01    20.6394    36.9311  1026.3877    26.0634    4.23321         46 0.0000e+00
      38966 166.472078     -0.341     74.493    20.7230   5.108859     3.2393     74.000 2.2053e-01    20.7088    36.9472  1026.3767    26.0569    4.24055         52 0.0000e+00
      39009 166.472099     -0.569     73.487    20.8636   5.125864     3.2438     73.000 2.2076e-01    20.8495    36.9636  1026.3463    26.0309    4.23673         29 0.0000e+00
      39039 166.472113     -0.744     72.492    20.8891   5.129110     3.2440     72.000 2.2822e-01    20.8751    36.9682  1026.3384    26.0274    4.23452         31 0.0000e+00
      39070 166.472128     -0.808     71.478    20.9400   5.136734     3.2489     71.000 2.2179e-01    20.9263    36.9860  1026.3336    26.0270    4.23793         31 0.0000e+00
      39723 166.472443     -0.578     70.474    21.2779   5.175029     3.2684     70.000 2.5082e-01    21.2642    37.0029  1026.2486    25.9467    4.24427         36 0.0000e+00
      40067 166.472609     -0.726     69.468    21.3832   5.188566     3.2800     69.000 2.4565e-01    21.3696    37.0212  1026.2289    25.9314    4.25476         30 0.0000e+00
      40110 166.472630     -0.629     68.460    21.3991   5.190118     3.2855     68.000 2.7833e-01    21.3857    37.0204  1026.2195    25.9263    4.26203         50 0.0000e+00
      40156 166.472652     -0.501     67.447    21.5206   5.206189     3.2994     67.000 2.5480e-01    21.5074    37.0447  1026.1996    25.9108    4.27474         38 0.0000e+00
      40193 166.472670     -0.653     66.444    21.7838   5.237563     3.3188     66.000 2.6126e-01    21.7706    37.0692  1026.1399    25.8558    4.28615         37 0.0000e+00
      40235 166.472690     -0.582     65.436    21.9858   5.262865     3.3369     65.000 2.6274e-01    21.9727    37.0973  1026.0998    25.8201    4.29948         42 0.0000e+00
      40273 166.472708     -0.615     64.429    22.1365   5.282407     3.3464     64.000 2.6554e-01    22.1236    37.1233  1026.0723    25.7972    4.30265         34 0.0000e+00
      40306 166.472724     -0.722     63.421    22.3125   5.304499     3.3593     63.000 2.4460e-01    22.2997    37.1476  1026.0361    25.7654    4.30958         34 0.0000e+00
      40340 166.472741     -0.715     62.419    22.4755   5.325659     3.3743     62.000 2.6903e-01    22.4628    37.1754  1026.0061    25.7398    4.32051         33 0.0000e+00
      40389 166.472764     -0.518     61.411    22.5763   5.336750     3.3762     61.000 2.7963e-01    22.5639    37.1769  1025.9738    25.7119    4.31569         57 0.0000e+00
      40453 166.472795     -0.363     60.399    22.6764   5.350102     3.3896     60.000 2.7673e-01    22.6641    37.1966  1025.9554    25.6979    4.32885         42 0.0000e+00
      40488 166.472812     -0.653     59.396    22.9903   5.388244     3.4039     59.000 2.9336e-01    22.9780    37.2280  1025.8839    25.6309    4.32744         33 0.0000e+00
      40525 166.472830     -0.672     58.391    23.0653   5.396145     3.4101     58.000 3.2783e-01    23.0533    37.2262  1025.8562    25.6076    4.33150         41 0.0000e+00
      40575 166.472854     -0.474     57.382    23.0644   5.394801     3.4131     57.000 3.6059e-01    23.0525    37.2169  1025.8451    25.6008    4.33595         51 0.0000e+00
      40621 166.472876     -0.522     56.373    23.0605   5.393305     3.4175     56.000 3.4219e-01    23.0488    37.2089  1025.8358    25.5958    4.34290         39 0.0000e+00
      40657 166.472894     -0.650     55.365    23.0510   5.390855     3.4177     55.000 3.4983e-01    23.0396    37.1982  1025.8261    25.5904    4.34358         33 0.0000e+00
      40688 166.472909     -0.754     54.359    23.0336   5.387341     3.4184     54.000 3.6649e-01    23.0224    37.1859  1025.8175    25.5860    4.34558         30 0.0000e+00
      40717 166.472922     -0.829     53.356    23.0179   5.384039     3.4240     53.000 3.5972e-01    23.0069    37.1739  1025.8087    25.5814    4.35543         27 0.0000e+00
      40747 166.472937     -0.815     52.353    23.0184   5.382468     3.4308     52.000 3.8037e-01    23.0076    37.1617  1025.7949    25.5719    4.36598         34 0.0000e+00
      40801 166.472963     -0.485     51.344    23.0202   5.382267     3.4354     51.000 4.0247e-01    23.0096    37.1589  1025.7879    25.5692    4.37271         54 0.0000e+00
      41394 166.473249     -0.227     50.334    23.0283   5.381909     3.4423     50.000 4.1328e-01    23.0179    37.1496  1025.7742    25.5598    4.38277         69 0.0000e+00
      41506 166.473303     -0.413     49.324    23.0299   5.382035     3.4427     49.000 4.0822e-01    23.0197    37.1496  1025.7693    25.5592    4.38278         47 0.0000e+00
      41540 166.473319     -0.618     48.321    23.0325   5.382264     3.4455     48.000 4.1183e-01    23.0226    37.1495  1025.7641    25.5583    4.38638         36 0.0000e+00
      41583 166.473340     -0.574     47.315    23.0339   5.382377     3.4481     47.000 4.6169e-01    23.0242    37.1495  1025.7594    25.5579    4.38986         53 0.0000e+00
      41652 166.473373     -0.308     46.304    23.0326   5.382132     3.4450     46.000 4.2119e-01    23.0230    37.1491  1025.7551    25.5579    4.38444         61 0.0000e+00
      41694 166.473394     -0.559     45.291    23.0332   5.382112     3.4484     45.000 3.9809e-01    23.0239    37.1488  1025.7503    25.5574    4.38928         27 0.0000e+00
      41716 166.473404     -0.890     44.291    23.0334   5.382063     3.4509     44.000 3.7754e-01    23.0243    37.1486  1025.7458    25.5571    4.39259         20 0.0000e+00
      41737 166.473414     -1.115     43.288    23.0335   5.381956     3.4523     43.000 3.8631e-01    23.0246    37.1480  1025.7410    25.5566    4.39427         21 0.0000e+00
      41759 166.473425     -1.149     42.288    23.0338   5.381872     3.4521     42.000 4.0779e-01    23.0250    37.1475  1025.7362    25.5561    4.39335         25 0.0000e+00
      41808 166.473448     -0.616     41.275    23.0287   5.380869     3.4530     41.000 3.9985e-01    23.0202    37.1443  1025.7309    25.5551    4.39467         42 0.0000e+00
      41877 166.473482     -0.369     40.260    23.0236   5.379847     3.4505     40.000 3.4835e-01    23.0153    37.1411  1025.7255    25.5540    4.39053         35 0.0000e+00
      41905 166.473495     -0.750     39.258    23.0200   5.379210     3.4575     39.000 3.6051e-01    23.0119    37.1395  1025.7211    25.5538    4.40137         25 0.0000e+00
      41931 166.473508     -0.918     38.255    23.0204   5.379252     3.4536     38.000 3.6325e-01    23.0125    37.1399  1025.7169    25.5540    4.39457         29 0.0000e+00
      41963 166.473523     -0.808     37.248    23.0189   5.379009     3.4520     37.000 3.6205e-01    23.0113    37.1395  1025.7127    25.5540    4.39157         35 0.0000e+00
      42002 166.473542     -0.622     36.239    23.0134   5.377998     3.4562     36.000 3.7819e-01    23.0059    37.1368  1025.7079    25.5535    4.39803         42 0.0000e+00
      42043 166.473562     -0.585     35.231    23.0036   5.376153     3.4524     35.000 3.5925e-01    22.9964    37.1310  1025.7020    25.5519    4.39237         40 0.0000e+00
      42080 166.473580     -0.645     34.223    23.0004   5.375581     3.4539     34.000 3.3751e-01    22.9934    37.1296  1025.6975    25.5517    4.39436         31 0.0000e+00
      42110 166.473594     -0.764     33.221    22.9934   5.374253     3.4514     33.000 3.3928e-01    22.9865    37.1256  1025.6922    25.5507    4.39047         32 0.0000e+00
      42146 166.473612     -0.708     32.215    22.9816   5.372431     3.4544     32.000 3.5088e-01    22.9750    37.1217  1025.6883    25.5510    4.39560         43 0.0000e+00
      42201 166.473638     -0.417     31.203    22.9799   5.372105     3.4547     31.000 2.9942e-01    22.9735    37.1209  1025.6839    25.5509    4.39557         56 0.0000e+00
      42242 166.473658     -0.555     30.195    22.9734   5.370964     3.4508     30.000 3.1394e-01    22.9672    37.1179  1025.6791    25.5504    4.38928         29 0.0000e+00
      42268 166.473670     -0.829     29.188    22.9708   5.370490     3.4525     29.000 3.2463e-01    22.9648    37.1168  1025.6747    25.5503    4.39163         23 0.0000e+00
      42291 166.473681     -1.008     28.189    22.9691   5.370164     3.4548     28.000 3.0800e-01    22.9633    37.1160  1025.6703    25.5502    4.39493         25 0.0000e+00
      42318 166.473694     -0.978     27.184    22.9678   5.369935     3.4595     27.000 3.1299e-01    22.9623    37.1157  1025.6660    25.5502    4.40188         31 0.0000e+00
      42358 166.473714     -0.623     26.172    22.9677   5.369909     3.4573     26.000 2.9824e-01    22.9623    37.1159  1025.6619    25.5504    4.39780         46 0.0000e+00
      42403 166.473736     -0.537     25.167    22.9651   5.369395     3.4614     25.000 2.9199e-01    22.9599    37.1145  1025.6572    25.5500    4.40390         42 0.0000e+00
      42447 166.473757     -0.551     24.156    22.9600   5.368444     3.4594     24.000 2.6584e-01    22.9551    37.1118  1025.6522    25.5493    4.40060         42 0.0000e+00
      42485 166.473775     -0.628     23.152    22.9415   5.365147     3.4610     23.000 2.6067e-01    22.9367    37.1021  1025.6460    25.5473    4.40420         36 0.0000e+00
      42526 166.473795     -0.605     22.148    22.9364   5.364425     3.4612     22.000 2.4808e-01    22.9319    37.1011  1025.6424    25.5480    4.40440         47 0.0000e+00
      43008 166.474027     -0.297     21.140    22.9350   5.364065     3.4634     21.000 2.4506e-01    22.9307    37.0998  1025.6374    25.5474    4.40742         53 0.0000e+00
      43310 166.474173     -0.423     20.131    22.9295   5.363133     3.4611     20.000 2.5721e-01    22.9254    37.0976  1025.6330    25.5472    4.40361         55 0.0000e+00
      43354 166.474194     -0.499     19.125    22.9273   5.362708     3.4680     19.000 2.2608e-01    22.9233    37.0966  1025.6285    25.5470    4.41411         45 0.0000e+00
      43397 166.474215     -0.554     18.118    22.9242   5.362182     3.4641     18.000 2.2943e-01    22.9205    37.0954  1025.6241    25.5469    4.40769         42 0.0000e+00
      43436 166.474234     -0.614     17.111    22.9173   5.360846     3.4679     17.000 2.0581e-01    22.9137    37.0912  1025.6187    25.5457    4.41374         34 0.0000e+00
      43474 166.474252     -0.646     16.109    22.9030   5.358379     3.4659     16.000 2.0519e-01    22.8997    37.0844  1025.6133    25.5446    4.41112         46 0.0000e+00
      43527 166.474278     -0.431     15.098    22.8904   5.356137     3.4683     15.000 1.8519e-01    22.8873    37.0779  1025.6077    25.5433    4.41543         52 0.0000e+00
      43576 166.474301     -0.499     14.092    22.8676   5.352065     3.4734     14.000 1.7604e-01    22.8647    37.0659  1025.6008    25.5407    4.42500         49 0.0000e+00
      43623 166.474324     -0.517     13.085    22.8418   5.347399     3.4762     13.000 1.6735e-01    22.8391    37.0516  1025.5931    25.5373    4.43124         46 0.0000e+00
      43668 166.474346     -0.534     12.077    22.7945   5.338298     3.4761     12.000 1.5941e-01    22.7920    37.0209  1025.5791    25.5276    4.43476         40 0.0000e+00
      43706 166.474364     -0.607     11.072    22.7530   5.329416     3.4750     11.000 1.5503e-01    22.7508    36.9870  1025.5610    25.5138    4.43642         35 0.0000e+00
      43737 166.474379     -0.757     10.066    22.6741   5.313440     3.4698     10.000 1.5498e-01    22.6721    36.9291  1025.5354    25.4925    4.43490         28 0.0000e+00
      43767 166.474393     -0.814      9.062    22.6204   5.301672     3.4693      9.000 1.4467e-01    22.6186    36.8827  1025.5113    25.4726    4.43861         31 0.0000e+00
      43805 166.474412     -0.668      8.054    22.5868   5.293687     3.4731      8.000 1.3648e-01    22.5852    36.8489  1025.4910    25.4566    4.44762         43 0.0000e+00
      43848 166.474433     -0.547      7.045    22.5840   5.291566     3.4716      7.000 1.3265e-01    22.5826    36.8349  1025.4768    25.4467    4.44512         42 0.0000e+00
      43887 166.474451     -0.620      6.040    22.5990   5.293100     3.4755      6.000 1.2397e-01    22.5978    36.8346  1025.4679    25.4421    4.44964         38 0.0000e+00
      43929 166.474471     -0.584      5.032    22.6003   5.293419     3.4797      5.000 1.2026e-01    22.5992    36.8365  1025.4646    25.4431    4.45558         43 0.0000e+00
      43965 166.474489     -0.613      4.023    22.5976   5.292476     3.4850      4.000 1.2185e-01    22.5968    36.8317  1025.4573    25.4402    4.46392         26 0.0000e+00
      43990 166.474501     -0.872      3.023    22.5972   5.292266     3.4833      3.000 1.1678e-01    22.5966    36.8307  1025.4524    25.4395    4.46058         24 0.0000e+00
