jupyter/NEMEA/teste_rotina/cnvs/uMCTV027.cnv
* Sea-Bird SBE 19plus V2 Data File:
* FileName = D:\ACEX_ctd\brutos\MCTV027.hex
* Software Version Seasave V 7.17
* Temperature SN = 6161
* Conductivity SN = 6161
* System UpLoad Time = Jun 19 2012 15:36:45
** H38 
** NHo Cruzeiro do Sul 
** 222 
** MCT V 
**   027
**   33 44.55S
**   051 24.92W
**   19/06/2012 15:40 Z
**   360
** 9P46375-0882 
**   1T Germano Filho
# nquan = 14
# nvalues = 241                         
# units = specified
# name 0 = scan: Scan Count
# name 1 = timeJ: Julian Days
# name 2 = dz/dtM: Descent Rate [m/s]
# name 3 = prdM: Pressure, Strain Gauge [db]
# name 4 = tv290C: Temperature [ITS-90, deg C]
# name 5 = c0S/m: Conductivity [S/m]
# name 6 = depSM: Depth [salt water, m]
# name 7 = oxsatML/L: Oxygen Saturation [ml/l]
# name 8 = flSP: Fluorescence, Seapoint
# name 9 = potemp090C: Potential Temperature [ITS-90, deg C]
# name 10 = sal00: Salinity [PSU]
# name 11 = density00: Density [density, Kg/m^3]
# name 12 = oxsatML/L: Oxygen Saturation [ml/l]
# name 13 = flag: flag
# span 0 =       1751,       3705       
# span 1 = 171.655585, 171.661238       
# span 2 =     -1.451,     -0.071       
# span 3 =      3.278,    244.429       
# span 4 =    14.6243,    20.1769       
# span 5 =   4.317334,   4.977834       
# span 6 =      3.000,    243.000       
# span 7 =    5.10735,    5.71430       
# span 8 = 5.3992e-02, 8.9497e-01       
# span 9 =    14.5878,    20.1662       
# span 10 =    35.4746,    36.3767      
# span 11 =  1025.6888,  1027.5030      
# span 12 =    5.10731,    5.71437      
# span 13 = 0.0000e+00, 0.0000e+00      
# interval = meters: 1                  
# start_time = Jun 19 2012 15:36:45
# bad_flag = -9.990e-29
*END*
[from data line 104]
       2664 171.658225     -0.656    139.943    16.8624   4.575050    139.000    5.45513 6.6925e-02    16.8393    35.8131  1026.7870    5.45510 0.0000e+00
       2677 171.658264     -0.488    138.752    16.8765   4.576663    138.000    5.45356 7.0419e-02    16.8537    35.8151  1026.7799    5.45353 0.0000e+00
       2684 171.658284     -0.583    137.776    16.8834   4.577470    137.000    5.45278 7.1791e-02    16.8607    35.8164  1026.7750    5.45276 0.0000e+00
       2690 171.658301     -0.653    136.877    16.8869   4.577643    136.000    5.45245 7.1352e-02    16.8644    35.8152  1026.7693    5.45243 0.0000e+00
       2700 171.658332     -0.360    135.794    16.8883   4.577751    135.000    5.45229 6.9312e-02    16.8659    35.8153  1026.7643    5.45228 0.0000e+00
       2712 171.658365     -0.373    134.641    16.8912   4.578045    134.000    5.45197 7.1403e-02    16.8690    35.8158  1026.7588    5.45195 0.0000e+00
       2717 171.658379     -0.735    133.901    16.8925   4.578194    133.000    5.45181 6.9417e-02    16.8704    35.8162  1026.7557    5.45181 0.0000e+00
       2728 171.658413     -0.263    132.707    16.8993   4.579124    132.000    5.45101 7.0659e-02    16.8774    35.8188  1026.7507    5.45100 0.0000e+00
       2736 171.658436     -0.557    131.778    16.9085   4.580218    131.000    5.44998 7.1377e-02    16.8868    35.8205  1026.7458    5.44996 0.0000e+00
       2744 171.658459     -0.516    130.778    16.9177   4.581624    130.000    5.44886 7.2553e-02    16.8961    35.8251  1026.7427    5.44885 0.0000e+00
       2753 171.658485     -0.448    129.719    16.9452   4.585005    129.000    5.44578 7.3736e-02    16.9237    35.8307  1026.7357    5.44576 0.0000e+00
       2760 171.658505     -0.567    128.816    16.9591   4.586334    128.000    5.44433 7.6226e-02    16.9377    35.8303  1026.7281    5.44430 0.0000e+00
       2774 171.658543     -0.253    127.658    16.9799   4.588742    127.000    5.44204 7.1323e-02    16.9588    35.8332  1026.7202    5.44200 0.0000e+00
       2782 171.658568     -0.602    126.715    16.9950   4.591201    126.000    5.44016 7.2455e-02    16.9740    35.8417  1026.7190    5.44013 0.0000e+00
       2788 171.658586     -0.661    125.756    17.0171   4.593493    125.000    5.43781 7.4126e-02    16.9963    35.8425  1026.7100    5.43777 0.0000e+00
       2796 171.658607     -0.531    124.711    17.0274   4.594377    124.000    5.43677 7.5951e-02    17.0067    35.8415  1026.7021    5.43672 0.0000e+00
       2807 171.658639     -0.353    123.663    17.0939   4.603831    123.000    5.42903 7.4937e-02    17.0733    35.8653  1026.6998    5.42895 0.0000e+00
       2819 171.658675     -0.473    122.474    17.1939   4.618980    122.000    5.41711 7.7547e-02    17.1734    35.9091  1026.7039    5.41702 0.0000e+00
       2822 171.658682     -1.010    121.820    17.2530   4.626843    121.000    5.41046 7.7733e-02    17.2326    35.9252  1026.6990    5.41031 0.0000e+00
       2829 171.658703     -0.874    120.897    17.3702   4.640876    120.000    5.39766 7.9621e-02    17.3499    35.9434  1026.6804    5.39751 0.0000e+00
       2848 171.658758     -0.196    119.372    17.5122   4.653636    119.000    5.38344 8.7895e-02    17.4920    35.9288  1026.6277    5.38324 0.0000e+00
       2851 171.658767     -0.724    118.595    17.5219   4.656845    118.000    5.38172 8.5631e-02    17.5018    35.9483  1026.6369    5.38162 0.0000e+00
       2855 171.658778     -1.052    117.858    17.5475   4.658781    117.000    5.37929 8.4113e-02    17.5276    35.9426  1026.6230    5.37914 0.0000e+00
       2865 171.658809     -0.621    116.761    17.5739   4.661197    116.000    5.37662 8.4276e-02    17.5541    35.9405  1026.6101    5.37648 0.0000e+00
       2881 171.658853     -0.440    115.468    17.6005   4.665818    115.000    5.37331 8.8861e-02    17.5809    35.9575  1026.6109    5.37319 0.0000e+00
       2885 171.658866     -0.799    114.650    17.6539   4.675143    114.000    5.36670 8.9151e-02    17.6344    35.9910  1026.6198    5.36661 0.0000e+00
       2889 171.658878     -0.989    113.864    17.7325   4.684501    113.000    5.35828 8.9401e-02    17.7130    36.0026  1026.6058    5.35817 0.0000e+00
       2902 171.658914     -0.361    112.647    17.8705   4.698207    112.000    5.34432 9.2830e-02    17.8511    35.9990  1026.5636    5.34416 0.0000e+00
       2911 171.658942     -0.592    111.713    17.9009   4.700845    111.000    5.34132 9.2338e-02    17.8817    35.9952  1026.5490    5.34117 0.0000e+00
       2923 171.658977     -0.266    110.450    17.9246   4.702795    110.000    5.33898 9.2940e-02    17.9056    35.9915  1026.5347    5.33887 0.0000e+00
       2929 171.658992     -0.652    109.505    17.9214   4.701943    109.000    5.33943 9.4361e-02    17.9025    35.9874  1026.5283    5.33934 0.0000e+00
       2932 171.659001     -1.092    108.825    17.9204   4.701897    108.000    5.33949 9.2775e-02    17.9017    35.9881  1026.5260    5.33941 0.0000e+00
       2945 171.659038     -0.707    107.629    17.9318   4.703276    107.000    5.33824 9.1695e-02    17.9133    35.9904  1026.5197    5.33818 0.0000e+00
       2954 171.659065     -0.955    106.577    17.9400   4.704010    106.000    5.33740 9.2327e-02    17.9217    35.9898  1026.5126    5.33736 0.0000e+00
       2957 171.659075     -1.342    105.853    17.9437   4.705086    105.000    5.33686 9.2424e-02    17.9255    35.9961  1026.5133    5.33678 0.0000e+00
       2969 171.659108     -0.666    104.692    18.0649   4.723512    104.000    5.32295 9.8228e-02    18.0468    36.0476  1026.5174    5.32283 0.0000e+00
       2982 171.659147     -0.611    103.497    18.2073   4.739583    103.000    5.30813 1.0433e-01    18.1893    36.0600  1026.4860    5.30803 0.0000e+00
       2987 171.659162     -0.840    102.620    18.2652   4.746717    102.000    5.30205 1.0389e-01    18.2473    36.0704  1026.4755    5.30188 0.0000e+00
       2993 171.659177     -0.781    101.689    18.3580   4.758492    101.000    5.29209 1.0591e-01    18.3402    36.0895  1026.4626    5.29196 0.0000e+00
       3004 171.659210     -0.450    100.623    18.4203   4.762287    100.000    5.28657 1.0385e-01    18.4027    36.0674  1026.4252    5.28641 0.0000e+00
       3022 171.659263     -0.355     99.343    18.4253   4.761881     99.000    5.28623 1.0913e-01    18.4078    36.0601  1026.4128    5.28614 0.0000e+00
       3025 171.659272     -0.811     98.609    18.4304   4.764557     98.000    5.28517 1.0657e-01    18.4131    36.0786  1026.4225    5.28505 0.0000e+00
       3031 171.659289     -0.703     97.601    18.5796   4.787516     97.000    5.26830 1.0309e-01    18.5624    36.1429  1026.4293    5.26816 0.0000e+00
       3038 171.659309     -0.567     96.607    18.7785   4.808319     96.000    5.24859 9.9321e-02    18.7613    36.1450  1026.3758    5.24837 0.0000e+00
       3055 171.659357     -0.168     95.334    19.0180   4.833869     95.000    5.22495 9.1305e-02    19.0009    36.1513  1026.3134    5.22463 0.0000e+00
       3061 171.659375     -0.765     94.482    19.0561   4.839050     94.000    5.22080 9.5184e-02    19.0391    36.1619  1026.3080    5.22057 0.0000e+00
       3065 171.659385     -1.132     93.718    19.0725   4.841832     93.000    5.21893 9.5828e-02    19.0556    36.1712  1026.3075    5.21868 0.0000e+00
       3072 171.659406     -0.630     92.584    19.1428   4.851751     92.000    5.21134 1.0093e-01    19.1261    36.1935  1026.3014    5.21113 0.0000e+00
       3080 171.659430     -0.474     91.467    19.2401   4.865983     91.000    5.20080 1.0740e-01    19.2235    36.2284  1026.2978    5.20060 0.0000e+00
       3086 171.659447     -0.652     90.599    19.2938   4.871104     90.000    5.19573 1.0848e-01    19.2774    36.2247  1026.2772    5.19550 0.0000e+00
       3096 171.659475     -0.383     89.463    19.3651   4.881501     89.000    5.18800 1.1720e-01    19.3488    36.2499  1026.2729    5.18783 0.0000e+00
       3103 171.659498     -0.516     88.435    19.4171   4.886960     88.000    5.18299 1.2199e-01    19.4010    36.2505  1026.2553    5.18279 0.0000e+00
       3110 171.659516     -0.624     87.436    19.4469   4.892110     87.000    5.17955 1.2152e-01    19.4309    36.2679  1026.2564    5.17938 0.0000e+00
       3114 171.659529     -0.793     86.587    19.4982   4.900341     86.000    5.17390 1.2021e-01    19.4824    36.2921  1026.2577    5.17370 0.0000e+00
       3122 171.659551     -0.556     85.557    19.6252   4.916748     85.000    5.16089 1.2224e-01    19.6095    36.3184  1026.2400    5.16072 0.0000e+00
       3132 171.659582     -0.371     84.376    19.7375   4.929109     84.000    5.15004 1.2712e-01    19.7220    36.3239  1026.2093    5.14982 0.0000e+00
       3139 171.659599     -0.618     83.440    19.7613   4.931903     83.000    5.14766 1.2637e-01    19.7460    36.3267  1026.2011    5.14747 0.0000e+00
       3144 171.659616     -0.708     82.514    19.8120   4.939668     82.000    5.14219 1.2604e-01    19.7967    36.3474  1026.1994    5.14202 0.0000e+00
       3151 171.659636     -0.577     81.447    19.8712   4.946209     81.000    5.13648 1.2764e-01    19.8561    36.3505  1026.1815    5.13630 0.0000e+00
       3158 171.659655     -0.593     80.455    19.9215   4.952884     80.000    5.13134 1.2996e-01    19.9066    36.3624  1026.1729    5.13117 0.0000e+00
       3167 171.659683     -0.379     79.370    19.9666   4.956903     79.000    5.12723 1.2616e-01    19.9518    36.3570  1026.1520    5.12707 0.0000e+00
       3180 171.659718     -0.315     77.969    19.9863   4.959195     78.000    5.12527 1.3121e-01    19.9718    36.3593  1026.1424    5.12514 0.0000e+00
       3181 171.659722     -1.007     77.370    19.9913   4.960135     77.000    5.12467 1.3226e-01    19.9769    36.3630  1026.1413    5.12456 0.0000e+00
       3183 171.659729     -1.451     76.680    20.0006   4.961270     76.000    5.12371 1.3319e-01    19.9864    36.3645  1026.1369    5.12363 0.0000e+00
       3190 171.659748     -0.935     75.619    20.0308   4.964971     75.000    5.12074 1.3765e-01    20.0167    36.3692  1026.1279    5.12064 0.0000e+00
       3201 171.659780     -0.392     74.310    20.0613   4.968228     74.000    5.11783 1.4741e-01    20.0475    36.3702  1026.1147    5.11773 0.0000e+00
       3205 171.659793     -0.852     73.610    20.0734   4.970262     73.000    5.11647 1.4623e-01    20.0596    36.3767  1026.1135    5.11640 0.0000e+00
       3219 171.659833     -0.071     72.050    20.1050   4.973257     72.000    5.11356 1.5453e-01    20.0916    36.3746  1026.0966    5.11349 0.0000e+00
       3222 171.659842     -0.774     71.330    20.1004   4.972501     71.000    5.11403 1.6228e-01    20.0871    36.3726  1026.0931    5.11398 0.0000e+00
       3225 171.659851     -1.189     70.619    20.0987   4.971890     70.000    5.11429 1.6837e-01    20.0856    36.3693  1026.0880    5.11424 0.0000e+00
       3234 171.659875     -0.582     69.485    20.0941   4.970979     69.000    5.11480 1.6992e-01    20.0811    36.3662  1026.0820    5.11477 0.0000e+00
       3245 171.659908     -0.381     68.257    20.0883   4.969809     68.000    5.11546 1.7352e-01    20.0755    36.3621  1026.0750    5.11544 0.0000e+00
       3251 171.659925     -0.656     67.306    20.0842   4.969116     67.000    5.11589 1.7036e-01    20.0717    36.3602  1026.0706    5.11588 0.0000e+00
       3256 171.659939     -0.735     66.367    20.0828   4.968940     66.000    5.11602 1.6603e-01    20.0704    36.3604  1026.0670    5.11601 0.0000e+00
       3260 171.659952     -0.923     65.599    20.0850   4.969208     65.000    5.11579 1.5918e-01    20.0728    36.3609  1026.0635    5.11578 0.0000e+00
       3274 171.659990     -0.241     64.126    20.0925   4.969837     64.000    5.11511 1.5044e-01    20.0805    36.3602  1026.0544    5.11510 0.0000e+00
       3279 171.660005     -0.781     63.274    20.0953   4.970148     63.000    5.11483 1.6024e-01    20.0835    36.3606  1026.0503    5.11482 0.0000e+00
       3281 171.660012     -1.274     62.613    20.0977   4.970286     62.000    5.11463 1.5731e-01    20.0860    36.3600  1026.0463    5.11462 0.0000e+00
       3291 171.660040     -0.537     61.383    20.1100   4.971865     61.000    5.11339 1.5387e-01    20.0986    36.3627  1026.0398    5.11337 0.0000e+00
       3302 171.660072     -0.487     60.125    20.1176   4.972664     60.000    5.11267 1.7051e-01    20.1064    36.3632  1026.0326    5.11264 0.0000e+00
       3305 171.660080     -0.968     59.396    20.1239   4.974480     59.000    5.11178 1.7379e-01    20.1128    36.3730  1026.0352    5.11176 0.0000e+00
       3309 171.660094     -0.942     58.538    20.1534   4.977693     58.000    5.10896 1.8125e-01    20.1425    36.3742  1026.0245    5.10895 0.0000e+00
       3321 171.660127     -0.177     57.175    20.1769   4.977834     57.000    5.10735 2.0362e-01    20.1662    36.3556  1025.9981    5.10731 0.0000e+00
       3327 171.660144     -0.663     56.363    20.1697   4.976839     56.000    5.10806 2.0260e-01    20.1591    36.3540  1025.9953    5.10803 0.0000e+00
       3334 171.660166     -0.538     55.266    20.1551   4.974253     55.000    5.10966 1.9589e-01    20.1448    36.3456  1025.9880    5.10965 0.0000e+00
       3341 171.660184     -0.625     54.326    20.1483   4.971933     54.000    5.11068 2.0341e-01    20.1381    36.3328  1025.9760    5.11068 0.0000e+00
       3348 171.660205     -0.560     53.312    20.1324   4.968713     53.000    5.11254 2.1962e-01    20.1224    36.3205  1025.9664    5.11255 0.0000e+00
       3357 171.660232     -0.359     52.090    20.1219   4.966236     52.000    5.11383 2.4821e-01    20.1122    36.3096  1025.9556    5.11386 0.0000e+00
       3361 171.660242     -0.835     51.402    20.1094   4.962803     51.000    5.11554 2.5672e-01    20.0998    36.2925  1025.9429    5.11556 0.0000e+00
       3369 171.660266     -0.522     50.334    20.0731   4.956466     50.000    5.11956 3.1375e-01    20.0637    36.2720  1025.9323    5.11959 0.0000e+00
       3379 171.660295     -0.456     49.189    20.0437   4.951344     49.000    5.12283 3.8324e-01    20.0345    36.2556  1025.9227    5.12286 0.0000e+00
       3385 171.660313     -0.674     48.262    20.0333   4.949462     48.000    5.12399 4.2523e-01    20.0243    36.2494  1025.9167    5.12403 0.0000e+00
       3391 171.660331     -0.625     47.213    20.0256   4.948294     47.000    5.12477 4.7780e-01    20.0168    36.2469  1025.9122    5.12483 0.0000e+00
       3396 171.660345     -0.759     46.330    20.0158   4.943396     46.000    5.12665 4.8963e-01    20.0072    36.2153  1025.8868    5.12671 0.0000e+00
       3405 171.660370     -0.501     45.310    19.9176   4.926348     45.000    5.13764 5.6401e-01    19.9092    36.1598  1025.8661    5.13770 0.0000e+00
       3417 171.660404     -0.338     44.063    19.8182   4.912039     44.000    5.14798 7.0586e-01    19.8101    36.1278  1025.8626    5.14811 0.0000e+00
       3422 171.660418     -0.734     43.214    19.7928   4.907580     43.000    5.15087 7.2560e-01    19.7849    36.1131  1025.8544    5.15097 0.0000e+00
       3427 171.660433     -0.802     42.271    19.7759   4.905576     42.000    5.15253 7.6065e-01    19.7682    36.1114  1025.8535    5.15263 0.0000e+00
       3432 171.660449     -0.745     41.325    19.7702   4.905106     41.000    5.15304 7.9218e-01    19.7626    36.1128  1025.8519    5.15314 0.0000e+00
       3440 171.660472     -0.517     40.293    19.7676   4.904951     40.000    5.15327 8.2164e-01    19.7602    36.1142  1025.8492    5.15335 0.0000e+00
       3452 171.660505     -0.330     39.100    19.7664   4.905024     39.000    5.15335 8.6007e-01    19.7592    36.1163  1025.8459    5.15339 0.0000e+00
       3458 171.660525     -0.554     38.073    19.7668   4.904964     38.000    5.15333 8.4490e-01    19.7598    36.1157  1025.8409    5.15336 0.0000e+00
