jupyter/NEMEA/teste_rotina/cnvs/uMCTV003.cnv
* Sea-Bird SBE 9 Data File:
* FileName = D:\ACEX\brutos\MCTV003.hex
* Software Version Seasave V 7.17
* Temperature SN = 4821
* Conductivity SN = 3367
* Number of Bytes Per Scan = 21
* Number of Voltage Words = 3
* Number of Scans Averaged by the Deck Unit = 1
** H38 
** NHo Cruzeiro do Sul 
** 222 
** MCTV ACEx 
**   003
**   25 56.592 s
**   045 54.456 w
**   12/06/2012 18:51Z
**   277
** 9P46375-0882 
**   1T Oliveira Santos
# nquan = 16
# nvalues = 249                         
# units = specified
# name 0 = scan: Scan Count
# name 1 = timeJ: Julian Days
# name 2 = dz/dtM: Descent Rate [m/s]
# name 3 = prDM: Pressure, Digiquartz [db]
# name 4 = t090C: Temperature [ITS-90, deg C]
# name 5 = c0S/m: Conductivity [S/m]
# name 6 = sbeox0V: Oxygen Voltage, SBE 43
# name 7 = depSM: Depth [salt water, m]
# name 8 = flSP: Fluorescence, Seapoint
# name 9 = potemp090C: Potential Temperature [ITS-90, deg C]
# name 10 = sal00: Salinity [PSU]
# name 11 = density00: Density [density, Kg/m^3]
# name 12 = sigma-é00: Density [sigma-theta, Kg/m^3]
# name 13 = sbeox0ML/L: Oxygen, SBE 43 [ml/l], WS = 2
# name 14 = nbin: number of scans per bin
# name 15 = flag: flag
# span 0 =      19246,      38680       
# span 1 = 164.670508, 164.679880       
# span 2 =     -1.221,     -0.184       
# span 3 =      1.037,    250.786       
# span 4 =    11.4456,    21.8125       
# span 5 =   4.001761,   5.123122       
# span 6 =     2.6220,     3.5051       
# span 7 =      1.000,    249.000       
# span 8 = 4.8521e-02, 5.0199e-02       
# span 9 =    11.4136,    21.8062       
# span 10 =    35.4334,    36.3708      
# span 11 =  1025.0011,  1028.1553      
# span 12 =    24.9936,    27.0369      
# span 13 =    3.63031,    4.59714      
# span 14 =         18,         61      
# span 15 = 0.0000e+00, 0.0000e+00      
# interval = meters: 1                  
# start_time = Jun 12 2012 15:52:10
# bad_flag = -9.990e-29
*END*
      19246 164.670508     -0.343    250.786    11.4456   4.001761     2.7947    249.000 4.9038e-02    11.4136    35.4334  1028.1553    27.0369    4.31262         41 0.0000e+00
      19333 164.670550     -0.194    249.782    11.4610   4.003500     2.7960    248.000 4.8914e-02    11.4291    35.4364  1028.1502    27.0363    4.31321         31 0.0000e+00
      19422 164.670592     -0.362    248.765    11.4953   4.007407     2.8002    247.000 4.8913e-02    11.4635    35.4426  1028.1439    27.0347    4.31790         50 0.0000e+00
      19463 164.670612     -0.560    247.755    11.5117   4.009064     2.8033    246.000 4.9145e-02    11.4800    35.4437  1028.1371    27.0325    4.32236         33 0.0000e+00
      19494 164.670627     -0.749    246.752    11.5213   4.010141     2.8020    245.000 4.9210e-02    11.4898    35.4456  1028.1322    27.0322    4.31815         33 0.0000e+00
      19541 164.670650     -0.570    245.749    11.5361   4.011714     2.8015    244.000 4.9051e-02    11.5047    35.4474  1028.1263    27.0308    4.31518         39 0.0000e+00
      19619 164.670688     -0.326    244.732    11.5593   4.014340     2.8046    243.000 4.8996e-02    11.5279    35.4516  1028.1205    27.0297    4.31868         46 0.0000e+00
      19687 164.670721     -0.303    243.726    11.5641   4.014822     2.8072    242.000 4.8948e-02    11.5328    35.4522  1028.1156    27.0293    4.32308         45 0.0000e+00
      19741 164.670746     -0.544    242.716    11.5844   4.017130     2.8087    241.000 4.9134e-02    11.5532    35.4561  1028.1102    27.0284    4.32354         21 0.0000e+00
      19762 164.670757     -0.970    241.721    11.5952   4.018003     2.8099    240.000 4.8944e-02    11.5642    35.4547  1028.1026    27.0253    4.32453         24 0.0000e+00
      19803 164.670776     -0.716    240.710    11.5940   4.017781     2.8113    239.000 4.9017e-02    11.5631    35.4542  1028.0979    27.0251    4.32690         41 0.0000e+00
      19864 164.670806     -0.366    239.691    11.6052   4.019193     2.8150    238.000 4.9143e-02    11.5744    35.4578  1028.0940    27.0258    4.33294         37 0.0000e+00
      19893 164.670820     -0.740    238.687    11.6359   4.022381     2.8224    237.000 4.9157e-02    11.6052    35.4604  1028.0856    27.0220    4.34468         27 0.0000e+00
      19922 164.670834     -0.834    237.685    11.6492   4.023750     2.8303    236.000 4.9117e-02    11.6185    35.4616  1028.0795    27.0204    4.35892         31 0.0000e+00
      19956 164.670850     -0.731    236.673    11.6566   4.024535     2.8350    235.000 4.9211e-02    11.6261    35.4627  1028.0744    27.0198    4.36725         33 0.0000e+00
      19987 164.670865     -0.751    235.660    11.6761   4.026687     2.8393    234.000 4.8879e-02    11.6456    35.4657  1028.0685    27.0185    4.37371         27 0.0000e+00
      20011 164.670877     -0.915    234.662    11.6911   4.028421     2.8418    233.000 4.8984e-02    11.6608    35.4689  1028.0636    27.0181    4.37678         25 0.0000e+00
      20043 164.670892     -0.846    233.658    11.7101   4.030313     2.8451    232.000 4.9012e-02    11.6799    35.4698  1028.0561    27.0152    4.38111         42 0.0000e+00
      20119 164.670929     -0.280    232.639    11.7181   4.031324     2.8479    231.000 4.9123e-02    11.6880    35.4726  1028.0521    27.0158    4.38548         38 0.0000e+00
      20161 164.670949     -0.601    231.633    11.7414   4.033684     2.8476    230.000 4.9313e-02    11.7114    35.4739  1028.0442    27.0125    4.38208         34 0.0000e+00
      20201 164.670968     -0.611    230.631    11.7417   4.033660     2.8482    229.000 4.9440e-02    11.7119    35.4738  1028.0395    27.0123    4.38270         43 0.0000e+00
      20255 164.670994     -0.447    229.623    11.7407   4.033523     2.8512    228.000 4.9120e-02    11.7110    35.4739  1028.0353    27.0125    4.38841         61 0.0000e+00
      20311 164.671022     -0.437    228.613    11.7492   4.034411     2.8522    227.000 4.8989e-02    11.7196    35.4749  1028.0299    27.0117    4.38895         49 0.0000e+00
      20387 164.671058     -0.284    227.595    11.7537   4.034881     2.8502    226.000 4.9180e-02    11.7243    35.4757  1028.0251    27.0114    4.38385         35 0.0000e+00
      20422 164.671075     -0.636    226.599    11.7691   4.036497     2.8506    225.000 4.9123e-02    11.7397    35.4774  1028.0190    27.0098    4.38267         26 0.0000e+00
      20449 164.671088     -0.873    225.594    11.7833   4.038074     2.8512    224.000 4.9188e-02    11.7540    35.4798  1028.0136    27.0089    4.38206         28 0.0000e+00
      20509 164.671117     -0.457    224.583    11.7898   4.038775     2.8518    223.000 4.9121e-02    11.7606    35.4809  1028.0087    27.0085    4.38208         39 0.0000e+00
      20571 164.671147     -0.488    223.575    11.7971   4.039435     2.8529    222.000 4.9076e-02    11.7681    35.4808  1028.0027    27.0070    4.38292         36 0.0000e+00
      20611 164.671166     -0.601    222.569    11.8024   4.039950     2.8523    221.000 4.8976e-02    11.7735    35.4812  1027.9975    27.0064    4.38059         45 0.0000e+00
      20657 164.671188     -0.520    221.559    11.8067   4.040452     2.8537    220.000 4.9105e-02    11.7779    35.4826  1027.9932    27.0065    4.38242         42 0.0000e+00
      20699 164.671209     -0.573    220.553    11.8206   4.041956     2.8538    219.000 4.9028e-02    11.7919    35.4845  1027.9875    27.0054    4.38078         46 0.0000e+00
      20751 164.671234     -0.452    219.543    11.8247   4.042386     2.8542    218.000 4.9026e-02    11.7962    35.4852  1027.9827    27.0051    4.38064         46 0.0000e+00
      20792 164.671253     -0.577    218.536    11.8462   4.044735     2.8555    217.000 4.9227e-02    11.8178    35.4882  1027.9764    27.0034    4.38077         35 0.0000e+00
      20824 164.671269     -0.723    217.530    11.8517   4.045254     2.8548    216.000 4.9070e-02    11.8233    35.4886  1027.9711    27.0026    4.37820         32 0.0000e+00
      20862 164.671287     -0.660    216.522    11.8574   4.045853     2.8537    215.000 4.9108e-02    11.8292    35.4895  1027.9662    27.0022    4.37478         41 0.0000e+00
      20903 164.671307     -0.578    215.513    11.8656   4.046811     2.8539    214.000 4.9031e-02    11.8375    35.4915  1027.9616    27.0021    4.37371         38 0.0000e+00
      20940 164.671325     -0.667    214.510    11.8795   4.048227     2.8538    213.000 4.9251e-02    11.8516    35.4925  1027.9552    27.0002    4.37164         33 0.0000e+00
      20998 164.671353     -0.425    213.507    11.8845   4.048672     2.8571    212.000 4.9247e-02    11.8567    35.4925  1027.9498    26.9993    4.37744         42 0.0000e+00
      21064 164.671384     -0.416    212.487    11.8991   4.050545     2.8577    211.000 4.9058e-02    11.8714    35.4974  1027.9462    27.0003    4.37666         37 0.0000e+00
      21096 164.671400     -0.672    211.486    11.9276   4.053552     2.8599    210.000 4.9077e-02    11.9000    35.5002  1027.9383    26.9970    4.37775         36 0.0000e+00
      21132 164.671417     -0.681    210.476    11.9422   4.055060     2.8617    209.000 4.9301e-02    11.9147    35.5015  1027.9319    26.9952    4.37957         32 0.0000e+00
      21169 164.671435     -0.656    209.469    11.9630   4.057418     2.8628    208.000 4.9089e-02    11.9356    35.5051  1027.9262    26.9940    4.37913         39 0.0000e+00
      21210 164.671455     -0.608    208.464    11.9727   4.058444     2.8631    207.000 4.9149e-02    11.9454    35.5064  1027.9208    26.9931    4.37823         47 0.0000e+00
      21302 164.671499     -0.250    207.448    11.9950   4.061047     2.8646    206.000 4.9278e-02    11.9678    35.5111  1027.9155    26.9924    4.37856         33 0.0000e+00
      21343 164.671519     -0.628    206.439    12.0446   4.066519     2.8670    205.000 4.9379e-02    12.0174    35.5178  1027.9065    26.9881    4.37814         25 0.0000e+00
      21366 164.671530     -0.924    205.439    12.0789   4.070735     2.8681    204.000 4.9232e-02    12.0518    35.5267  1027.9022    26.9884    4.37652         22 0.0000e+00
      21389 164.671541     -1.047    204.434    12.1570   4.079244     2.8670    203.000 4.9247e-02    12.1300    35.5359  1027.8894    26.9804    4.36655         24 0.0000e+00
      21419 164.671556     -0.904    203.428    12.1550   4.078605     2.8648    202.000 4.9459e-02    12.1280    35.5320  1027.8824    26.9778    4.36182         37 0.0000e+00
      21467 164.671579     -0.502    202.415    12.2070   4.084662     2.8639    201.000 4.9391e-02    12.1801    35.5420  1027.8753    26.9755    4.35443         53 0.0000e+00
      21521 164.671605     -0.452    201.409    12.3236   4.098030     2.8606    200.000 4.9229e-02    12.2967    35.5616  1027.8628    26.9679    4.33628         57 0.0000e+00
      21582 164.671634     -0.383    200.398    12.3447   4.100076     2.8530    199.000 4.9233e-02    12.3179    35.5619  1027.8544    26.9641    4.31865         56 0.0000e+00
      21627 164.671656     -0.526    199.386    12.3831   4.104513     2.8510    198.000 4.9197e-02    12.3564    35.5690  1027.8477    26.9620    4.31044         34 0.0000e+00
      21653 164.671669     -0.794    198.380    12.3914   4.105372     2.8495    197.000 4.9059e-02    12.3648    35.5699  1027.8423    26.9611    4.30613         22 0.0000e+00
      21675 164.671679     -1.015    197.381    12.3966   4.105864     2.8492    196.000 4.8998e-02    12.3702    35.5701  1027.8369    26.9602    4.30444         23 0.0000e+00
      21702 164.671692     -1.010    196.378    12.3974   4.105876     2.8492    195.000 4.9133e-02    12.3710    35.5700  1027.8322    26.9599    4.30382         29 0.0000e+00
      21748 164.671714     -0.533    195.365    12.3976   4.105865     2.8471    194.000 4.9392e-02    12.3714    35.5701  1027.8277    26.9599    4.29912         52 0.0000e+00
      21790 164.671735     -0.564    194.354    12.4095   4.107239     2.8484    193.000 4.9087e-02    12.3835    35.5725  1027.8227    26.9594    4.29989         34 0.0000e+00
      21828 164.671753     -0.657    193.350    12.4150   4.107678     2.8492    192.000 4.8955e-02    12.3890    35.5721  1027.8168    26.9580    4.30045         43 0.0000e+00
      21882 164.671779     -0.421    192.339    12.4125   4.107373     2.8479    191.000 4.9164e-02    12.3867    35.5719  1027.8126    26.9583    4.29747         58 0.0000e+00
      21929 164.671802     -0.514    191.330    12.4248   4.108792     2.8486    190.000 4.9105e-02    12.3991    35.5744  1027.8076    26.9578    4.29712         32 0.0000e+00
      21959 164.671816     -0.758    190.327    12.4328   4.109608     2.8485    189.000 4.8921e-02    12.4072    35.5752  1027.8022    26.9569    4.29567         30 0.0000e+00
      21988 164.671830     -0.822    189.318    12.4507   4.111684     2.8472    188.000 4.9216e-02    12.4253    35.5787  1027.7968    26.9561    4.29088         29 0.0000e+00
      22016 164.671844     -0.834    188.305    12.4626   4.112881     2.8472    187.000 4.9110e-02    12.4373    35.5795  1027.7905    26.9543    4.28918         27 0.0000e+00
      22041 164.671856     -0.913    187.302    12.4671   4.113453     2.8468    186.000 4.9320e-02    12.4419    35.5812  1027.7865    26.9547    4.28735         23 0.0000e+00
      22067 164.671868     -0.972    186.303    12.4822   4.115051     2.8468    185.000 4.9313e-02    12.4571    35.5828  1027.7803    26.9530    4.28557         31 0.0000e+00
      22162 164.671914     -0.362    185.288    12.5063   4.118021     2.8479    184.000 4.9024e-02    12.4813    35.5892  1027.7758    26.9531    4.28489         51 0.0000e+00
      22223 164.671943     -0.554    184.282    12.5471   4.122491     2.8452    183.000 4.9202e-02    12.5222    35.5941  1027.7670    26.9489    4.27518         43 0.0000e+00
      22269 164.671966     -0.515    183.269    12.5495   4.122739     2.8441    182.000 4.8918e-02    12.5247    35.5947  1027.7625    26.9489    4.27221         37 0.0000e+00
      22300 164.671981     -0.698    182.268    12.5661   4.124600     2.8448    181.000 4.8976e-02    12.5415    35.5974  1027.7567    26.9476    4.27144         27 0.0000e+00
      22332 164.671996     -0.805    181.264    12.5957   4.127950     2.8429    180.000 4.8969e-02    12.5711    35.6022  1027.7500    26.9455    4.26450         38 0.0000e+00
      22826 164.672234     -0.317    180.251    12.6219   4.130979     2.8420    179.000 4.9097e-02    12.5974    35.6071  1027.7440    26.9440    4.25960         50 0.0000e+00
      23113 164.672373     -0.763    179.239    12.6386   4.132626     2.8427    178.000 4.8839e-02    12.6142    35.6076  1027.7365    26.9411    4.25897         21 0.0000e+00
      23133 164.672383     -1.021    178.240    12.6297   4.131310     2.8427    177.000 4.8788e-02    12.6056    35.6037  1027.7308    26.9398    4.25933         23 0.0000e+00
      23159 164.672395     -1.043    177.233    12.6294   4.131242     2.8415    176.000 4.9002e-02    12.6054    35.6038  1027.7265    26.9399    4.25635         29 0.0000e+00
      23202 164.672416     -0.605    176.224    12.6295   4.131174     2.8418    175.000 4.8996e-02    12.6056    35.6035  1027.7217    26.9396    4.25641         55 0.0000e+00
      23260 164.672444     -0.396    175.211    12.6327   4.131445     2.8419    174.000 4.8983e-02    12.6089    35.6035  1027.7166    26.9390    4.25569         51 0.0000e+00
      23309 164.672467     -0.498    174.208    12.6654   4.135083     2.8460    173.000 4.8932e-02    12.6417    35.6081  1027.7091    26.9361    4.26044         53 0.0000e+00
      23362 164.672493     -0.445    173.196    12.6755   4.136411     2.8488    172.000 4.9098e-02    12.6520    35.6118  1027.7053    26.9368    4.26441         44 0.0000e+00
      23397 164.672509     -0.640    172.193    12.7153   4.140848     2.8535    171.000 4.9014e-02    12.6919    35.6173  1027.6971    26.9332    4.26948         28 0.0000e+00
      23424 164.672523     -0.852    171.185    12.7501   4.144866     2.8564    170.000 4.8885e-02    12.7267    35.6235  1027.6904    26.9311    4.27157         26 0.0000e+00
      23453 164.672536     -0.870    170.182    12.7672   4.146711     2.8564    169.000 4.9243e-02    12.7440    35.6255  1027.6840    26.9292    4.26947         33 0.0000e+00
      23496 164.672557     -0.576    169.169    12.7727   4.147107     2.8567    168.000 4.9089e-02    12.7496    35.6246  1027.6776    26.9273    4.26900         48 0.0000e+00
      23538 164.672578     -0.559    168.163    12.7901   4.149166     2.8592    167.000 4.9043e-02    12.7671    35.6283  1027.6725    26.9267    4.27169         36 0.0000e+00
      23575 164.672595     -0.666    167.156    12.8039   4.150522     2.8612    166.000 4.8838e-02    12.7810    35.6289  1027.6657    26.9244    4.27390         38 0.0000e+00
      23632 164.672623     -0.384    166.145    12.8097   4.151186     2.8602    165.000 4.8866e-02    12.7869    35.6302  1027.6610    26.9242    4.27095         50 0.0000e+00
      23675 164.672644     -0.549    165.137    12.8320   4.153803     2.8606    164.000 4.8991e-02    12.8094    35.6347  1027.6554    26.9232    4.26907         25 0.0000e+00
      23701 164.672656     -0.878    164.137    12.8492   4.155641     2.8602    163.000 4.8936e-02    12.8267    35.6365  1027.6489    26.9211    4.26616         26 0.0000e+00
      23739 164.672675     -0.715    163.131    12.8537   4.156063     2.8595    162.000 4.9360e-02    12.8313    35.6367  1027.6437    26.9204    4.26372         38 0.0000e+00
      23816 164.672712     -0.322    162.118    12.8714   4.158040     2.8598    161.000 4.9034e-02    12.8491    35.6395  1027.6377    26.9189    4.26222         54 0.0000e+00
      23863 164.672734     -0.515    161.111    12.9076   4.162071     2.8601    160.000 4.9039e-02    12.8854    35.6444  1027.6296    26.9155    4.25892         43 0.0000e+00
