jupyter/NEMEA/teste_rotina/cnvs/uMCTV013.cnv
* Sea-Bird SBE 9 Data File:
* FileName = D:\ACEX\brutos\MCTV013.hex
* Software Version Seasave V 7.17
* Temperature SN = 4821
* Conductivity SN = 3367
* Number of Bytes Per Scan = 21
* Number of Voltage Words = 3
* Number of Scans Averaged by the Deck Unit = 1
** H38 
** NHo Cruzeiro do Sul 
** 222 
** MCTV ACEx 
**   013
**   29 30.186S
**   047 50.440W
**   13/06/2012 13:45Z
**   509
** 9P46375-0882 
**   PESQ. CATARINA CECILIO
# nquan = 16
# nvalues = 383                         
# units = specified
# name 0 = scan: Scan Count
# name 1 = timeJ: Julian Days
# name 2 = dz/dtM: Descent Rate [m/s]
# name 3 = prDM: Pressure, Digiquartz [db]
# name 4 = t090C: Temperature [ITS-90, deg C]
# name 5 = c0S/m: Conductivity [S/m]
# name 6 = sbeox0V: Oxygen Voltage, SBE 43
# name 7 = depSM: Depth [salt water, m]
# name 8 = flSP: Fluorescence, Seapoint
# name 9 = potemp090C: Potential Temperature [ITS-90, deg C]
# name 10 = sal00: Salinity [PSU]
# name 11 = density00: Density [density, Kg/m^3]
# name 12 = sigma-é00: Density [sigma-theta, Kg/m^3]
# name 13 = sbeox0ML/L: Oxygen, SBE 43 [ml/l], WS = 2
# name 14 = nbin: number of scans per bin
# name 15 = flag: flag
# span 0 =      21664,      39991       
# span 1 = 167.458410, 167.467248       
# span 2 =     -1.319,     -0.171       
# span 3 =      2.040,    386.885       
# span 4 =    12.1836,    20.7540       
# span 5 =   4.092202,   5.081629       
# span 6 =     2.3213,     3.4902       
# span 7 =      2.000,    384.000       
# span 8 = 4.6570e-02, 4.3643e-01       
# span 9 =    12.1319,    20.7536       
# span 10 =    35.5573,    36.7169      
# span 11 =  1025.8766,  1028.7134      
# span 12 =    25.8679,    26.9967      
# span 13 =    3.25792,    4.66854      
# span 14 =          7,         63      
# span 15 = 0.0000e+00, 0.0000e+00      
# interval = meters: 1                  
# start_time = Jun 15 2012 10:45:04
# bad_flag = -9.990e-29
*END*
[from data line 272]
      35733 167.465195     -0.665    113.145    17.9430   4.756535     3.2424    112.000 2.2033e-01    17.9234    36.4363  1026.8826    26.3917    4.49958         11 0.0000e+00
      35769 167.465212     -0.719    111.957    18.0413   4.769171     3.2538    111.000 2.2733e-01    18.0219    36.4575  1026.8690    26.3835    4.51042         19 0.0000e+00
      35790 167.465222     -0.973    111.005    18.1470   4.781509     3.2676    110.000 2.4236e-01    18.1277    36.4694  1026.8474    26.3662    4.52512         14 0.0000e+00
      35830 167.465241     -0.850    109.765    18.2343   4.791443     3.2841    109.000 2.5162e-01    18.2152    36.4771  1026.8258    26.3502    4.54596         30 0.0000e+00
      35903 167.465277     -0.227    108.778    18.2774   4.796325     3.3034    108.000 2.6959e-01    18.2584    36.4808  1026.8135    26.3422    4.57567         23 0.0000e+00
      35920 167.465285     -0.841    107.736    18.3145   4.801434     3.3106    107.000 2.5163e-01    18.2957    36.4918  1026.8080    26.3412    4.58422         17 0.0000e+00
      35937 167.465293     -1.245    106.736    18.3768   4.809619     3.3179    106.000 2.7672e-01    18.3581    36.5066  1026.7992    26.3369    4.59085         18 0.0000e+00
      35958 167.465303     -1.319    105.731    18.4656   4.819235     3.3190    105.000 3.1067e-01    18.4469    36.5100  1026.7748    26.3170    4.58467         23 0.0000e+00
      35985 167.465316     -0.928    104.860    18.4965   4.822552     3.3167    104.000 2.6573e-01    18.4780    36.5111  1026.7640    26.3100    4.57734         13 0.0000e+00
      36013 167.465330     -0.691    104.029    18.5295   4.826731     3.3187    103.000 3.2026e-01    18.5111    36.5177  1026.7570    26.3066    4.57752         16 0.0000e+00
      36043 167.465344     -0.882    102.873    18.5791   4.832762     3.3232    102.000 3.1413e-01    18.5609    36.5253  1026.7451    26.2999    4.58024         14 0.0000e+00
      36080 167.465362     -0.804    101.704    18.6366   4.839434     3.3359    101.000 3.1880e-01    18.6186    36.5314  1026.7299    26.2899    4.59676         25 0.0000e+00
      36109 167.465376     -0.775    100.701    18.6703   4.843976     3.3507    100.000 3.8294e-01    18.6525    36.5404  1026.7238    26.2881    4.61889         22 0.0000e+00
      36132 167.465387     -0.925     99.723    18.7294   4.851039     3.3618     99.000 3.6144e-01    18.7116    36.5483  1026.7105    26.2791    4.63248         16 0.0000e+00
      36153 167.465397     -1.084     98.714    18.8081   4.860251     3.3725     98.000 3.7975e-01    18.7905    36.5569  1026.6924    26.2655    4.64368         13 0.0000e+00
      36171 167.465406     -1.164     97.813    18.8564   4.866260     3.3747     97.000 4.1265e-01    18.8389    36.5652  1026.6824    26.2595    4.64264         15 0.0000e+00
      36201 167.465420     -1.027     96.673    18.9214   4.873757     3.3811     96.000 4.2857e-01    18.9041    36.5714  1026.6654    26.2475    4.64735         25 0.0000e+00
      36229 167.465434     -0.840     95.676    18.9812   4.880978     3.3902     95.000 4.0479e-01    18.9640    36.5799  1026.6521    26.2386    4.65723         24 0.0000e+00
      36253 167.465446     -0.962     94.648    19.0587   4.890461     3.3978     94.000 4.1317e-01    19.0416    36.5916  1026.6365    26.2276    4.66300         22 0.0000e+00
      36278 167.465458     -0.994     93.667    19.1859   4.905576     3.4048     93.000 3.9831e-01    19.1690    36.6067  1026.6107    26.2062    4.66329         21 0.0000e+00
      36318 167.465477     -0.653     92.636    19.3264   4.921216     3.4065     92.000 3.9790e-01    19.3096    36.6144  1026.5753    26.1755    4.65368         37 0.0000e+00
      36366 167.465500     -0.442     91.647    19.3497   4.923574     3.4120     91.000 4.3643e-01    19.3330    36.6140  1026.5646    26.1691    4.66064         29 0.0000e+00
      36387 167.465510     -0.817     90.636    19.4762   4.941447     3.4238     90.000 3.5664e-01    19.4597    36.6523  1026.5562    26.1653    4.66854         18 0.0000e+00
      36407 167.465520     -1.143     89.612    19.8298   4.979689     3.4325     89.000 3.9748e-01    19.8132    36.6605  1026.4647    26.0786    4.65327         17 0.0000e+00
      36432 167.465532     -1.087     88.641    20.0743   5.007165     3.4394     88.000 3.5233e-01    20.0578    36.6742  1026.4056    26.0241    4.64376         27 0.0000e+00
      36459 167.465545     -0.846     87.681    20.3579   5.039355     3.4462     87.000 3.0542e-01    20.3414    36.6923  1026.3389    25.9619    4.63094         14 0.0000e+00
      36478 167.465554     -0.912     86.851    20.4675   5.051585     3.4478     86.000 2.8002e-01    20.4510    36.6975  1026.3096    25.9364    4.62420          8 0.0000e+00
      36500 167.465565     -1.104     85.831    20.6236   5.068695     3.4478     85.000 2.7899e-01    20.6073    36.7022  1026.2663    25.8976    4.61064         16 0.0000e+00
      36547 167.465587     -0.666     84.587    20.6513   5.071293     3.4467     84.000 2.3744e-01    20.6352    36.6999  1026.2516    25.8883    4.60587         55 0.0000e+00
      36592 167.465609     -0.474     83.550    20.6579   5.071934     3.4471     83.000 2.2298e-01    20.6420    36.6998  1026.2452    25.8863    4.60540         23 0.0000e+00
      36612 167.465619     -0.885     82.584    20.6660   5.072785     3.4452     82.000 2.2254e-01    20.6502    36.7000  1026.2390    25.8843    4.60093         17 0.0000e+00
      36636 167.465630     -1.046     81.627    20.6702   5.073039     3.4424     81.000 2.2711e-01    20.6546    36.6988  1026.2328    25.8822    4.59541         20 0.0000e+00
      36667 167.465645     -0.824     80.624    20.6772   5.074088     3.4479     80.000 2.4368e-01    20.6619    36.7016  1026.2286    25.8824    4.60327         24 0.0000e+00
      36698 167.465660     -0.691     79.733    20.7040   5.077939     3.4550     79.000 2.4387e-01    20.6888    36.7101  1026.2239    25.8815    4.61228         16 0.0000e+00
      36729 167.465675     -0.748     78.749    20.7114   5.078631     3.4510     78.000 2.3686e-01    20.6964    36.7097  1026.2173    25.8791    4.60445         20 0.0000e+00
      36758 167.465689     -0.765     77.794    20.7176   5.079432     3.4520     77.000 2.3004e-01    20.7028    36.7112  1026.2126    25.8785    4.60490         11 0.0000e+00
      36783 167.465701     -0.909     76.787    20.7234   5.080140     3.4524     76.000 2.1923e-01    20.7087    36.7123  1026.2075    25.8778    4.60453         18 0.0000e+00
      36812 167.465715     -0.963     75.656    20.7296   5.080949     3.4512     75.000 2.1055e-01    20.7151    36.7140  1026.2022    25.8773    4.60125         25 0.0000e+00
      36851 167.465734     -0.690     74.534    20.7319   5.081150     3.4514     74.000 2.1525e-01    20.7176    36.7140  1026.1967    25.8766    4.60075         20 0.0000e+00
      36870 167.465743     -0.711     73.932    20.7312   5.081082     3.4526     73.000 2.1606e-01    20.7171    36.7143  1026.1945    25.8770    4.60235         13 0.0000e+00
      36897 167.465756     -0.864     72.915    20.7323   5.081081     3.4496     72.000 2.1162e-01    20.7184    36.7137  1026.1893    25.8762    4.59663         14 0.0000e+00
      36925 167.465770     -0.962     71.805    20.7291   5.080525     3.4501     71.000 2.1132e-01    20.7154    36.7124  1026.1844    25.8760    4.59706         18 0.0000e+00
      36961 167.465787     -0.780     70.693    20.7287   5.080400     3.4550     70.000 2.0343e-01    20.7152    36.7121  1026.1795    25.8759    4.60454         22 0.0000e+00
      36999 167.465805     -0.569     69.730    20.7296   5.080512     3.4586     69.000 2.1407e-01    20.7163    36.7125  1026.1753    25.8759    4.60998         15 0.0000e+00
      37022 167.465817     -0.777     68.838    20.7322   5.080821     3.4607     68.000 1.9631e-01    20.7190    36.7132  1026.1713    25.8756    4.61269         14 0.0000e+00
      37052 167.465831     -1.024     67.581    20.7291   5.080296     3.4634     67.000 2.1157e-01    20.7162    36.7120  1026.1657    25.8755    4.61669         18 0.0000e+00
      37080 167.465844     -0.921     66.593    20.7298   5.080369     3.4628     66.000 2.1686e-01    20.7171    36.7124  1026.1615    25.8756    4.61499         25 0.0000e+00
      37111 167.465859     -0.751     65.653    20.7312   5.080547     3.4622     65.000 2.0094e-01    20.7186    36.7130  1026.1576    25.8756    4.61328         17 0.0000e+00
      37143 167.465875     -0.747     64.618    20.7316   5.080590     3.4636     64.000 2.0862e-01    20.7192    36.7134  1026.1533    25.8757    4.61501         22 0.0000e+00
      37177 167.465891     -0.760     63.609    20.7339   5.080909     3.4617     63.000 1.9685e-01    20.7218    36.7143  1026.1489    25.8757    4.61098         26 0.0000e+00
      37226 167.465915     -0.483     62.497    20.7360   5.081194     3.4656     62.000 2.0631e-01    20.7241    36.7152  1026.1442    25.8758    4.61648         25 0.0000e+00
      37251 167.465927     -0.837     61.410    20.7392   5.081586     3.4656     61.000 1.8569e-01    20.7275    36.7160  1026.1392    25.8755    4.61557         19 0.0000e+00
      37267 167.465935     -1.130     60.497    20.7400   5.081629     3.4666     60.000 1.9549e-01    20.7284    36.7161  1026.1351    25.8753    4.61664         14 0.0000e+00
      37285 167.465943     -1.256     59.610    20.7391   5.081450     3.4658     59.000 1.8649e-01    20.7277    36.7157  1026.1312    25.8752    4.61481         11 0.0000e+00
      37316 167.465958     -0.988     58.540    20.7390   5.081438     3.4612     58.000 1.8840e-01    20.7278    36.7161  1026.1269    25.8755    4.60651         26 0.0000e+00
      37348 167.465974     -0.632     57.677    20.7388   5.081412     3.4624     57.000 1.9777e-01    20.7277    36.7164  1026.1234    25.8757    4.60803         19 0.0000e+00
      37380 167.465989     -0.806     56.464    20.7390   5.081377     3.4664     56.000 1.8417e-01    20.7282    36.7164  1026.1181    25.8756    4.61386         15 0.0000e+00
      37399 167.465998     -1.103     55.432    20.7391   5.081364     3.4672     55.000 1.9795e-01    20.7285    36.7165  1026.1137    25.8756    4.61446         14 0.0000e+00
      37430 167.466013     -0.992     54.410    20.7390   5.081288     3.4681     54.000 1.8023e-01    20.7286    36.7164  1026.1091    25.8755    4.61535         35 0.0000e+00
      37475 167.466035     -0.415     53.443    20.7387   5.081241     3.4680     53.000 1.8874e-01    20.7285    36.7166  1026.1052    25.8757    4.61466         26 0.0000e+00
      37496 167.466045     -0.860     52.434    20.7395   5.081290     3.4696     52.000 1.8181e-01    20.7295    36.7167  1026.1007    25.8754    4.61669         15 0.0000e+00
      37520 167.466057     -1.132     51.371    20.7394   5.081219     3.4721     51.000 1.8008e-01    20.7296    36.7166  1026.0960    25.8753    4.62024         20 0.0000e+00
      37558 167.466075     -0.732     50.340    20.7390   5.081145     3.4722     50.000 1.8808e-01    20.7294    36.7167  1026.0917    25.8755    4.61968         39 0.0000e+00
      37596 167.466093     -0.458     49.414    20.7384   5.081047     3.4651     49.000 1.9358e-01    20.7290    36.7167  1026.0879    25.8756    4.60738         19 0.0000e+00
      37614 167.466102     -0.839     48.532    20.7391   5.081078     3.4673     48.000 1.7604e-01    20.7298    36.7168  1026.0839    25.8755    4.61034         12 0.0000e+00
      37641 167.466115     -1.039     47.408    20.7387   5.080958     3.4693     47.000 1.8619e-01    20.7296    36.7165  1026.0789    25.8753    4.61301         29 0.0000e+00
      37695 167.466141     -0.386     46.303    20.7388   5.080915     3.4719     46.000 1.8398e-01    20.7300    36.7164  1026.0740    25.8751    4.61672         35 0.0000e+00
      37729 167.466157     -0.569     45.395    20.7384   5.080841     3.4705     45.000 1.7238e-01    20.7297    36.7166  1026.0703    25.8753    4.61388         20 0.0000e+00
      37758 167.466171     -0.961     44.311    20.7386   5.080826     3.4717     44.000 1.8252e-01    20.7302    36.7166  1026.0655    25.8752    4.61510         19 0.0000e+00
      37792 167.466187     -0.646     43.514    20.7385   5.080767     3.4739     43.000 1.8775e-01    20.7302    36.7166  1026.0621    25.8751    4.61837         22 0.0000e+00
      37824 167.466203     -0.694     42.497    20.7385   5.080747     3.4698     42.000 1.7346e-01    20.7303    36.7168  1026.0579    25.8753    4.61079         13 0.0000e+00
      37847 167.466215     -0.948     41.452    20.7386   5.080698     3.4718     41.000 1.7021e-01    20.7307    36.7167  1026.0532    25.8751    4.61355         18 0.0000e+00
      37878 167.466229     -0.960     40.292    20.7382   5.080612     3.4705     40.000 1.8511e-01    20.7305    36.7168  1026.0483    25.8752    4.61066         24 0.0000e+00
      37906 167.466243     -0.870     39.273    20.7379   5.080541     3.4711     39.000 1.7794e-01    20.7304    36.7168  1026.0440    25.8753    4.61104         24 0.0000e+00
      37932 167.466255     -0.914     38.280    20.7376   5.080447     3.4759     38.000 1.6529e-01    20.7303    36.7166  1026.0396    25.8752    4.61852         23 0.0000e+00
      37963 167.466270     -0.838     37.269    20.7376   5.080401     3.4765     37.000 1.7494e-01    20.7305    36.7167  1026.0353    25.8752    4.61885         27 0.0000e+00
      37987 167.466282     -0.761     36.484    20.7374   5.080346     3.4758     36.000 1.7588e-01    20.7305    36.7167  1026.0319    25.8752    4.61728         13 0.0000e+00
      38016 167.466296     -0.859     35.402    20.7381   5.080379     3.4747     35.000 1.6624e-01    20.7313    36.7167  1026.0271    25.8750    4.61467         22 0.0000e+00
      38045 167.466310     -0.917     34.320    20.7379   5.080315     3.4745     34.000 1.6538e-01    20.7313    36.7168  1026.0225    25.8750    4.61372         23 0.0000e+00
      38079 167.466326     -0.807     33.224    20.7392   5.080311     3.4768     33.000 1.4771e-01    20.7328    36.7160  1026.0168    25.8740    4.61667         29 0.0000e+00
      38103 167.466338     -0.723     32.469    20.7397   5.080289     3.4780     32.000 1.4828e-01    20.7335    36.7157  1026.0131    25.8736    4.61823         13 0.0000e+00
      38129 167.466350     -0.847     31.516    20.7402   5.080267     3.4730     31.000 1.4747e-01    20.7342    36.7154  1026.0086    25.8732    4.60930         13 0.0000e+00
      38162 167.466366     -0.876     30.318    20.7391   5.080155     3.4743     30.000 1.3910e-01    20.7333    36.7159  1026.0041    25.8738    4.61069         27 0.0000e+00
      38192 167.466381     -0.856     29.255    20.7382   5.080084     3.4758     29.000 1.4514e-01    20.7327    36.7165  1026.0001    25.8744    4.61265         26 0.0000e+00
      38224 167.466396     -0.832     28.194    20.7374   5.079963     3.4781     28.000 1.5368e-01    20.7321    36.7166  1025.9958    25.8747    4.61583         29 0.0000e+00
      38264 167.466415     -0.606     27.197    20.7369   5.079882     3.4803     27.000 1.3324e-01    20.7317    36.7167  1025.9917    25.8749    4.61889         33 0.0000e+00
      38305 167.466435     -0.563     26.206    20.7373   5.079857     3.4751     26.000 1.3816e-01    20.7323    36.7166  1025.9872    25.8746    4.60965         31 0.0000e+00
      38339 167.466451     -0.697     25.210    20.7375   5.079868     3.4767     25.000 1.4684e-01    20.7327    36.7169  1025.9830    25.8747    4.61161         34 0.0000e+00
      38375 167.466469     -0.676     24.160    20.7401   5.079997     3.4779     24.000 1.2758e-01    20.7355    36.7160  1025.9771    25.8733    4.61276         30 0.0000e+00
