jupyter/NEMEA/teste_rotina/cnvs/uMCTV003.cnv
* Sea-Bird SBE 9 Data File:
* FileName = D:\ACEX\brutos\MCTV003.hex
* Software Version Seasave V 7.17
* Temperature SN = 4821
* Conductivity SN = 3367
* Number of Bytes Per Scan = 21
* Number of Voltage Words = 3
* Number of Scans Averaged by the Deck Unit = 1
** H38 
** NHo Cruzeiro do Sul 
** 222 
** MCTV ACEx 
**   003
**   25 56.592 s
**   045 54.456 w
**   12/06/2012 18:51Z
**   277
** 9P46375-0882 
**   1T Oliveira Santos
# nquan = 16
# nvalues = 249                         
# units = specified
# name 0 = scan: Scan Count
# name 1 = timeJ: Julian Days
# name 2 = dz/dtM: Descent Rate [m/s]
# name 3 = prDM: Pressure, Digiquartz [db]
# name 4 = t090C: Temperature [ITS-90, deg C]
# name 5 = c0S/m: Conductivity [S/m]
# name 6 = sbeox0V: Oxygen Voltage, SBE 43
# name 7 = depSM: Depth [salt water, m]
# name 8 = flSP: Fluorescence, Seapoint
# name 9 = potemp090C: Potential Temperature [ITS-90, deg C]
# name 10 = sal00: Salinity [PSU]
# name 11 = density00: Density [density, Kg/m^3]
# name 12 = sigma-é00: Density [sigma-theta, Kg/m^3]
# name 13 = sbeox0ML/L: Oxygen, SBE 43 [ml/l], WS = 2
# name 14 = nbin: number of scans per bin
# name 15 = flag: flag
# span 0 =      19246,      38680       
# span 1 = 164.670508, 164.679880       
# span 2 =     -1.221,     -0.184       
# span 3 =      1.037,    250.786       
# span 4 =    11.4456,    21.8125       
# span 5 =   4.001761,   5.123122       
# span 6 =     2.6220,     3.5051       
# span 7 =      1.000,    249.000       
# span 8 = 4.8521e-02, 5.0199e-02       
# span 9 =    11.4136,    21.8062       
# span 10 =    35.4334,    36.3708      
# span 11 =  1025.0011,  1028.1553      
# span 12 =    24.9936,    27.0369      
# span 13 =    3.63031,    4.59714      
# span 14 =         18,         61      
# span 15 = 0.0000e+00, 0.0000e+00      
# interval = meters: 1                  
# start_time = Jun 12 2012 15:52:10
# bad_flag = -9.990e-29
*END*
[from data line 91]
      23971 164.672786     -0.458    159.096    12.9633   4.168220     2.8573    158.000 4.8856e-02    12.9414    35.6516  1027.6149    26.9098    4.24732         37 0.0000e+00
      24010 164.672805     -0.606    158.094    12.9944   4.171629     2.8506    157.000 4.9146e-02    12.9726    35.6554  1027.6070    26.9064    4.23087         43 0.0000e+00
      24084 164.672841     -0.323    157.080    13.0130   4.173610     2.8445    156.000 4.9263e-02    12.9912    35.6573  1027.6001    26.9041    4.21666         40 0.0000e+00
      24139 164.672868     -0.499    156.078    13.0520   4.178074     2.8397    155.000 4.8908e-02    13.0304    35.6636  1027.5925    26.9011    4.20305         40 0.0000e+00
      24182 164.672888     -0.574    155.064    13.0630   4.179144     2.8366    154.000 4.9051e-02    13.0415    35.6639  1027.5860    26.8991    4.19549         41 0.0000e+00
      24217 164.672905     -0.659    154.055    13.0802   4.181430     2.8363    153.000 4.9058e-02    13.0588    35.6701  1027.5827    26.9003    4.19269         28 0.0000e+00
      24244 164.672918     -0.831    153.053    13.1242   4.186053     2.8341    152.000 4.9102e-02    13.1029    35.6731  1027.5716    26.8937    4.18408         28 0.0000e+00
      24298 164.672944     -0.586    152.048    13.1393   4.187752     2.8285    151.000 4.9182e-02    13.1182    35.6756  1027.5659    26.8925    4.17125         39 0.0000e+00
      24380 164.672984     -0.485    151.038    13.1927   4.194036     2.8234    150.000 4.9073e-02    13.1716    35.6857  1027.5582    26.8895    4.15594         31 0.0000e+00
      24411 164.672998     -0.763    150.033    13.2196   4.196693     2.8198    149.000 4.9243e-02    13.1986    35.6861  1027.5485    26.8843    4.14613         36 0.0000e+00
      24451 164.673018     -0.595    149.024    13.2270   4.197383     2.8156    148.000 4.8731e-02    13.2062    35.6862  1027.5425    26.8828    4.13673         38 0.0000e+00
      24491 164.673037     -0.621    148.018    13.2558   4.200828     2.8138    147.000 4.8957e-02    13.2351    35.6923  1027.5368    26.8816    4.13012         41 0.0000e+00
      24556 164.673069     -0.340    147.009    13.2853   4.203646     2.8119    146.000 4.8921e-02    13.2647    35.6919  1027.5259    26.8753    4.12330         45 0.0000e+00
      24607 164.673093     -0.496    146.004    13.3453   4.211132     2.8096    145.000 4.8987e-02    13.3248    35.7070  1027.5207    26.8746    4.11307         34 0.0000e+00
      24641 164.673110     -0.682    144.995    13.4155   4.218779     2.8040    144.000 4.9020e-02    13.3951    35.7142  1027.5071    26.8657    4.09565         34 0.0000e+00
      24675 164.673126     -0.718    143.986    13.4345   4.220777     2.7985    143.000 4.8876e-02    13.4142    35.7157  1027.4998    26.8630    4.08275         35 0.0000e+00
      24712 164.673144     -0.661    142.981    13.4624   4.223961     2.7976    142.000 4.8957e-02    13.4422    35.7202  1027.4930    26.8606    4.07812         41 0.0000e+00
      24753 164.673164     -0.577    141.967    13.4859   4.226780     2.7945    141.000 4.8870e-02    13.4658    35.7252  1027.4874    26.8597    4.06938         35 0.0000e+00
      24782 164.673178     -0.744    140.964    13.5449   4.233177     2.7919    140.000 4.9101e-02    13.5249    35.7309  1027.4750    26.8518    4.05898         28 0.0000e+00
      24810 164.673191     -0.883    139.961    13.5637   4.235209     2.7884    139.000 4.8807e-02    13.5438    35.7329  1027.4681    26.8494    4.05001         29 0.0000e+00
      24866 164.673218     -0.471    138.951    13.5681   4.235696     2.7827    138.000 4.8963e-02    13.5484    35.7338  1027.4634    26.8492    4.03797         39 0.0000e+00
      24917 164.673243     -0.486    137.937    13.6247   4.242384     2.7795    137.000 4.8966e-02    13.6050    35.7445  1027.4553    26.8457    4.02638         29 0.0000e+00
      24944 164.673256     -0.832    136.937    13.6809   4.248610     2.7767    136.000 4.8891e-02    13.6613    35.7510  1027.4440    26.8390    4.01586         24 0.0000e+00
      24971 164.673269     -0.914    135.934    13.7033   4.250805     2.7710    135.000 4.9043e-02    13.6839    35.7512  1027.4350    26.8344    4.00240         30 0.0000e+00
      25013 164.673289     -0.588    134.920    13.7331   4.254463     2.7672    134.000 4.8891e-02    13.7138    35.7582  1027.4296    26.8336    3.99201         42 0.0000e+00
      25052 164.673308     -0.607    133.917    13.8136   4.264059     2.7597    133.000 4.8839e-02    13.7943    35.7736  1027.4200    26.8286    3.97030         36 0.0000e+00
      25094 164.673328     -0.588    132.909    13.8588   4.268439     2.7484    132.000 4.8938e-02    13.8396    35.7731  1027.4055    26.8187    3.94450         49 0.0000e+00
      25144 164.673352     -0.468    131.896    13.8902   4.272072     2.7450    131.000 4.8798e-02    13.8711    35.7783  1027.3984    26.8161    3.93486         39 0.0000e+00
      25177 164.673368     -0.678    130.891    13.9170   4.274889     2.7445    130.000 4.8797e-02    13.8981    35.7801  1027.3896    26.8118    3.93117         29 0.0000e+00
      25205 164.673382     -0.829    129.887    13.9289   4.276272     2.7454    129.000 4.9103e-02    13.9101    35.7824  1027.3843    26.8111    3.93130         29 0.0000e+00
      25234 164.673396     -0.833    128.879    13.9599   4.279788     2.7440    128.000 4.8922e-02    13.9412    35.7869  1027.3767    26.8080    3.92560         29 0.0000e+00
      25267 164.673411     -0.775    127.875    14.0056   4.285046     2.7354    127.000 4.8939e-02    13.9871    35.7939  1027.3679    26.8037    3.90492         37 0.0000e+00
      25309 164.673432     -0.577    126.863    14.0437   4.289301     2.7232    126.000 4.8777e-02    14.0252    35.7987  1027.3590    26.7993    3.87782         41 0.0000e+00
      25347 164.673450     -0.627    125.859    14.0864   4.294101     2.7088    125.000 4.8839e-02    14.0681    35.8042  1027.3496    26.7945    3.84634         38 0.0000e+00
      25398 164.673474     -0.470    124.847    14.0819   4.293287     2.6951    124.000 4.8884e-02    14.0637    35.8012  1027.3438    26.7931    3.81993         58 0.0000e+00
      25440 164.673495     -0.537    123.840    14.0969   4.295222     2.6901    123.000 4.8884e-02    14.0789    35.8058  1027.3395    26.7933    3.80876         28 0.0000e+00
      25466 164.673507     -0.871    122.842    14.1062   4.296048     2.6854    122.000 4.8703e-02    14.0883    35.8053  1027.3327    26.7910    3.79843         26 0.0000e+00
      25624 164.673583     -0.410    121.834    14.1186   4.297477     2.6783    121.000 4.8918e-02    14.1009    35.8074  1027.3273    26.7900    3.78346         48 0.0000e+00
      27751 164.674609     -0.520    120.826    14.1129   4.296879     2.6787    120.000 4.8893e-02    14.0953    35.8076  1027.3242    26.7913    3.78401         46 0.0000e+00
      28030 164.674744     -0.258    119.813    14.1157   4.297052     2.6771    119.000 4.8812e-02    14.0982    35.8071  1027.3187    26.7903    3.78022         46 0.0000e+00
      28136 164.674795     -0.242    118.799    14.2094   4.308055     2.6701    118.000 4.8905e-02    14.1920    35.8230  1027.3063    26.7825    3.75914         36 0.0000e+00
      28171 164.674812     -0.652    117.802    14.2848   4.316285     2.6659    117.000 4.8842e-02    14.2675    35.8299  1027.2909    26.7717    3.74490         32 0.0000e+00
      28216 164.674833     -0.572    116.796    14.2858   4.316358     2.6626    116.000 4.8943e-02    14.2686    35.8301  1027.2863    26.7716    3.73791         50 0.0000e+00
      28312 164.674880     -0.262    115.778    14.3195   4.320434     2.6610    115.000 4.8776e-02    14.3024    35.8371  1027.2800    26.7698    3.73167         39 0.0000e+00
      28349 164.674898     -0.621    114.775    14.4090   4.330335     2.6481    114.000 4.8658e-02    14.3921    35.8464  1027.2632    26.7577    3.70000         34 0.0000e+00
      28377 164.674911     -0.776    113.765    14.4435   4.334700     2.6373    113.000 4.8730e-02    14.4266    35.8553  1027.2581    26.7571    3.67617         22 0.0000e+00
      28397 164.674921     -1.024    112.762    14.4892   4.339541     2.6297    112.000 4.8773e-02    14.4725    35.8582  1027.2460    26.7494    3.65804         18 0.0000e+00
      28416 164.674930     -1.221    111.759    14.5013   4.340778     2.6266    111.000 4.8611e-02    14.4847    35.8589  1027.2394    26.7473    3.65071         21 0.0000e+00
      28438 164.674941     -1.213    110.759    14.5187   4.342787     2.6241    110.000 4.8688e-02    14.5023    35.8618  1027.2333    26.7457    3.64411         25 0.0000e+00
      28478 164.674960     -0.700    109.746    14.5169   4.342490     2.6220    109.000 4.8714e-02    14.5005    35.8612  1027.2288    26.7456    3.63988         59 0.0000e+00
      28535 164.674987     -0.379    108.731    14.5616   4.347719     2.6229    108.000 4.8816e-02    14.5454    35.8686  1027.2202    26.7416    3.63764         40 0.0000e+00
      28567 164.675003     -0.687    107.728    14.6130   4.353349     2.6223    107.000 4.8759e-02    14.5968    35.8735  1027.2083    26.7342    3.63243         30 0.0000e+00
      28598 164.675018     -0.777    106.723    14.6216   4.354445     2.6220    106.000 4.8521e-02    14.6057    35.8760  1027.2039    26.7342    3.63052         30 0.0000e+00
      28625 164.675031     -0.844    105.711    14.6466   4.357255     2.6231    105.000 4.9073e-02    14.6307    35.8793  1027.1965    26.7313    3.63031         25 0.0000e+00
      28651 164.675043     -0.923    104.710    14.6695   4.359861     2.6256    104.000 4.8895e-02    14.6539    35.8825  1027.1895    26.7287    3.63297         28 0.0000e+00
      28681 164.675058     -0.854    103.707    14.6814   4.361120     2.6294    103.000 4.8943e-02    14.6658    35.8835  1027.1832    26.7269    3.63865         34 0.0000e+00
      28724 164.675079     -0.550    102.693    14.6821   4.361389     2.6322    102.000 4.8836e-02    14.6667    35.8858  1027.1803    26.7284    3.64333         39 0.0000e+00
      28759 164.675095     -0.682    101.691    14.7430   4.368366     2.6399    101.000 4.8765e-02    14.7277    35.8943  1027.1690    26.7217    3.65283         32 0.0000e+00
      28822 164.675126     -0.449    100.679    14.7511   4.369071     2.6457    100.000 4.8867e-02    14.7359    35.8937  1027.1623    26.7194    3.66273         52 0.0000e+00
      28901 164.675164     -0.409     99.668    14.7666   4.371023     2.6504     99.000 4.8880e-02    14.7516    35.8977  1027.1575    26.7191    3.66994         31 0.0000e+00
      28930 164.675178     -0.768     98.665    14.7932   4.373927     2.6526     98.000 4.8882e-02    14.7783    35.9003  1027.1492    26.7152    3.67169         29 0.0000e+00
      28961 164.675193     -0.795     97.660    14.8222   4.377291     2.6576     97.000 4.8802e-02    14.8074    35.9049  1027.1419    26.7124    3.67844         33 0.0000e+00
      28995 164.675209     -0.726     96.653    14.8647   4.382358     2.6641     96.000 4.8840e-02    14.8501    35.9126  1027.1340    26.7090    3.68683         33 0.0000e+00
      29032 164.675227     -0.683     95.650    14.8897   4.384812     2.6700     95.000 4.8774e-02    14.8753    35.9125  1027.1238    26.7033    3.69572         38 0.0000e+00
      29118 164.675268     -0.221     94.627    14.9018   4.386532     2.6735     94.000 4.8843e-02    14.8875    35.9175  1027.1205    26.7045    3.70065         32 0.0000e+00
      29148 164.675283     -0.668     93.634    14.9701   4.394310     2.6775     93.000 4.8728e-02    14.9559    35.9263  1027.1077    26.6962    3.70258         33 0.0000e+00
      29185 164.675301     -0.693     92.626    14.9961   4.397004     2.6839     92.000 4.8867e-02    14.9820    35.9274  1027.0983    26.6913    3.71231         42 0.0000e+00
      29233 164.675324     -0.486     91.615    14.9827   4.395607     2.6876     91.000 4.8865e-02    14.9687    35.9275  1027.0969    26.6943    3.71954         48 0.0000e+00
      29275 164.675344     -0.582     90.613    15.0456   4.402778     2.6930     90.000 4.8778e-02    15.0318    35.9355  1027.0846    26.6865    3.72455         38 0.0000e+00
      29328 164.675370     -0.481     89.605    15.0706   4.405326     2.6971     89.000 4.8890e-02    15.0570    35.9362  1027.0751    26.6815    3.72992         37 0.0000e+00
      29420 164.675414     -0.295     88.589    15.1017   4.409340     2.7029     88.000 4.8837e-02    15.0882    35.9447  1027.0703    26.6811    3.73779         39 0.0000e+00
      29450 164.675429     -0.668     87.594    15.1507   4.414643     2.7084     87.000 4.8810e-02    15.1373    35.9485  1027.0578    26.6731    3.74379         38 0.0000e+00
      29503 164.675454     -0.447     86.579    15.1483   4.414203     2.7126     86.000 4.8973e-02    15.1351    35.9471  1027.0527    26.6725    3.75131         58 0.0000e+00
      29547 164.675475     -0.545     85.573    15.1834   4.418591     2.7181     85.000 4.8988e-02    15.1702    35.9553  1027.0467    26.6710    3.75838         33 0.0000e+00
      29596 164.675499     -0.513     84.570    15.1966   4.419685     2.7207     84.000 4.8897e-02    15.1837    35.9535  1027.0380    26.6666    3.76177         42 0.0000e+00
      29658 164.675529     -0.395     83.557    15.2063   4.421223     2.7246     83.000 4.8803e-02    15.1935    35.9591  1027.0356    26.6687    3.76774         37 0.0000e+00
      29697 164.675548     -0.617     82.559    15.2406   4.424717     2.7281     82.000 4.8870e-02    15.2278    35.9599  1027.0241    26.6616    3.77131         42 0.0000e+00
      29914 164.675652     -0.184     81.543    15.2431   4.425018     2.7307     81.000 4.8732e-02    15.2306    35.9606  1027.0196    26.6616    3.77532         48 0.0000e+00
      30494 164.675932     -0.258     80.538    15.2612   4.427102     2.7318     80.000 4.8730e-02    15.2488    35.9634  1027.0133    26.6597    3.77558         44 0.0000e+00
      30627 164.675996     -0.306     79.533    15.2805   4.429271     2.7361     79.000 4.8866e-02    15.2683    35.9658  1027.0063    26.6572    3.78161         44 0.0000e+00
      30685 164.676024     -0.461     78.521    15.3130   4.433420     2.7403     78.000 4.8876e-02    15.3009    35.9742  1027.0009    26.6563    3.78626         34 0.0000e+00
      30718 164.676040     -0.689     77.524    15.3654   4.439028     2.7431     77.000 4.9028e-02    15.3534    35.9775  1026.9872    26.6471    3.78698         38 0.0000e+00
      30778 164.676069     -0.448     76.512    15.3847   4.440878     2.7443     76.000 4.8827e-02    15.3729    35.9770  1026.9780    26.6423    3.78735         35 0.0000e+00
      30851 164.676104     -0.380     75.502    15.4232   4.446133     2.7457     75.000 4.8904e-02    15.4115    35.9898  1026.9747    26.6435    3.78633         40 0.0000e+00
      30892 164.676124     -0.557     74.502    15.5223   4.456073     2.7472     74.000 4.8755e-02    15.5107    35.9896  1026.9476    26.6209    3.78134         53 0.0000e+00
      30942 164.676148     -0.445     73.485    15.5183   4.456358     2.7493     73.000 4.8914e-02    15.5069    35.9961  1026.9491    26.6268    3.78499         37 0.0000e+00
      30972 164.676163     -0.722     72.483    15.6847   4.475445     2.7555     72.000 4.8887e-02    15.6734    36.0169  1026.9227    26.6050    3.78326         26 0.0000e+00
      31000 164.676176     -0.867     71.485    15.7556   4.482274     2.7570     71.000 4.8806e-02    15.7443    36.0141  1026.8999    26.5868    3.78049         32 0.0000e+00
      31043 164.676197     -0.600     70.471    15.7262   4.479206     2.7588     70.000 4.8885e-02    15.7152    36.0137  1026.9019    26.5931    3.78542         52 0.0000e+00
