jupyter/NEMEA/teste_rotina/cnvs/uMCTV012.cnv
* Sea-Bird SBE 9 Data File:
* FileName = D:\ACEX\brutos\MCTV012.hex
* Software Version Seasave V 7.17
* Temperature SN = 4821
* Conductivity SN = 3367
* Number of Bytes Per Scan = 21
* Number of Voltage Words = 3
* Number of Scans Averaged by the Deck Unit = 1
** H38 
** NHo Cruzeiro do Sul 
** 222 
** MCTV ACEx 
**   012
**   27 00.66S
**   046  19.71W
**   14/06/2012 18:11Z
**   662
** 9P46375-0882 
**   1T Germano Filho
# nquan = 16
# nvalues = 594                         
# units = specified
# name 0 = scan: Scan Count
# name 1 = timeJ: Julian Days
# name 2 = dz/dtM: Descent Rate [m/s]
# name 3 = prDM: Pressure, Digiquartz [db]
# name 4 = t090C: Temperature [ITS-90, deg C]
# name 5 = c0S/m: Conductivity [S/m]
# name 6 = sbeox0V: Oxygen Voltage, SBE 43
# name 7 = depSM: Depth [salt water, m]
# name 8 = flSP: Fluorescence, Seapoint
# name 9 = potemp090C: Potential Temperature [ITS-90, deg C]
# name 10 = sal00: Salinity [PSU]
# name 11 = density00: Density [density, Kg/m^3]
# name 12 = sigma-é00: Density [sigma-theta, Kg/m^3]
# name 13 = sbeox0ML/L: Oxygen, SBE 43 [ml/l], WS = 2
# name 14 = nbin: number of scans per bin
# name 15 = flag: flag
# span 0 =      49338,      69849       
# span 1 = 166.657230, 166.667122       
# span 2 =     -1.599,     -0.066       
# span 3 =      1.040,    598.748       
# span 4 =     5.8294,    23.2831       
# span 5 =   3.432507,   5.426537       
# span 6 =     2.0549,     3.4981       
# span 7 =      1.000,    594.000       
# span 8 = 4.5558e-02, 4.3497e-01       
# span 9 =     5.7771,    23.2829       
# span 10 =    34.3617,    37.3043      
# span 11 =  1025.5990,  1030.2843      
# span 12 =    25.5946,    27.5509      
# span 13 =    3.22722,    4.43473      
# span 14 =          7,         68      
# span 15 = 0.0000e+00, 0.0000e+00      
# interval = meters: 1                  
# start_time = Jun 14 2012 15:12:09
# bad_flag = -9.990e-29
*END*
      49338 166.657230     -0.066    598.748     5.8364   3.443927     2.1507    594.000 4.8115e-02     5.7839    34.9465  1030.2758    27.5379    3.54805         34 0.0000e+00
      49662 166.657387     -0.434    597.746     5.8294   3.444599     2.0739    593.000 4.8640e-02     5.7771    34.9618  1030.2843    27.5509    3.35958         61 0.0000e+00
      50178 166.657635     -0.289    596.727     5.8446   3.445261     2.0549    592.000 4.8416e-02     5.7924    34.9541  1030.2714    27.5428    3.31158         36 0.0000e+00
      50177 166.657635     -0.722    595.723     5.8298   3.444218     2.0683    591.000 4.8498e-02     5.7777    34.9581  1030.2721    27.5478    3.34510         32 0.0000e+00
      50207 166.657649     -0.797    594.718     5.8319   3.443010     2.0905    590.000 4.8713e-02     5.7799    34.9427  1030.2551    27.5354    3.39905         30 0.0000e+00
      50241 166.657666     -0.748    593.706     5.8380   3.445038     2.1039    589.000 4.9137e-02     5.7860    34.9599  1030.2631    27.5482    3.43048         37 0.0000e+00
      50277 166.657683     -0.652    592.695     5.8372   3.441804     2.1095    588.000 4.8588e-02     5.7853    34.9247  1030.2310    27.5205    3.44465         35 0.0000e+00
      50312 166.657700     -0.706    591.685     5.8433   3.437382     2.1224    587.000 4.7968e-02     5.7916    34.8690  1030.1817    27.4756    3.47661         35 0.0000e+00
      50344 166.657716     -0.725    590.680     5.8463   3.434142     2.1500    586.000 4.9098e-02     5.7947    34.8299  1030.1460    27.4443    3.54419         31 0.0000e+00
      50380 166.657733     -0.707    589.665     5.8531   3.433422     2.1848    585.000 4.8164e-02     5.8016    34.8153  1030.1289    27.4319    3.62858         36 0.0000e+00
      50410 166.657748     -0.739    588.651     5.8860   3.432507     2.2131    584.000 4.8053e-02     5.8345    34.7718  1030.0855    27.3934    3.69576         25 0.0000e+00
      50433 166.657759     -0.936    587.650     5.9478   3.432909     2.2383    583.000 4.9170e-02     5.8961    34.7137  1030.0266    27.3397    3.75277         23 0.0000e+00
      50457 166.657770     -1.045    586.638     5.9604   3.433962     2.2598    582.000 4.8657e-02     5.9088    34.7132  1030.0198    27.3376    3.80380         23 0.0000e+00
      50481 166.657781     -1.015    585.634     5.9608   3.434074     2.2691    581.000 4.9301e-02     5.9093    34.7145  1030.0162    27.3386    3.82595         24 0.0000e+00
      50505 166.657793     -1.027    584.616     5.9673   3.434456     2.2694    580.000 4.8838e-02     5.9158    34.7127  1030.0093    27.3364    3.82550         24 0.0000e+00
      50526 166.657803     -1.042    583.612     6.0052   3.436772     2.2679    579.000 4.9010e-02     5.9537    34.7006  1029.9898    27.3220    3.81837         21 0.0000e+00
      50547 166.657814     -1.136    582.603     6.0765   3.437921     2.2716    578.000 4.9184e-02     6.0248    34.6414  1029.9287    27.2662    3.82219         21 0.0000e+00
      50569 166.657824     -1.140    581.595     6.1103   3.438466     2.2770    577.000 4.8086e-02     6.0586    34.6137  1029.8975    27.2399    3.83234         22 0.0000e+00
      50595 166.657837     -1.026    580.587     6.1012   3.437783     2.2757    576.000 4.8091e-02     6.0496    34.6158  1029.8959    27.2428    3.82949         31 0.0000e+00
      50627 166.657852     -0.781    579.573     6.1203   3.438418     2.2742    575.000 4.7963e-02     6.0688    34.6040  1029.8793    27.2310    3.82400         32 0.0000e+00
      50657 166.657866     -0.782    578.559     6.1919   3.446611     2.2825    574.000 4.8959e-02     6.1401    34.6236  1029.8799    27.2373    3.83673         25 0.0000e+00
      50680 166.657877     -0.943    577.546     6.2448   3.453872     2.3065    573.000 4.9102e-02     6.1928    34.6516  1029.8897    27.2526    3.88914         23 0.0000e+00
      50699 166.657887     -1.120    576.553     6.3312   3.456774     2.3262    572.000 4.7590e-02     6.2790    34.5970  1029.8299    27.1983    3.92997         18 0.0000e+00
      50722 166.657898     -1.176    575.542     6.3588   3.451498     2.3343    571.000 4.7518e-02     6.3066    34.5109  1029.7538    27.1267    3.94887         24 0.0000e+00
      50754 166.657913     -0.847    574.532     6.3465   3.448509     2.3206    570.000 4.8437e-02     6.2945    34.4906  1029.7350    27.1122    3.91678         40 0.0000e+00
      50794 166.657933     -0.607    573.516     6.4691   3.458319     2.2994    569.000 4.8345e-02     6.4167    34.4766  1029.7017    27.0852    3.85439         37 0.0000e+00
      50828 166.657949     -0.671    572.501     6.5913   3.467305     2.2949    568.000 4.7858e-02     6.5385    34.4540  1029.6616    27.0513    3.83303         27 0.0000e+00
      50853 166.657961     -0.866    571.499     6.6374   3.471954     2.2946    567.000 4.8047e-02     6.5845    34.4597  1029.6547    27.0496    3.82763         26 0.0000e+00
      50878 166.657973     -0.977    570.488     6.6496   3.474109     2.2936    566.000 4.8078e-02     6.5967    34.4718  1029.6578    27.0575    3.82320         24 0.0000e+00
      50901 166.657984     -1.010    569.480     6.6951   3.479420     2.2898    565.000 4.8347e-02     6.6420    34.4854  1029.6572    27.0622    3.80934         22 0.0000e+00
      50924 166.657995     -1.064    568.471     6.7635   3.481536     2.2820    564.000 4.8802e-02     6.7104    34.4407  1029.6075    27.0177    3.78526         23 0.0000e+00
      50948 166.658007     -1.042    567.465     6.8097   3.479778     2.2729    563.000 4.8839e-02     6.7565    34.3758  1029.5451    26.9603    3.76072         25 0.0000e+00
      50974 166.658019     -0.973    566.454     6.8189   3.479285     2.2624    562.000 4.8795e-02     6.7658    34.3617  1029.5281    26.9479    3.73449         27 0.0000e+00
      51001 166.658032     -0.883    565.438     6.8316   3.485122     2.2534    561.000 4.8889e-02     6.7785    34.4137  1029.5624    26.9872    3.71034         26 0.0000e+00
      51024 166.658043     -0.968    564.434     6.8443   3.499333     2.2548    560.000 4.8269e-02     6.7911    34.5577  1029.6689    27.0990    3.70858         21 0.0000e+00
      51047 166.658055     -1.065    563.431     6.8564   3.499303     2.2650    559.000 4.8909e-02     6.8032    34.5457  1029.6532    27.0879    3.73161         27 0.0000e+00
      51078 166.658069     -0.863    562.415     6.8598   3.501595     2.2745    558.000 4.7804e-02     6.8067    34.5680  1029.6655    27.1050    3.75306         32 0.0000e+00
      51109 166.658085     -0.771    561.405     6.8917   3.509023     2.2800    557.000 4.8392e-02     6.8385    34.6181  1029.6954    27.1401    3.76159         31 0.0000e+00
      51139 166.658099     -0.780    560.393     6.9307   3.514531     2.2917    556.000 4.8900e-02     6.8774    34.6400  1029.7022    27.1521    3.78507         26 0.0000e+00
      51165 166.658111     -0.885    559.381     7.0294   3.519202     2.3091    555.000 4.7212e-02     6.9758    34.5929  1029.6458    27.1014    3.81885         22 0.0000e+00
      51185 166.658121     -1.057    558.378     7.1096   3.522835     2.3231    554.000 4.7870e-02     7.0558    34.5531  1029.5979    27.0589    3.84556         20 0.0000e+00
      51204 166.658130     -1.204    557.371     7.1340   3.523774     2.3303    553.000 4.8654e-02     7.0802    34.5395  1029.5790    27.0449    3.86018         19 0.0000e+00
      51224 166.658140     -1.232    556.362     7.1450   3.518673     2.3288    552.000 4.7903e-02     7.0914    34.4734  1029.5210    26.9912    3.85701         23 0.0000e+00
      51247 166.658151     -1.150    555.352     7.1503   3.516185     2.3169    551.000 4.8252e-02     7.0968    34.4415  1029.4906    26.9654    3.82844         21 0.0000e+00
      51275 166.658165     -0.968    554.342     7.1402   3.508118     2.2933    550.000 4.8734e-02     7.0869    34.3640  1029.4269    26.9057    3.77486         35 0.0000e+00
      51303 166.658178     -0.743    553.328     7.2311   3.529038     2.2752    549.000 4.8403e-02     7.1774    34.5021  1029.5166    27.0018    3.72035         20 0.0000e+00
      51323 166.658188     -1.035    552.324     7.3602   3.541306     2.2772    548.000 4.7302e-02     7.3061    34.5078  1029.4967    26.9882    3.71370         21 0.0000e+00
      51343 166.658197     -1.198    551.309     7.3721   3.549072     2.2864    547.000 4.8058e-02     7.3180    34.5808  1029.5474    27.0440    3.73214         17 0.0000e+00
      51361 166.658206     -1.253    550.305     7.3937   3.551776     2.2943    546.000 4.9323e-02     7.3396    34.5891  1029.5461    27.0474    3.74821         20 0.0000e+00
      51379 166.658215     -1.323    549.294     7.3990   3.551553     2.2994    545.000 5.0513e-02     7.3450    34.5819  1029.5350    27.0410    3.75951         16 0.0000e+00
      51397 166.658223     -1.347    548.291     7.4031   3.556306     2.2990    544.000 4.8399e-02     7.3491    34.6299  1029.5674    27.0782    3.75642         18 0.0000e+00
      51417 166.658233     -1.302    547.283     7.4118   3.550782     2.2915    543.000 4.9039e-02     7.3580    34.5618  1029.5082    27.0233    3.73923         23 0.0000e+00
      51444 166.658246     -1.059    546.273     7.4213   3.545519     2.2750    542.000 5.0441e-02     7.3675    34.4959  1029.4506    26.9701    3.70064         32 0.0000e+00
      51482 166.658264     -0.659    545.259     7.4318   3.556758     2.2590    541.000 4.8869e-02     7.3780    34.6076  1029.5318    27.0565    3.65921         37 0.0000e+00
      51520 166.658283     -0.611    544.252     7.4527   3.566616     2.2671    540.000 4.8175e-02     7.3989    34.6942  1029.5918    27.1217    3.67387         34 0.0000e+00
      51550 166.658297     -0.761    543.236     7.4800   3.571924     2.2866    539.000 4.7914e-02     7.4261    34.7250  1029.6071    27.1420    3.71603         24 0.0000e+00
      51573 166.658308     -0.949    542.230     7.5076   3.571469     2.2996    538.000 4.8920e-02     7.4537    34.6931  1029.5732    27.1129    3.74457         22 0.0000e+00
      51594 166.658318     -1.084    541.220     7.5198   3.570495     2.3019    537.000 4.7920e-02     7.4660    34.6708  1029.5493    27.0937    3.74897         21 0.0000e+00
      51614 166.658328     -1.177    540.215     7.5396   3.566676     2.2997    536.000 4.8827e-02     7.4859    34.6104  1029.4944    27.0433    3.74299         20 0.0000e+00
      51636 166.658339     -1.150    539.206     7.5601   3.582980     2.2976    535.000 4.8194e-02     7.5063    34.7667  1029.6090    27.1633    3.73209         23 0.0000e+00
      51661 166.658351     -1.047    538.196     7.5989   3.592290     2.3059    534.000 4.7710e-02     7.5450    34.8291  1029.6472    27.2068    3.74633         26 0.0000e+00
      51688 166.658364     -0.926    537.188     7.6309   3.598306     2.3353    533.000 4.7746e-02     7.5769    34.8627  1029.6639    27.2285    3.81095         29 0.0000e+00
      51719 166.658379     -0.801    536.177     7.6526   3.600018     2.3588    532.000 4.8311e-02     7.5987    34.8600  1029.6537    27.2232    3.86347         33 0.0000e+00
      51751 166.658394     -0.763    535.165     7.6826   3.599011     2.3593    531.000 4.7746e-02     7.6286    34.8197  1029.6130    27.1872    3.86242         30 0.0000e+00
      51779 166.658408     -0.794    534.153     7.7168   3.600516     2.3559    530.000 4.8428e-02     7.6628    34.8024  1029.5894    27.1686    3.85150         23 0.0000e+00
      51801 166.658418     -0.995    533.150     7.7884   3.609129     2.3656    529.000 4.7966e-02     7.7343    34.8243  1029.5907    27.1753    3.86690         22 0.0000e+00
      51824 166.658429     -1.107    532.141     7.8233   3.616867     2.3828    528.000 4.8360e-02     7.7691    34.8732  1029.6189    27.2087    3.90201         23 0.0000e+00
      51849 166.658441     -0.977    531.133     7.8428   3.614679     2.3848    527.000 4.8277e-02     7.7886    34.8308  1029.5780    27.1725    3.90552         24 0.0000e+00
      51873 166.658453     -0.982    530.121     7.8812   3.616833     2.3893    526.000 4.8455e-02     7.8270    34.8163  1029.5560    27.1554    3.91241         22 0.0000e+00
      51893 166.658463     -1.084    529.111     7.9216   3.631506     2.4136    525.000 4.7641e-02     7.8673    34.9340  1029.6369    27.2419    3.96174         19 0.0000e+00
      51912 166.658472     -1.215    528.103     7.9546   3.634900     2.4294    524.000 4.7092e-02     7.9002    34.9380  1029.6303    27.2401    3.99465         18 0.0000e+00
      51931 166.658481     -1.300    527.097     7.9885   3.632770     2.4276    523.000 4.8677e-02     7.9342    34.8820  1029.5765    27.1910    3.98851         19 0.0000e+00
      51951 166.658491     -1.255    526.092     8.0063   3.629498     2.4104    522.000 4.8342e-02     7.9521    34.8298  1029.5282    27.1474    3.94793         22 0.0000e+00
      51982 166.658505     -0.938    525.079     8.0119   3.623495     2.3746    521.000 4.7874e-02     7.9577    34.7606  1029.4687    27.0922    3.86599         36 0.0000e+00
      52016 166.658522     -0.664    524.062     8.1545   3.632375     2.3432    520.000 4.8630e-02     8.1000    34.7152  1029.4055    27.0351    3.78205         29 0.0000e+00
      52041 166.658534     -0.870    523.060     8.3510   3.638422     2.3394    519.000 4.8183e-02     8.2959    34.5869  1029.2688    26.9047    3.75964         26 0.0000e+00
      52070 166.658548     -0.893    522.051     8.3996   3.636076     2.3335    518.000 4.9064e-02     8.3445    34.5150  1029.2001    26.8409    3.74336         28 0.0000e+00
      52100 166.658563     -0.816    521.040     8.4972   3.643178     2.3114    517.000 4.7281e-02     8.4419    34.4954  1029.1642    26.8106    3.68474         31 0.0000e+00
      52131 166.658577     -0.762    520.027     8.6069   3.641761     2.2828    516.000 4.7637e-02     8.5514    34.3744  1029.0470    26.6988    3.61282         26 0.0000e+00
      52156 166.658589     -0.882    519.020     8.6733   3.652190     2.2679    515.000 4.8821e-02     8.6175    34.4202  1029.0672    26.7244    3.57202         24 0.0000e+00
      52179 166.658600     -1.027    518.013     8.7417   3.683953     2.2687    514.000 4.8690e-02     8.6856    34.6877  1029.2599    26.9235    3.56202         24 0.0000e+00
      52203 166.658612     -1.035    517.001     8.7670   3.683639     2.2799    513.000 4.7601e-02     8.7110    34.6602  1029.2296    26.8979    3.58549         22 0.0000e+00
      52227 166.658624     -1.014    515.997     8.7873   3.685228     2.2850    512.000 4.7904e-02     8.7313    34.6575  1029.2196    26.8926    3.59512         26 0.0000e+00
      52256 166.658638     -0.908    514.984     8.7926   3.676772     2.2729    511.000 4.8408e-02     8.7367    34.5643  1029.1414    26.8187    3.56887         35 0.0000e+00
      52287 166.658653     -0.730    513.976     8.8126   3.698682     2.2711    510.000 4.8786e-02     8.7567    34.7748  1029.2977    26.9805    3.55808         26 0.0000e+00
      52316 166.658667     -0.871    512.968     8.8365   3.722001     2.3327    509.000 4.8683e-02     8.7803    34.9964  1029.4620    27.1505    3.68988         31 0.0000e+00
      52349 166.658682     -0.729    511.956     8.8403   3.726378     2.4171    508.000 4.7787e-02     8.7842    35.0391  1029.4901    27.1833    3.87905         31 0.0000e+00
      52376 166.658696     -0.815    510.948     8.9389   3.736073     2.4707    507.000 4.8313e-02     8.8825    35.0441  1029.4727    27.1716    3.99091         23 0.0000e+00
      52399 166.658707     -0.988    509.942     9.1318   3.756725     2.5055    506.000 4.7776e-02     9.0748    35.0709  1029.4560    27.1616    4.05128         24 0.0000e+00
      52425 166.658719     -0.995    508.935     9.2661   3.771445     2.5259    505.000 4.9261e-02     9.2088    35.0928  1029.4452    27.1570    4.08419         29 0.0000e+00
