jupyter/NEMEA/teste_rotina/cnvs/uMCTV010.cnv
* Sea-Bird SBE 9 Data File:
* FileName = D:\ACEX\brutos\MCTV010.hex
* Software Version Seasave V 7.17
* Temperature SN = 4821
* Conductivity SN = 3367
* Number of Bytes Per Scan = 21
* Number of Voltage Words = 3
* Number of Scans Averaged by the Deck Unit = 1
** H38 
** NHo Cruzeiro do Sul 
** 222 
** MCTV ACEx 
**   010
**   27 00.43 S
**   046 37.69 W
**   14/06/2012 13:51Z
**   309
** 9P46375-0882 
**   1T Oliveira Santos
# nquan = 16
# nvalues = 273                         
# units = specified
# name 0 = scan: Scan Count
# name 1 = timeJ: Julian Days
# name 2 = dz/dtM: Descent Rate [m/s]
# name 3 = prDM: Pressure, Digiquartz [db]
# name 4 = t090C: Temperature [ITS-90, deg C]
# name 5 = c0S/m: Conductivity [S/m]
# name 6 = sbeox0V: Oxygen Voltage, SBE 43
# name 7 = depSM: Depth [salt water, m]
# name 8 = flSP: Fluorescence, Seapoint
# name 9 = potemp090C: Potential Temperature [ITS-90, deg C]
# name 10 = sal00: Salinity [PSU]
# name 11 = density00: Density [density, Kg/m^3]
# name 12 = sigma-é00: Density [sigma-theta, Kg/m^3]
# name 13 = sbeox0ML/L: Oxygen, SBE 43 [ml/l], WS = 2
# name 14 = nbin: number of scans per bin
# name 15 = flag: flag
# span 0 =      21848,      44100       
# span 1 = 166.463823, 166.474554       
# span 2 =     -1.149,     -0.155       
# span 3 =      1.012,    275.021       
# span 4 =    13.6763,    23.0653       
# span 5 =   4.253399,   5.396145       
# span 6 =     2.4831,     3.4850       
# span 7 =      1.000,    273.000       
# span 8 = 3.9741e-02, 4.6169e-01       
# span 9 =    13.6371,    23.0533       
# span 10 =    35.7428,    37.2280      
# span 11 =  1025.4399,  1028.0421      
# span 12 =    25.4356,    26.8377      
# span 13 =    3.46342,    4.46392      
# span 14 =         12,         69      
# span 15 = 0.0000e+00, 0.0000e+00      
# interval = meters: 1                  
# start_time = Jun 14 2012 10:52:44
# bad_flag = -9.990e-29
*END*
      21848 166.463823     -0.274    275.021    13.7764   4.264850     2.7199    273.000 5.8884e-02    13.7367    35.7562  1028.0401    26.8273    3.97174         39 0.0000e+00
      24000 166.464861     -0.333    273.972    13.7421   4.260866     2.7396    272.000 5.7314e-02    13.7026    35.7512  1028.0389    26.8305    4.01274         36 0.0000e+00
      25861 166.465758     -0.276    272.991    13.6763   4.253399     2.7824    271.000 5.2668e-02    13.6371    35.7428  1028.0421    26.8377    4.10208         24 0.0000e+00
      25849 166.465752     -0.272    271.954    13.6861   4.254470     2.7793    270.000 5.5942e-02    13.6470    35.7442  1028.0365    26.8367    4.09449         33 0.0000e+00
      25924 166.465788     -0.309    270.953    13.6895   4.254856     2.7792    269.000 5.3610e-02    13.6506    35.7450  1028.0320    26.8366    4.09348         40 0.0000e+00
      26001 166.465825     -0.331    269.950    13.7094   4.257043     2.7723    268.000 5.4778e-02    13.6706    35.7475  1028.0253    26.8343    4.07761         24 0.0000e+00
      26107 166.465877     -0.317    268.925    13.7369   4.260146     2.7534    267.000 5.7431e-02    13.6982    35.7514  1028.0178    26.8316    4.03769         38 0.0000e+00
      26140 166.465893     -0.645    267.926    13.7538   4.262135     2.7478    266.000 5.6979e-02    13.7152    35.7548  1028.0124    26.8306    4.02463         23 0.0000e+00
      26172 166.465908     -0.707    267.037    13.7613   4.262838     2.7401    265.000 5.9025e-02    13.7228    35.7547  1028.0068    26.8290    4.00831         29 0.0000e+00
      26308 166.465974     -0.257    265.931    13.7804   4.264965     2.7239    264.000 5.9442e-02    13.7421    35.7574  1027.9999    26.8271    3.97432         12 0.0000e+00
      26400 166.466018     -0.327    264.890    13.7898   4.265968     2.7164    263.000 5.8758e-02    13.7516    35.7585  1027.9941    26.8259    3.95834         44 0.0000e+00
      26437 166.466036     -0.620    263.888    13.7944   4.266451     2.7159    262.000 5.9298e-02    13.7563    35.7592  1027.9892    26.8254    3.95636         32 0.0000e+00
      26476 166.466055     -0.641    262.878    13.7984   4.266865     2.7164    261.000 6.1156e-02    13.7605    35.7597  1027.9843    26.8250    3.95659         47 0.0000e+00
      26564 166.466097     -0.311    261.866    13.8185   4.269192     2.7170    260.000 5.8813e-02    13.7807    35.7632  1027.9782    26.8235    3.95550         31 0.0000e+00
      26665 166.466146     -0.384    260.859    13.8398   4.271525     2.7137    259.000 6.0888e-02    13.8020    35.7657  1027.9712    26.8209    3.94668         46 0.0000e+00
      26701 166.466163     -0.624    259.854    13.8470   4.272258     2.7126    258.000 6.0945e-02    13.8094    35.7663  1027.9656    26.8198    3.94353         35 0.0000e+00
      26746 166.466185     -0.547    258.846    13.8492   4.272457     2.7113    257.000 6.0235e-02    13.8117    35.7666  1027.9608    26.8195    3.94021         50 0.0000e+00
      26824 166.466223     -0.307    257.839    13.8582   4.273453     2.7100    256.000 6.0416e-02    13.8208    35.7680  1027.9555    26.8187    3.93648         36 0.0000e+00
      26912 166.466265     -0.375    256.826    13.8890   4.276945     2.7066    255.000 6.0807e-02    13.8518    35.7724  1027.9478    26.8156    3.92677         47 0.0000e+00
      26949 166.466283     -0.612    255.823    13.9267   4.281204     2.7044    254.000 6.1815e-02    13.8896    35.7776  1027.9393    26.8117    3.91888         32 0.0000e+00
      26983 166.466299     -0.701    254.819    13.9564   4.284355     2.6962    253.000 6.2262e-02    13.9193    35.7799  1027.9302    26.8072    3.89991         39 0.0000e+00
      27041 166.466327     -0.405    253.807    13.9869   4.287873     2.6719    252.000 6.6996e-02    13.9500    35.7848  1027.9229    26.8045    3.84939         33 0.0000e+00
      27111 166.466361     -0.374    252.803    14.0505   4.294838     2.6067    251.000 7.3026e-02    14.0136    35.7911  1027.9097    26.7959    3.71678         42 0.0000e+00
      27154 166.466382     -0.540    251.800    14.0606   4.295752     2.5701    250.000 7.4664e-02    14.0238    35.7907  1027.9027    26.7934    3.64403         48 0.0000e+00
      27219 166.466413     -0.362    250.783    14.0883   4.298965     2.5391    249.000 7.5034e-02    14.0516    35.7954  1027.8958    26.7911    3.58111         55 0.0000e+00
      27268 166.466437     -0.493    249.774    14.1128   4.301632     2.5203    248.000 7.6463e-02    14.0762    35.7979  1027.8880    26.7879    3.54228         45 0.0000e+00
      27315 166.466459     -0.511    248.766    14.1397   4.304591     2.5048    247.000 7.7823e-02    14.1031    35.8010  1027.8801    26.7845    3.50952         49 0.0000e+00
      27361 166.466481     -0.532    247.765    14.1577   4.306555     2.4925    246.000 7.6490e-02    14.1213    35.8030  1027.8732    26.7821    3.48385         40 0.0000e+00
      27447 166.466523     -0.272    246.755    14.1708   4.307978     2.4872    245.000 7.6128e-02    14.1345    35.8045  1027.8671    26.7805    3.47214         37 0.0000e+00
      27508 166.466552     -0.448    245.743    14.1761   4.308540     2.4831    244.000 7.8622e-02    14.1400    35.8052  1027.8620    26.7799    3.46342         51 0.0000e+00
      27559 166.466577     -0.477    244.739    14.2082   4.312228     2.4881    243.000 7.4847e-02    14.1722    35.8101  1027.8544    26.7768    3.47034         46 0.0000e+00
      27617 166.466605     -0.403    243.733    14.2401   4.315764     2.5241    242.000 6.4719e-02    14.2042    35.8138  1027.8458    26.7729    3.53747         54 0.0000e+00
      27668 166.466629     -0.483    242.726    14.2597   4.317877     2.5876    241.000 6.4004e-02    14.2238    35.8158  1027.8386    26.7702    3.65885         52 0.0000e+00
      27729 166.466659     -0.373    241.713    14.2696   4.318995     2.6364    240.000 6.2455e-02    14.2339    35.8174  1027.8332    26.7692    3.75216         51 0.0000e+00
      27819 166.466702     -0.270    240.703    14.2778   4.319784     2.6871    239.000 6.0394e-02    14.2422    35.8176  1027.8271    26.7676    3.84945         52 0.0000e+00
      27873 166.466728     -0.476    239.696    14.2807   4.320094     2.7040    238.000 5.9790e-02    14.2453    35.8181  1027.8224    26.7674    3.88149         43 0.0000e+00
      27915 166.466749     -0.573    238.691    14.2927   4.321388     2.7294    237.000 5.7445e-02    14.2574    35.8195  1027.8164    26.7658    3.92913         38 0.0000e+00
      27959 166.466770     -0.552    237.691    14.3004   4.322256     2.7531    236.000 5.7643e-02    14.2652    35.8208  1027.8114    26.7652    3.97387         43 0.0000e+00
      28004 166.466792     -0.543    236.674    14.3143   4.323814     2.7722    235.000 5.6266e-02    14.2792    35.8228  1027.8054    26.7637    4.00922         47 0.0000e+00
      28049 166.466813     -0.536    235.672    14.3364   4.326315     2.7864    234.000 5.6657e-02    14.3015    35.8260  1027.7985    26.7614    4.03440         40 0.0000e+00
      28123 166.466849     -0.323    234.661    14.3492   4.327704     2.7977    233.000 5.5788e-02    14.3144    35.8275  1027.7924    26.7598    4.05453         45 0.0000e+00
      28198 166.466885     -0.360    233.648    14.3619   4.329116     2.8023    232.000 5.5973e-02    14.3272    35.8292  1027.7864    26.7583    4.06188         52 0.0000e+00
      28241 166.466906     -0.552    232.644    14.3666   4.329624     2.8027    231.000 5.6566e-02    14.3321    35.8299  1027.7816    26.7579    4.06170         38 0.0000e+00
      28283 166.466926     -0.576    231.638    14.3722   4.330224     2.8042    230.000 5.6049e-02    14.3379    35.8307  1027.7765    26.7572    4.06362         45 0.0000e+00
      28329 166.466948     -0.527    230.630    14.3763   4.330641     2.8024    229.000 5.6945e-02    14.3421    35.8312  1027.7715    26.7567    4.05918         50 0.0000e+00
      28380 166.466973     -0.450    229.621    14.3866   4.331809     2.8012    228.000 5.7669e-02    14.3525    35.8329  1027.7661    26.7558    4.05543         40 0.0000e+00
      28415 166.466990     -0.674    228.616    14.4050   4.333833     2.7913    227.000 6.4751e-02    14.3711    35.8350  1027.7593    26.7534    4.03435         32 0.0000e+00
      28493 166.467027     -0.296    227.604    14.4346   4.337116     2.7543    226.000 6.1483e-02    14.4008    35.8385  1027.7509    26.7497    3.95992         31 0.0000e+00
      28548 166.467054     -0.489    226.608    14.4538   4.339339     2.7251    225.000 6.3661e-02    14.4200    35.8417  1027.7448    26.7480    3.90164         43 0.0000e+00
      28597 166.467078     -0.490    225.599    14.4739   4.341580     2.6985    224.000 6.6817e-02    14.4403    35.8443  1027.7379    26.7456    3.84814         48 0.0000e+00
      28702 166.467128     -0.260    224.594    14.4870   4.343047     2.6606    223.000 6.9063e-02    14.4535    35.8462  1027.7320    26.7442    3.77354         32 0.0000e+00
      28781 166.467167     -0.355    223.571    14.4934   4.343750     2.6436    222.000 7.0145e-02    14.4601    35.8471  1027.7268    26.7435    3.73985         45 0.0000e+00
      28821 166.467186     -0.587    222.568    14.4991   4.344365     2.6381    221.000 7.0418e-02    14.4659    35.8479  1027.7218    26.7429    3.72828         41 0.0000e+00
      28872 166.467210     -0.512    221.568    14.5078   4.345298     2.6290    220.000 7.1436e-02    14.4747    35.8490  1027.7162    26.7418    3.70964         35 0.0000e+00
      29010 166.467277     -0.273    220.545    14.5535   4.350635     2.5993    219.000 7.9120e-02    14.5205    35.8564  1027.7074    26.7376    3.64849         34 0.0000e+00
      29038 166.467290     -0.661    219.547    14.5709   4.352511     2.6022    218.000 7.6700e-02    14.5381    35.8581  1027.7004    26.7351    3.65235         39 0.0000e+00
      29157 166.467348     -0.241    218.533    14.6121   4.357176     2.6127    217.000 7.8461e-02    14.5794    35.8635  1027.6910    26.7303    3.66889         41 0.0000e+00
      29232 166.467384     -0.328    217.536    14.6176   4.357742     2.6165    216.000 7.5965e-02    14.5850    35.8640  1027.6858    26.7295    3.67527         41 0.0000e+00
      29321 166.467427     -0.362    216.521    14.6271   4.358782     2.6230    215.000 7.6622e-02    14.5946    35.8653  1027.6802    26.7284    3.68667         50 0.0000e+00
      29405 166.467467     -0.338    215.541    14.6378   4.359931     2.5926    214.000 8.3801e-02    14.6054    35.8664  1027.6743    26.7269    3.62696         17 0.0000e+00
      29518 166.467522     -0.303    214.504    14.6549   4.361802     2.5339    213.000 8.5979e-02    14.6227    35.8683  1027.6674    26.7246    3.51279         55 0.0000e+00
      29602 166.467562     -0.280    213.494    14.6622   4.362621     2.5253    212.000 8.5714e-02    14.6301    35.8695  1027.6623    26.7239    3.49523         47 0.0000e+00
      29675 166.467597     -0.333    212.488    14.6696   4.363377     2.5168    211.000 8.5389e-02    14.6376    35.8701  1027.6566    26.7227    3.47789         38 0.0000e+00
      29765 166.467641     -0.266    211.483    14.6787   4.364403     2.5159    210.000 8.2281e-02    14.6469    35.8715  1027.6513    26.7218    3.47514         51 0.0000e+00
      29839 166.467676     -0.366    210.474    14.6853   4.365103     2.5222    209.000 8.0586e-02    14.6536    35.8724  1027.6460    26.7210    3.48624         50 0.0000e+00
      29907 166.467709     -0.333    209.474    14.6933   4.365986     2.5298    208.000 7.7316e-02    14.6617    35.8735  1027.6407    26.7201    3.49973         60 0.0000e+00
      29974 166.467742     -0.378    208.462    14.6988   4.366600     2.5404    207.000 7.6397e-02    14.6675    35.8744  1027.6357    26.7196    3.51916         50 0.0000e+00
      30158 166.467830     -0.229    207.444    14.7176   4.368749     2.5637    206.000 7.5385e-02    14.6864    35.8773  1027.6293    26.7176    3.56189         31 0.0000e+00
      30201 166.467851     -0.646    206.450    14.7248   4.369580     2.5661    205.000 7.7381e-02    14.6936    35.8788  1027.6244    26.7172    3.56541         30 0.0000e+00
      30326 166.467911     -0.571    205.443    14.7438   4.371742     2.5843    204.000 7.2468e-02    14.7128    35.8815  1027.6178    26.7151    3.59839         50 0.0000e+00
      30449 166.467971     -0.455    204.434    14.7720   4.375110     2.6082    203.000 6.8496e-02    14.7411    35.8869  1027.6113    26.7130    3.64143         58 0.0000e+00
      30520 166.468005     -0.320    203.422    14.7955   4.377781     2.6267    202.000 7.0072e-02    14.7647    35.8902  1027.6041    26.7104    3.67456         51 0.0000e+00
      30658 166.468071     -0.252    202.413    14.8306   4.381857     2.6563    201.000 6.6318e-02    14.7999    35.8957  1027.5961    26.7070    3.72781         56 0.0000e+00
      30726 166.468104     -0.345    201.409    14.8497   4.384141     2.6761    200.000 6.3891e-02    14.8192    35.8995  1027.5903    26.7056    3.76368         50 0.0000e+00
      30770 166.468126     -0.539    200.410    14.8727   4.386849     2.6944    199.000 6.3646e-02    14.8423    35.9035  1027.5838    26.7037    3.79614         36 0.0000e+00
      30872 166.468175     -0.359    199.393    14.9226   4.392621     2.7250    198.000 6.1323e-02    14.8923    35.9109  1027.5739    26.6984    3.85002         53 0.0000e+00
      30948 166.468211     -0.474    198.380    14.9650   4.397666     2.7427    197.000 6.3519e-02    14.9348    35.9185  1027.5658    26.6949    3.87978         35 0.0000e+00
      30980 166.468227     -0.700    197.382    14.9853   4.399853     2.7470    196.000 6.1795e-02    14.9552    35.9203  1027.5582    26.6917    3.88588         35 0.0000e+00
      31056 166.468263     -0.296    196.379    15.0028   4.401864     2.7586    195.000 6.0844e-02    14.9728    35.9230  1027.5519    26.6899    3.90614         43 0.0000e+00
      31110 166.468290     -0.485    195.363    15.0117   4.402843     2.7662    194.000 6.0283e-02    14.9819    35.9242  1027.5463    26.6888    3.91933         49 0.0000e+00
      31209 166.468337     -0.272    194.357    15.0375   4.405858     2.7798    193.000 5.9685e-02    15.0077    35.9284  1027.5394    26.6864    3.94248         27 0.0000e+00
      31283 166.468373     -0.416    193.345    15.0568   4.408062     2.7894    192.000 5.8848e-02    15.0272    35.9312  1027.5327    26.6842    3.95860         47 0.0000e+00
      31325 166.468393     -0.556    192.345    15.0717   4.409826     2.7968    191.000 5.7807e-02    15.0422    35.9341  1027.5272    26.6831    3.97080         42 0.0000e+00
      31381 166.468420     -0.415    191.332    15.0971   4.412830     2.8158    190.000 5.5762e-02    15.0678    35.9385  1027.5204    26.6809    4.00427         60 0.0000e+00
      31426 166.468442     -0.531    190.321    15.1438   4.418427     2.8454    189.000 5.3807e-02    15.1146    35.9471  1027.5120    26.6771    4.05590         32 0.0000e+00
      31456 166.468456     -0.766    189.317    15.1705   4.421479     2.8740    188.000 5.2770e-02    15.1413    35.9509  1027.5045    26.6740    4.10733         26 0.0000e+00
      31487 166.468471     -0.821    188.319    15.1775   4.422158     2.8988    187.000 5.1767e-02    15.1486    35.9510  1027.4986    26.6725    4.15298         33 0.0000e+00
      31561 166.468507     -0.341    187.317    15.1877   4.423396     2.9303    186.000 5.1387e-02    15.1589    35.9533  1027.4936    26.6720    4.21104         41 0.0000e+00
      31620 166.468536     -0.467    186.289    15.2023   4.425070     2.9482    185.000 5.1684e-02    15.1736    35.9556  1027.4876    26.6705    4.24304         35 0.0000e+00
      31649 166.468549     -0.762    185.286    15.2149   4.426415     2.9542    184.000 5.0187e-02    15.1864    35.9567  1027.4811    26.6684    4.25284         26 0.0000e+00
