jupyter/NEMEA/teste_rotina/cnvs/uMCTV005.cnv
* Sea-Bird SBE 9 Data File:
* FileName = D:\ACEX\brutos\MCTV005.hex
* Software Version Seasave V 7.17
* Temperature SN = 4821
* Conductivity SN = 3367
* Number of Bytes Per Scan = 21
* Number of Voltage Words = 3
* Number of Scans Averaged by the Deck Unit = 1
** H38 
** NHo Cruzeiro do Sul 
** 222 
** MCTV ACEx 
**   005
**   25 47.204 s
**   048 51.642 w
**   13/06/2012 03:09z
**   97
** 9P46375-0882 
**   1T Oliveira Santos
# nquan = 16
# nvalues = 80                          
# units = specified
# name 0 = scan: Scan Count
# name 1 = timeJ: Julian Days
# name 2 = dz/dtM: Descent Rate [m/s]
# name 3 = prDM: Pressure, Digiquartz [db]
# name 4 = t090C: Temperature [ITS-90, deg C]
# name 5 = c0S/m: Conductivity [S/m]
# name 6 = sbeox0V: Oxygen Voltage, SBE 43
# name 7 = depSM: Depth [salt water, m]
# name 8 = flSP: Fluorescence, Seapoint
# name 9 = potemp090C: Potential Temperature [ITS-90, deg C]
# name 10 = sal00: Salinity [PSU]
# name 11 = density00: Density [density, Kg/m^3]
# name 12 = sigma-é00: Density [sigma-theta, Kg/m^3]
# name 13 = sbeox0ML/L: Oxygen, SBE 43 [ml/l], WS = 2
# name 14 = nbin: number of scans per bin
# name 15 = flag: flag
# span 0 =      11181,      25577       
# span 1 = 165.015068, 165.022010       
# span 2 =     -0.838,     -0.213       
# span 3 =      1.012,     80.541       
# span 4 =    19.9630,    20.9140       
# span 5 =   4.940634,   5.076714       
# span 6 =     2.8222,     3.4938       
# span 7 =      1.000,     80.000       
# span 8 = 2.1398e-01, 7.2039e-01       
# span 9 =    19.9481,    20.9005       
# span 10 =    35.7937,    36.5309      
# span 11 =  1025.2415,  1026.1671      
# span 12 =    25.2334,    25.8201      
# span 13 =    3.60643,    4.67001      
# span 14 =         10,         71      
# span 15 = 0.0000e+00, 0.0000e+00      
# interval = meters: 1                  
# start_time = Jun 13 2012 00:13:56
# bad_flag = -9.990e-29
*END*
      11181 165.015068     -0.286     80.541    19.9630   4.958025     2.8222     80.000 2.3328e-01    19.9481    36.3688  1026.1671    25.8201    3.60643         71 0.0000e+00
      11313 165.015131     -0.323     79.531    19.9973   4.961928     2.8296     79.000 2.4006e-01    19.9825    36.3717  1026.1558    25.8132    3.61638         64 0.0000e+00
      11383 165.015165     -0.356     78.523    20.0311   4.965849     2.8351     78.000 2.2637e-01    20.0165    36.3752  1026.1449    25.8067    3.62293         44 0.0000e+00
      11417 165.015181     -0.641     77.521    20.0991   4.973934     2.8445     77.000 2.2860e-01    20.0846    36.3833  1026.1286    25.7948    3.63386         33 0.0000e+00
      11487 165.015215     -0.464     76.514    20.1964   4.985610     2.8739     76.000 2.3415e-01    20.1821    36.3955  1026.1075    25.7781    3.67659         51 0.0000e+00
      11587 165.015263     -0.399     75.501    20.2446   4.991753     2.8948     75.000 2.1398e-01    20.2304    36.4046  1026.0971    25.7722    3.70821         40 0.0000e+00
      11623 165.015281     -0.624     74.500    20.2846   4.996983     2.9060     74.000 2.3966e-01    20.2706    36.4134  1026.0887    25.7681    3.72368         39 0.0000e+00
      11667 165.015302     -0.570     73.497    20.3586   5.006894     2.9368     73.000 2.3881e-01    20.3448    36.4310  1026.0778    25.7616    3.76993         40 0.0000e+00
      11789 165.015361     -0.213     72.475    20.6389   5.043218     3.0791     72.000 2.4486e-01    20.6252    36.4864  1026.0397    25.7282    3.98845         42 0.0000e+00
      11816 165.015374     -0.664     71.479    20.8545   5.071469     3.1419     71.000 2.5789e-01    20.8408    36.5309  1026.0104    25.7034    4.07666         33 0.0000e+00
      11851 165.015391     -0.720     70.474    20.9140   5.076714     3.2018     70.000 2.8897e-01    20.9005    36.5226  1025.9834    25.6809    4.17208         39 0.0000e+00
      11912 165.015420     -0.367     69.463    20.8893   5.070380     3.2497     69.000 2.9387e-01    20.8760    36.4929  1025.9631    25.6649    4.25411         69 0.0000e+00
      11983 165.015454     -0.350     68.458    20.8829   5.067734     3.2716     68.000 3.3142e-01    20.8697    36.4774  1025.9487    25.6548    4.29091         69 0.0000e+00
      12042 165.015483     -0.418     67.446    20.8792   5.063755     3.2899     67.000 3.3129e-01    20.8663    36.4486  1025.9234    25.6338    4.32193         45 0.0000e+00
      12079 165.015501     -0.630     66.445    20.8754   5.055860     3.3055     66.000 3.4248e-01    20.8627    36.3883  1025.8741    25.5888    4.34914         34 0.0000e+00
      12126 165.015523     -0.561     65.441    20.8719   5.050574     3.3266     65.000 3.7355e-01    20.8593    36.3489  1025.8408    25.5597    4.38511         35 0.0000e+00
      12222 165.015570     -0.305     64.428    20.8686   5.046611     3.3556     64.000 3.7141e-01    20.8562    36.3200  1025.8153    25.5385    4.43395         48 0.0000e+00
      12267 165.015591     -0.560     63.428    20.8618   5.040532     3.3631     63.000 4.0245e-01    20.8497    36.2770  1025.7800    25.5075    4.44761         36 0.0000e+00
      12351 165.015632     -0.276     62.407    20.8429   5.030355     3.3804     62.000 4.0065e-01    20.8310    36.2110  1025.7305    25.4623    4.47906         44 0.0000e+00
      12380 165.015646     -0.691     61.409    20.8029   5.018555     3.3888     61.000 4.0863e-01    20.7912    36.1498  1025.6904    25.4265    4.49729         28 0.0000e+00
      12411 165.015661     -0.807     60.405    20.7732   5.012276     3.3951     60.000 4.8136e-01    20.7616    36.1246  1025.6750    25.4154    4.51014         33 0.0000e+00
      12452 165.015681     -0.599     59.398    20.7441   5.005920     3.4053     59.000 4.8488e-01    20.7328    36.0981  1025.6583    25.4030    4.52969         45 0.0000e+00
      12495 165.015701     -0.557     58.386    20.7267   5.001963     3.4082     58.000 5.8134e-01    20.7156    36.0812  1025.6458    25.3948    4.53584         34 0.0000e+00
      12526 165.015716     -0.716     57.383    20.6643   4.989246     3.4163     57.000 5.7869e-01    20.6534    36.0314  1025.6204    25.3737    4.55509         30 0.0000e+00
      12557 165.015731     -0.802     56.381    20.6322   4.983520     3.4250     56.000 6.6419e-01    20.6215    36.0125  1025.6104    25.3679    4.57208         35 0.0000e+00
      15254 165.017032     -0.314     55.365    20.6149   4.980826     3.4407     55.000 6.6833e-01    20.6044    36.0057  1025.6055    25.3673    4.59934         50 0.0000e+00
      15477 165.017139     -0.613     54.362    20.5949   4.977183     3.4432     54.000 6.6162e-01    20.5846    35.9934  1025.5971    25.3633    4.60500         33 0.0000e+00
      15524 165.017162     -0.633     53.356    20.5882   4.975922     3.4471     53.000 6.9686e-01    20.5781    35.9892  1025.5914    25.3618    4.61147         47 0.0000e+00
      15576 165.017187     -0.440     52.344    20.5864   4.975433     3.4514     52.000 7.2039e-01    20.5765    35.9871  1025.5858    25.3607    4.61826         49 0.0000e+00
      15615 165.017206     -0.598     51.339    20.5814   4.974233     3.4496     51.000 6.4552e-01    20.5716    35.9820  1025.5790    25.3581    4.61522         32 0.0000e+00
      15651 165.017223     -0.678     50.339    20.5766   4.973294     3.4524     50.000 6.5307e-01    20.5671    35.9787  1025.5734    25.3568    4.61968         44 0.0000e+00
      15711 165.017252     -0.364     49.323    20.5738   4.972743     3.4527     49.000 6.5969e-01    20.5645    35.9770  1025.5684    25.3562    4.61995         56 0.0000e+00
      15756 165.017274     -0.548     48.322    20.5696   4.971694     3.4563     48.000 6.3112e-01    20.5605    35.9724  1025.5617    25.3538    4.62586         39 0.0000e+00
      15810 165.017300     -0.455     47.316    20.5621   4.970581     3.4533     47.000 6.3003e-01    20.5532    35.9701  1025.5576    25.3540    4.62087         50 0.0000e+00
      15887 165.017337     -0.313     46.304    20.5439   4.966960     3.4557     46.000 6.8298e-01    20.5351    35.9565  1025.5477    25.3485    4.62612         58 0.0000e+00
      15935 165.017360     -0.506     45.302    20.5333   4.964937     3.4591     45.000 6.2577e-01    20.5248    35.9493  1025.5408    25.3458    4.63219         42 0.0000e+00
      15984 165.017384     -0.493     44.295    20.5301   4.964355     3.4555     44.000 6.2655e-01    20.5218    35.9477  1025.5360    25.3454    4.62574         62 0.0000e+00
      16051 165.017416     -0.345     43.285    20.5288   4.964079     3.4580     43.000 6.3253e-01    20.5206    35.9469  1025.5314    25.3451    4.62957         61 0.0000e+00
      16107 165.017443     -0.432     42.279    20.5285   4.963939     3.4567     42.000 6.3875e-01    20.5205    35.9464  1025.5267    25.3448    4.62678         50 0.0000e+00
      16151 165.017464     -0.552     41.273    20.5275   4.963723     3.4596     41.000 6.1049e-01    20.5197    35.9458  1025.5221    25.3445    4.63105         41 0.0000e+00
      16198 165.017487     -0.520     40.269    20.5267   4.963506     3.4561     40.000 6.4514e-01    20.5191    35.9451  1025.5175    25.3442    4.62467         47 0.0000e+00
      16286 165.017529     -0.281     39.258    20.5261   4.963340     3.4608     39.000 5.9582e-01    20.5186    35.9447  1025.5129    25.3440    4.63191         65 0.0000e+00
      16345 165.017558     -0.428     38.248    20.5253   4.963149     3.4623     38.000 5.7167e-01    20.5180    35.9442  1025.5084    25.3437    4.63389         43 0.0000e+00
      16383 165.017576     -0.609     37.248    20.5251   4.963096     3.4644     37.000 6.1005e-01    20.5180    35.9443  1025.5041    25.3438    4.63680         44 0.0000e+00
      16430 165.017599     -0.515     36.240    20.5243   4.962913     3.4641     36.000 5.9572e-01    20.5174    35.9438  1025.4996    25.3436    4.63580         47 0.0000e+00
      16482 165.017624     -0.464     35.235    20.5234   4.962722     3.4636     35.000 6.3045e-01    20.5167    35.9434  1025.4951    25.3435    4.63435         57 0.0000e+00
      16556 165.017660     -0.294     34.218    20.5229   4.962616     3.4647     34.000 5.9409e-01    20.5164    35.9433  1025.4908    25.3435    4.63575         38 0.0000e+00
      16595 165.017678     -0.599     33.220    20.5227   4.962560     3.4637     33.000 5.3456e-01    20.5165    35.9434  1025.4865    25.3435    4.63337         33 0.0000e+00
      16633 165.017697     -0.669     32.217    20.5219   4.962341     3.4601     32.000 5.4028e-01    20.5158    35.9427  1025.4819    25.3432    4.62680         41 0.0000e+00
      16706 165.017732     -0.285     31.199    20.5204   4.961975     3.4629     31.000 5.6500e-01    20.5145    35.9413  1025.4768    25.3425    4.63094         43 0.0000e+00
      16746 165.017751     -0.586     30.201    20.5193   4.961581     3.4623     30.000 5.3649e-01    20.5136    35.9394  1025.4712    25.3413    4.62951         43 0.0000e+00
      16801 165.017778     -0.423     29.191    20.5147   4.959904     3.4636     29.000 5.8427e-01    20.5092    35.9300  1025.4610    25.3353    4.63164         59 0.0000e+00
      16850 165.017801     -0.505     28.183    20.5135   4.959327     3.4643     28.000 5.2605e-01    20.5082    35.9267  1025.4543    25.3330    4.63244         38 0.0000e+00
      16884 165.017818     -0.679     27.181    20.5191   4.959428     3.4663     27.000 5.3070e-01    20.5140    35.9231  1025.4458    25.3288    4.63483         36 0.0000e+00
      17525 165.018127     -0.384     26.173    20.5534   4.962655     3.4783     26.000 4.1451e-01    20.5484    35.9207  1025.4302    25.3176    4.65161         50 0.0000e+00
      18269 165.018486     -0.515     25.169    20.5865   4.966012     3.4821     25.000 3.5078e-01    20.5817    35.9202  1025.4166    25.3083    4.65467         26 0.0000e+00
      18261 165.018482     -0.811     24.174    20.5878   4.965914     3.4826     24.000 3.9140e-01    20.5833    35.9187  1025.4107    25.3067    4.65471         29 0.0000e+00
      18300 165.018501     -0.654     23.156    20.5857   4.965470     3.4830     23.000 3.7853e-01    20.5813    35.9173  1025.4058    25.3061    4.65493         45 0.0000e+00
      18344 165.018522     -0.544     22.146    20.5853   4.965301     3.4806     22.000 3.9432e-01    20.5811    35.9165  1025.4010    25.3056    4.65036         35 0.0000e+00
      18380 165.018539     -0.635     21.145    20.5864   4.965141     3.4824     21.000 3.9503e-01    20.5824    35.9147  1025.3949    25.3039    4.65270         31 0.0000e+00
      18413 165.018555     -0.730     20.138    20.5752   4.962476     3.4792     20.000 3.9181e-01    20.5714    35.9029  1025.3845    25.2978    4.64798         32 0.0000e+00
      18444 165.018570     -0.766     19.126    20.5708   4.961430     3.4800     19.000 3.8407e-01    20.5672    35.8985  1025.3780    25.2956    4.64909         29 0.0000e+00
      18473 165.018584     -0.822     18.122    20.5683   4.960808     3.4850     18.000 3.6168e-01    20.5649    35.8959  1025.3723    25.2943    4.65722         25 0.0000e+00
      18501 165.018598     -0.838     17.133    20.5707   4.961230     3.4832     17.000 3.8007e-01    20.5675    35.8976  1025.3686    25.2949    4.65334         25 0.0000e+00
      19963 165.019303     -0.319     16.110    20.5758   4.961907     3.4867     16.000 3.6086e-01    20.5728    35.8992  1025.3640    25.2947    4.65806         61 0.0000e+00
      20282 165.019457     -0.251     15.095    20.5761   4.961805     3.4840     15.000 3.7344e-01    20.5732    35.8985  1025.3590    25.2940    4.65285         48 0.0000e+00
      20330 165.019480     -0.491     14.095    20.5692   4.960431     3.4868     14.000 3.7367e-01    20.5666    35.8935  1025.3527    25.2920    4.65766         53 0.0000e+00
      20465 165.019545     -0.265     13.082    20.5607   4.958123     3.4854     13.000 3.8874e-01    20.5582    35.8823  1025.3420    25.2857    4.65565         14 0.0000e+00
      20770 165.019692     -0.268     12.079    20.5502   4.955773     3.4815     12.000 3.5728e-01    20.5479    35.8725  1025.3330    25.2810    4.64961         44 0.0000e+00
      21648 165.020115     -0.328     11.070    20.5392   4.952760     3.4870     11.000 3.5697e-01    20.5371    35.8576  1025.3203    25.2726    4.65951         45 0.0000e+00
      21633 165.020108     -0.613     10.071    20.5402   4.951494     3.4885     10.000 3.9835e-01    20.5382    35.8469  1025.3075    25.2641    4.66158         39 0.0000e+00
      21719 165.020150     -0.287      9.057    20.5382   4.950420     3.4880      9.000 3.9431e-01    20.5365    35.8402  1025.2984    25.2594    4.66044         55 0.0000e+00
      21784 165.020181     -0.407      8.052    20.5373   4.949643     3.4906      8.000 3.7914e-01    20.5358    35.8350  1025.2904    25.2557    4.66436         47 0.0000e+00
      21832 165.020204     -0.523      7.049    20.5326   4.948018     3.4894      7.000 3.6805e-01    20.5312    35.8261  1025.2805    25.2502    4.66242         41 0.0000e+00
      21915 165.020244     -0.288      6.034    20.5245   4.945830     3.4897      6.000 3.8607e-01    20.5234    35.8155  1025.2702    25.2442    4.66330         49 0.0000e+00
      21956 165.020264     -0.574      5.036    20.5198   4.944561     3.4938      5.000 3.5240e-01    20.5188    35.8096  1025.2626    25.2409    4.67001         39 0.0000e+00
      22024 165.020297     -0.377      4.028    20.5167   4.943806     3.4877      4.000 3.7939e-01    20.5160    35.8063  1025.2565    25.2392    4.65958         39 0.0000e+00
      22098 165.020332     -0.361      3.019    20.5071   4.941663     3.4875      3.000 3.9014e-01    20.5065    35.7974  1025.2479    25.2349    4.65954         60 0.0000e+00
      22305 165.020432     -0.287      2.015    20.5021   4.940634     3.4889      2.000 3.8706e-01    20.5017    35.7937  1025.2420    25.2334    4.66172         68 0.0000e+00
      25577 165.022010     -0.238      1.012    20.5011   4.941065     3.4863      1.000 4.3393e-01    20.5008    35.7984  1025.2415    25.2372    4.65685         10 0.0000e+00
