jupyter/NEMEA/teste_rotina/cnvs/uMCTV004.cnv
* Sea-Bird SBE 9 Data File:
* FileName = D:\ACEX\brutos\MCTV004.hex
* Software Version Seasave V 7.17
* Temperature SN = 4821
* Conductivity SN = 3367
* Number of Bytes Per Scan = 21
* Number of Voltage Words = 3
* Number of Scans Averaged by the Deck Unit = 1
** H38 
** NHo Cruzeiro do Sul 
** 222 
** MCTV ACEx 
**   004
**   25 54.906 s
**   046 1.015 w
**   12/06/2012 20:55Z
**   205
** 9P46375-0882 
**   Pesq. Catarina Cecilio
# nquan = 16
# nvalues = 166                         
# units = specified
# name 0 = scan: Scan Count
# name 1 = timeJ: Julian Days
# name 2 = dz/dtM: Descent Rate [m/s]
# name 3 = prDM: Pressure, Digiquartz [db]
# name 4 = t090C: Temperature [ITS-90, deg C]
# name 5 = c0S/m: Conductivity [S/m]
# name 6 = sbeox0V: Oxygen Voltage, SBE 43
# name 7 = depSM: Depth [salt water, m]
# name 8 = flSP: Fluorescence, Seapoint
# name 9 = potemp090C: Potential Temperature [ITS-90, deg C]
# name 10 = sal00: Salinity [PSU]
# name 11 = density00: Density [density, Kg/m^3]
# name 12 = sigma-é00: Density [sigma-theta, Kg/m^3]
# name 13 = sbeox0ML/L: Oxygen, SBE 43 [ml/l], WS = 2
# name 14 = nbin: number of scans per bin
# name 15 = flag: flag
# span 0 =      11675,      23366       
# span 1 = 164.752482, 164.758119       
# span 2 =     -1.204,     -0.211       
# span 3 =      1.018,    167.171       
# span 4 =    12.8844,    22.5161       
# span 5 =   4.158864,   5.256532       
# span 6 =     2.4895,     3.4938       
# span 7 =      1.000,    166.000       
# span 8 = 4.8082e-02, 5.0048e-02       
# span 9 =    12.8614,    22.5090       
# span 10 =    35.6330,    36.7639      
# span 11 =  1025.1141,  1027.6525      
# span 12 =    25.1097,    26.9114      
# span 13 =    3.33820,    4.54950      
# span 14 =         18,         65      
# span 15 = 0.0000e+00, 0.0000e+00      
# interval = meters: 1                  
# start_time = Jun 12 2012 17:55:28
# bad_flag = -9.990e-29
*END*
      11682 164.752485     -0.457    167.171    12.8844   4.158864     2.8858    166.000 4.8770e-02    12.8614    35.6330  1027.6525    26.9114    4.31550         38 0.0000e+00
      11675 164.752482     -0.380    166.150    12.9122   4.161823     2.8884    165.000 4.8812e-02    12.8893    35.6355  1027.6443    26.9078    4.31767         41 0.0000e+00
      11764 164.752524     -0.457    165.137    12.9456   4.165943     2.8899    164.000 4.8730e-02    12.9228    35.6439  1027.6394    26.9075    4.31678         23 0.0000e+00
      11782 164.752533     -0.933    164.137    12.9638   4.168015     2.8905    163.000 4.8845e-02    12.9411    35.6471  1027.6337    26.9063    4.31581         19 0.0000e+00
      11802 164.752543     -1.163    163.129    13.0065   4.172742     2.8903    162.000 4.8901e-02    12.9840    35.6524  1027.6246    26.9018    4.31099         21 0.0000e+00
      11824 164.752554     -1.169    162.116    13.0176   4.173756     2.8910    161.000 4.8893e-02    12.9952    35.6522  1027.6176    26.8993    4.31082         23 0.0000e+00
      11846 164.752564     -1.091    161.117    13.0316   4.175578     2.8905    160.000 4.8556e-02    13.0093    35.6568  1027.6139    26.9001    4.30779         25 0.0000e+00
      11874 164.752577     -0.979    160.103    13.0536   4.177943     2.8902    159.000 4.8661e-02    13.0314    35.6591  1027.6066    26.8974    4.30471         27 0.0000e+00
      11907 164.752594     -0.766    159.103    13.0849   4.181424     2.8850    158.000 4.8844e-02    13.0628    35.6634  1027.5991    26.8943    4.29108         38 0.0000e+00
      11957 164.752618     -0.451    158.088    13.1464   4.189086     2.8792    157.000 4.8968e-02    13.1244    35.6790  1027.5940    26.8939    4.27344         41 0.0000e+00
      11987 164.752632     -0.697    157.075    13.2554   4.200639     2.8723    156.000 4.8833e-02    13.2334    35.6870  1027.5731    26.8779    4.24991         22 0.0000e+00
      12008 164.752642     -0.984    156.081    13.2548   4.200479     2.8712    155.000 4.8620e-02    13.2329    35.6865  1027.5684    26.8776    4.24708         22 0.0000e+00
      12030 164.752653     -1.130    155.075    13.2692   4.202055     2.8758    154.000 4.8727e-02    13.2475    35.6884  1027.5624    26.8760    4.25423         22 0.0000e+00
      12069 164.752672     -0.723    154.063    13.2896   4.204199     2.8853    153.000 4.8761e-02    13.2680    35.6900  1027.5549    26.8731    4.27056         46 0.0000e+00
      12123 164.752698     -0.389    153.048    13.3152   4.207375     2.8917    152.000 4.8804e-02    13.2937    35.6966  1027.5502    26.8729    4.28013         30 0.0000e+00
      12146 164.752709     -0.798    152.046    13.3507   4.211074     2.8947    151.000 4.8613e-02    13.3293    35.6989  1027.5401    26.8674    4.28221         22 0.0000e+00
      12168 164.752719     -1.047    151.041    13.3597   4.212002     2.8968    150.000 4.8628e-02    13.3384    35.6997  1027.5344    26.8662    4.28508         23 0.0000e+00
      12193 164.752732     -1.037    150.035    13.3789   4.214120     2.8992    149.000 4.8923e-02    13.3578    35.7022  1027.5278    26.8641    4.28746         28 0.0000e+00
      12227 164.752748     -0.787    149.023    13.3975   4.216092     2.9010    148.000 4.8934e-02    13.3765    35.7039  1027.5208    26.8616    4.28862         39 0.0000e+00
      12262 164.752765     -0.641    148.013    13.4329   4.220218     2.9035    147.000 4.9316e-02    13.4120    35.7102  1027.5138    26.8591    4.28983         29 0.0000e+00
      12294 164.752780     -0.768    147.013    13.4610   4.222991     2.9039    146.000 4.8943e-02    13.4402    35.7105  1027.5037    26.8536    4.28765         34 0.0000e+00
      12331 164.752798     -0.653    146.005    13.4745   4.224624     2.9047    145.000 4.8939e-02    13.4538    35.7138  1027.4989    26.8533    4.28730         37 0.0000e+00
      12368 164.752816     -0.655    144.992    13.5125   4.228999     2.9063    144.000 4.8837e-02    13.4919    35.7200  1027.4913    26.8502    4.28646         32 0.0000e+00
      12397 164.752830     -0.781    143.978    13.5572   4.233828     2.9066    143.000 4.8791e-02    13.5368    35.7243  1027.4807    26.8442    4.28253         26 0.0000e+00
      12419 164.752841     -0.947    142.975    13.5808   4.236551     2.9070    142.000 4.9046e-02    13.5604    35.7283  1027.4744    26.8424    4.28052         19 0.0000e+00
      12439 164.752850     -1.116    141.985    13.5972   4.238285     2.9050    141.000 4.9241e-02    13.5770    35.7297  1027.4676    26.8401    4.27461         21 0.0000e+00
      12462 164.752861     -1.143    140.970    13.6219   4.241216     2.9048    140.000 4.8679e-02    13.6018    35.7347  1027.4618    26.8388    4.27157         23 0.0000e+00
      12490 164.752875     -0.942    139.963    13.6459   4.243767     2.9092    139.000 4.8970e-02    13.6259    35.7368  1027.4538    26.8354    4.27742         30 0.0000e+00
      12530 164.752894     -0.629    138.950    13.6637   4.245687     2.9163    138.000 4.9091e-02    13.6439    35.7387  1027.4471    26.8331    4.28905         45 0.0000e+00
      12565 164.752911     -0.645    137.937    13.6960   4.249360     2.9208    137.000 4.8551e-02    13.6762    35.7436  1027.4395    26.8301    4.29417         24 0.0000e+00
      12588 164.752922     -0.882    136.943    13.7039   4.250219     2.9222    136.000 4.8737e-02    13.6843    35.7447  1027.4343    26.8293    4.29557         23 0.0000e+00
      12610 164.752932     -1.070    135.931    13.7194   4.252058     2.9260    135.000 4.8781e-02    13.7000    35.7479  1027.4290    26.8285    4.30090         21 0.0000e+00
      12632 164.752943     -1.121    134.924    13.7329   4.253427     2.9311    134.000 4.8893e-02    13.7136    35.7486  1027.4223    26.8262    4.30908         23 0.0000e+00
      12657 164.752955     -1.022    133.914    13.7497   4.255498     2.9364    133.000 4.9113e-02    13.7304    35.7529  1027.4175    26.8260    4.31729         27 0.0000e+00
      12684 164.752968     -0.923    132.912    13.7750   4.258161     2.9398    132.000 4.8888e-02    13.7560    35.7547  1027.4091    26.8220    4.32105         24 0.0000e+00
      12711 164.752982     -0.881    131.908    13.7820   4.258940     2.9450    131.000 4.8887e-02    13.7630    35.7559  1027.4041    26.8215    4.32969         26 0.0000e+00
      12739 164.752995     -0.879    130.895    13.7902   4.259939     2.9468    130.000 4.9263e-02    13.7714    35.7581  1027.3996    26.8215    4.33198         24 0.0000e+00
      12763 164.753006     -0.940    129.890    13.8332   4.264838     2.9491    129.000 4.8825e-02    13.8145    35.7644  1027.3908    26.8173    4.33183         21 0.0000e+00
      12785 164.753017     -1.048    128.887    13.8680   4.268474     2.9480    128.000 4.8790e-02    13.8494    35.7665  1027.3806    26.8116    4.32609         24 0.0000e+00
      12813 164.753031     -0.961    127.878    13.8798   4.269599     2.9444    127.000 4.9041e-02    13.8614    35.7665  1027.3736    26.8090    4.31761         30 0.0000e+00
      12851 164.753049     -0.633    126.862    13.9030   4.272228     2.9431    126.000 4.9011e-02    13.8846    35.7700  1027.3668    26.8068    4.31248         35 0.0000e+00
      12881 164.753063     -0.728    125.868    13.9379   4.275966     2.9427    125.000 4.8891e-02    13.9197    35.7728  1027.3572    26.8016    4.30797         24 0.0000e+00
      12907 164.753076     -0.913    124.850    13.9525   4.277491     2.9414    124.000 4.9078e-02    13.9344    35.7740  1027.3504    26.7994    4.30366         26 0.0000e+00
      12934 164.753089     -0.923    123.849    13.9635   4.278752     2.9406    123.000 4.8922e-02    13.9456    35.7759  1027.3451    26.7985    4.30066         31 0.0000e+00
      12978 164.753110     -0.572    122.833    13.9699   4.279357     2.9374    122.000 4.8751e-02    13.9521    35.7761  1027.3394    26.7973    4.29336         47 0.0000e+00
      13016 164.753128     -0.572    121.828    14.0061   4.283678     2.9269    121.000 4.8790e-02    13.9885    35.7832  1027.3327    26.7951    4.26940         23 0.0000e+00
      13037 164.753139     -0.894    120.834    14.0373   4.287325     2.9121    120.000 4.8782e-02    14.0198    35.7887  1027.3258    26.7927    4.23763         21 0.0000e+00
      13057 164.753148     -1.131    119.816    14.0748   4.291507     2.8963    119.000 4.8601e-02    14.0573    35.7934  1027.3169    26.7883    4.20361         20 0.0000e+00
      13078 164.753158     -1.204    118.813    14.1352   4.298659     2.8752    118.000 4.8778e-02    14.1178    35.8043  1027.3079    26.7840    4.15726         22 0.0000e+00
      13106 164.753172     -0.992    117.804    14.1787   4.303152     2.8476    117.000 4.9014e-02    14.1615    35.8062  1027.2955    26.7761    4.10044         34 0.0000e+00
      13143 164.753190     -0.651    116.794    14.2173   4.307631     2.8208    116.000 4.8761e-02    14.2001    35.8125  1027.2876    26.7727    4.04539         35 0.0000e+00
      13180 164.753208     -0.646    115.787    14.2696   4.313807     2.7975    115.000 4.8766e-02    14.2525    35.8219  1027.2791    26.7687    3.99596         33 0.0000e+00
      13211 164.753222     -0.748    114.783    14.3351   4.321075     2.7730    114.000 4.8714e-02    14.3181    35.8291  1027.2660    26.7602    3.94355         29 0.0000e+00
      13255 164.753244     -0.746    113.779    14.3431   4.321728     2.7511    113.000 4.8715e-02    14.3263    35.8281  1027.2590    26.7577    3.90072         39 0.0000e+00
      13770 164.753492     -0.303    112.771    14.3585   4.323310     2.7184    112.000 4.8750e-02    14.3418    35.8289  1027.2519    26.7550    3.83681         52 0.0000e+00
      13784 164.753499     -0.429    111.764    14.3584   4.323297     2.7218    111.000 4.8461e-02    14.3419    35.8293  1027.2477    26.7553    3.84278         52 0.0000e+00
      13834 164.753523     -0.498    110.759    14.3586   4.323274     2.7191    110.000 4.8550e-02    14.3422    35.8294  1027.2433    26.7553    3.83715         37 0.0000e+00
      13955 164.753581     -0.261    109.738    14.3682   4.324371     2.7149    109.000 4.8542e-02    14.3520    35.8311  1027.2380    26.7545    3.82782         45 0.0000e+00
      13998 164.753602     -0.534    108.756    14.3796   4.325652     2.7112    108.000 4.8709e-02    14.3635    35.8328  1027.2325    26.7533    3.81937         29 0.0000e+00
      14029 164.753617     -0.773    107.735    14.3840   4.326092     2.7097    107.000 4.8661e-02    14.3680    35.8332  1027.2273    26.7527    3.81558         27 0.0000e+00
      14057 164.753631     -0.851    106.723    14.3984   4.327873     2.7061    106.000 4.8694e-02    14.3826    35.8368  1027.2224    26.7522    3.80707         25 0.0000e+00
      14094 164.753648     -0.712    105.723    14.4215   4.330326     2.7003    105.000 4.8701e-02    14.4058    35.8386  1027.2144    26.7486    3.79376         44 0.0000e+00
      14158 164.753679     -0.283    104.709    14.4350   4.331844     2.6938    104.000 4.8654e-02    14.4195    35.8406  1027.2084    26.7472    3.77990         41 0.0000e+00
      14184 164.753692     -0.712    103.702    14.4629   4.334926     2.6855    103.000 4.8405e-02    14.4475    35.8437  1027.2003    26.7436    3.76158         18 0.0000e+00
      14204 164.753701     -1.023    102.720    14.4664   4.335300     2.6784    102.000 4.8854e-02    14.4511    35.8443  1027.1957    26.7433    3.74739         21 0.0000e+00
      14232 164.753715     -0.982    101.698    14.4688   4.335503     2.6730    101.000 4.8759e-02    14.4537    35.8444  1027.1907    26.7428    3.73636         41 0.0000e+00
      14281 164.753738     -0.422    100.684    14.4869   4.337795     2.6671    100.000 4.8598e-02    14.4720    35.8492  1027.1860    26.7426    3.72328         37 0.0000e+00
      14313 164.753754     -0.653     99.688    14.5523   4.345557     2.6537     99.000 4.8559e-02    14.5375    35.8609  1027.1763    26.7374    3.69240         26 0.0000e+00
      14337 164.753765     -0.931     98.675    14.5890   4.349421     2.6358     98.000 4.8354e-02    14.5743    35.8631  1027.1655    26.7311    3.65539         22 0.0000e+00
      14369 164.753781     -0.857     97.664    14.6026   4.350849     2.6116     97.000 4.8647e-02    14.5880    35.8642  1027.1588    26.7289    3.60811         44 0.0000e+00
      14418 164.753804     -0.426     96.649    14.6206   4.353238     2.5930     96.000 4.8574e-02    14.6061    35.8700  1027.1549    26.7295    3.57118         38 0.0000e+00
      14544 164.753865     -0.568     95.656    14.7335   4.366291     2.5702     95.000 4.8607e-02    14.7191    35.8864  1027.1383    26.7175    3.51943         47 0.0000e+00
      14632 164.753908     -0.440     94.638    14.7470   4.367593     2.5674     94.000 4.8660e-02    14.7328    35.8863  1027.1308    26.7144    3.51282         61 0.0000e+00
      14693 164.753937     -0.397     93.639    14.7900   4.372691     2.5663     93.000 4.8522e-02    14.7759    35.8940  1027.1227    26.7109    3.50713         44 0.0000e+00
      14808 164.753992     -0.272     92.623    14.8050   4.373900     2.5372     92.000 4.8418e-02    14.7910    35.8917  1027.1132    26.7058    3.45100         57 0.0000e+00
      14973 164.754072     -0.328     91.624    14.8202   4.375436     2.5322     91.000 4.8531e-02    14.8064    35.8921  1027.1057    26.7028    3.44013         44 0.0000e+00
      15935 164.754536     -0.659     90.616    14.8307   4.376642     2.5274     90.000 4.8369e-02    14.8170    35.8940  1027.1004    26.7019    3.42994         44 0.0000e+00
      16043 164.754588     -0.252     89.592    14.9261   4.387606     2.5179     89.000 4.8622e-02    14.9126    35.9070  1027.0848    26.6909    3.40507         33 0.0000e+00
      16072 164.754602     -0.671     88.593    15.0581   4.401998     2.5085     88.000 4.8318e-02    15.0446    35.9178  1027.0592    26.6700    3.37812         26 0.0000e+00
      16096 164.754614     -0.945     87.595    15.0722   4.403402     2.5012     87.000 4.8255e-02    15.0588    35.9180  1027.0519    26.6670    3.36296         25 0.0000e+00
      16142 164.754636     -0.626     86.585    15.0789   4.404066     2.4926     86.000 4.8466e-02    15.0656    35.9184  1027.0462    26.6658    3.34605         35 0.0000e+00
      16203 164.754665     -0.421     85.580    15.0867   4.404959     2.4896     85.000 4.8102e-02    15.0736    35.9198  1027.0410    26.6651    3.33950         30 0.0000e+00
      16229 164.754678     -0.838     84.572    15.0947   4.405807     2.4895     84.000 4.8391e-02    15.0817    35.9206  1027.0355    26.6639    3.33820         25 0.0000e+00
      16265 164.754695     -0.752     83.565    15.0987   4.406197     2.4906     83.000 4.8326e-02    15.0860    35.9209  1027.0303    26.6632    3.33965         47 0.0000e+00
      16318 164.754721     -0.399     82.552    15.1319   4.410442     2.4977     82.000 4.8491e-02    15.1193    35.9295  1027.0250    26.6624    3.35012         44 0.0000e+00
      16351 164.754737     -0.666     81.545    15.2624   4.425964     2.5152     81.000 4.8358e-02    15.2499    35.9515  1027.0083    26.6503    3.37337         28 0.0000e+00
      16382 164.754752     -0.801     80.548    15.3585   4.436329     2.5387     80.000 4.8082e-02    15.3460    35.9581  1026.9872    26.6338    3.41002         35 0.0000e+00
      16440 164.754780     -0.361     79.529    15.4457   4.447530     2.5783     79.000 4.8380e-02    15.4334    35.9802  1026.9800    26.6311    3.47678         57 0.0000e+00
      16482 164.754800     -0.578     78.527    15.7260   4.480657     2.6312     78.000 4.8462e-02    15.7136    36.0238  1026.9452    26.6012    3.55435         32 0.0000e+00
      16519 164.754818     -0.658     77.523    15.8390   4.493424     2.6736     77.000 4.8409e-02    15.8268    36.0359  1026.9241    26.5846    3.62386         48 0.0000e+00
