jupyter/NEMEA/teste_rotina/cnvs/uMCTV026.cnv
* Sea-Bird SBE 19plus V2 Data File:
* FileName = D:\ACEX_ctd\brutos\MCTV026.hex
* Software Version Seasave V 7.17
* Temperature SN = 6161
* Conductivity SN = 6161
* System UpLoad Time = Jun 19 2012 12:46:47
** H38 
** NHo Cruzeiro do Sul 
** 222 
** MCT V 
**   026
**   33 46.02 S
**   051 11.55 W
**   19/06/2012 15:40 Z
**   216
** 9P46375-0882 
**   1T Oliveira Santos
# nquan = 14
# nvalues = 203                         
# units = specified
# name 0 = scan: Scan Count
# name 1 = timeJ: Julian Days
# name 2 = dz/dtM: Descent Rate [m/s]
# name 3 = prdM: Pressure, Strain Gauge [db]
# name 4 = tv290C: Temperature [ITS-90, deg C]
# name 5 = c0S/m: Conductivity [S/m]
# name 6 = depSM: Depth [salt water, m]
# name 7 = oxsatML/L: Oxygen Saturation [ml/l]
# name 8 = flSP: Fluorescence, Seapoint
# name 9 = potemp090C: Potential Temperature [ITS-90, deg C]
# name 10 = sal00: Salinity [PSU]
# name 11 = density00: Density [density, Kg/m^3]
# name 12 = oxsatML/L: Oxygen Saturation [ml/l]
# name 13 = flag: flag
# span 0 =       3180,       6477       
# span 1 = 171.541687, 171.551228       
# span 2 =     -1.286,     -0.071       
# span 3 =      0.903,    204.263       
# span 4 =    15.7593,    20.0983       
# span 5 =   4.451341,   4.965358       
# span 6 =      1.000,    203.000       
# span 7 =    5.11667,    5.57906       
# span 8 = 6.0794e-02, 8.0812e-01       
# span 9 =    15.7271,    20.0873       
# span 10 =    35.6789,    36.3661      
# span 11 =  1025.6087,  1027.2267      
# span 12 =    5.11666,    5.57902      
# span 13 = 0.0000e+00, 0.0000e+00      
# interval = meters: 1                  
# start_time = Jun 19 2012 12:46:47
# bad_flag = -9.990e-29
*END*
[from data line 104]
       4823 171.546440     -0.828     99.648    18.6312   4.788020     99.000    5.26441 9.6335e-02    18.6135    36.1012  1026.3933    5.26433 0.0000e+00
       4836 171.546479     -0.461     98.592    18.7138   4.797004     98.000    5.25610 9.4803e-02    18.6964    36.1052  1026.3706    5.25601 0.0000e+00
       4853 171.546527     -0.610     97.575    18.7484   4.801579     97.000    5.25239 9.5899e-02    18.7311    36.1139  1026.3640    5.25231 0.0000e+00
       4863 171.546557     -0.494     96.622    18.7962   4.806852     96.000    5.24757 9.7257e-02    18.7790    36.1171  1026.3500    5.24750 0.0000e+00
       4877 171.546597     -0.415     95.550    18.8165   4.808892     95.000    5.24555 1.0122e-01    18.7995    36.1169  1026.3400    5.24550 0.0000e+00
       4895 171.546649     -0.260     94.436    18.8325   4.810658     94.000    5.24393 9.8208e-02    18.8157    36.1183  1026.3321    5.24388 0.0000e+00
       4906 171.546682     -0.582     93.505    18.8513   4.818549     93.000    5.24053 9.8891e-02    18.8346    36.1687  1026.3617    5.24045 0.0000e+00
       4919 171.546720     -0.415     92.478    19.0392   4.841072     92.000    5.22135 1.0297e-01    19.0226    36.1944  1026.3284    5.22122 0.0000e+00
       4930 171.546751     -0.757     91.531    19.0983   4.852950     91.000    5.21412 1.0909e-01    19.0819    36.2428  1026.3460    5.21394 0.0000e+00
       4934 171.546762     -1.159     90.884    19.2407   4.875682     90.000    5.19815 1.1015e-01    19.2243    36.3091  1026.3568    5.19805 0.0000e+00
       4957 171.546830     -0.836     89.562    19.4655   4.894371     89.000    5.17769 1.1454e-01    19.4491    36.2697  1026.2623    5.17753 0.0000e+00
       4962 171.546844     -1.065     88.788    19.5196   4.906520     88.000    5.17081 1.1546e-01    19.5034    36.3240  1026.2861    5.17067 0.0000e+00
       5017 171.547003     -0.258     87.401    19.7237   4.925291     87.000    5.15182 1.2245e-01    19.7076    36.3031  1026.2103    5.15176 0.0000e+00
       5035 171.547055     -0.766     86.548    19.7326   4.928030     86.000    5.15053 1.2350e-01    19.7167    36.3184  1026.2159    5.15045 0.0000e+00
       5042 171.547075     -0.876     85.747    19.8054   4.938983     85.000    5.14273 1.2638e-01    19.7896    36.3462  1026.2144    5.14268 0.0000e+00
       5066 171.547143     -0.177     84.328    20.0036   4.962113     84.000    5.12340 1.2850e-01    19.9879    36.3661  1026.1706    5.12331 0.0000e+00
       5073 171.547165     -0.544     83.462    20.0228   4.963347     83.000    5.12177 1.2967e-01    20.0073    36.3599  1026.1570    5.12167 0.0000e+00
       5085 171.547199     -0.404     82.476    20.0211   4.962029     82.000    5.12218 1.2943e-01    20.0058    36.3509  1026.1463    5.12211 0.0000e+00
       5097 171.547235     -0.587     81.515    20.0174   4.961352     81.000    5.12257 1.3030e-01    20.0022    36.3489  1026.1416    5.12252 0.0000e+00
       5108 171.547266     -0.345     80.443    20.0223   4.962184     80.000    5.12199 1.3280e-01    20.0074    36.3518  1026.1379    5.12196 0.0000e+00
       5120 171.547301     -0.341     79.432    20.0246   4.962265     79.000    5.12180 1.3117e-01    20.0098    36.3509  1026.1322    5.12178 0.0000e+00
       5133 171.547339     -0.428     78.368    20.0257   4.962613     78.000    5.12163 1.3287e-01    20.0111    36.3532  1026.1290    5.12160 0.0000e+00
       5141 171.547361     -0.559     77.523    20.0345   4.963817     77.000    5.12071 1.3367e-01    20.0201    36.3559  1026.1250    5.12069 0.0000e+00
       5155 171.547402     -0.330     76.400    20.0468   4.965135     76.000    5.11954 1.3087e-01    20.0325    36.3565  1026.1173    5.11952 0.0000e+00
       5172 171.547450     -0.202     75.236    20.0473   4.965018     75.000    5.11951 1.2954e-01    20.0333    36.3555  1026.1113    5.11950 0.0000e+00
       5177 171.547466     -0.756     74.382    20.0431   4.964778     74.000    5.11985 1.3190e-01    20.0293    36.3575  1026.1102    5.11983 0.0000e+00
       5181 171.547477     -1.078     73.660    20.0518   4.965358     73.000    5.11906 1.3173e-01    20.0381    36.3550  1026.1028    5.11909 0.0000e+00
       5201 171.547535     -0.536     72.379    20.0364   4.961819     72.000    5.12103 1.3748e-01    20.0230    36.3396  1026.0897    5.12100 0.0000e+00
       5211 171.547563     -0.879     71.489    20.0298   4.961062     71.000    5.12162 1.4290e-01    20.0165    36.3395  1026.0874    5.12164 0.0000e+00
       5219 171.547588     -0.636     70.518    20.0130   4.956882     70.000    5.12381 1.4846e-01    19.9999    36.3199  1026.0728    5.12381 0.0000e+00
       5234 171.547630     -0.408     69.367    19.9976   4.954512     69.000    5.12542 1.7553e-01    19.9847    36.3140  1026.0674    5.12544 0.0000e+00
       5247 171.547668     -0.321     68.357    20.0400   4.958860     68.000    5.12145 2.0114e-01    20.0273    36.3137  1026.0514    5.12145 0.0000e+00
       5258 171.547700     -0.543     67.378    20.0530   4.959839     67.000    5.12032 2.1837e-01    20.0405    36.3108  1026.0415    5.12031 0.0000e+00
       5266 171.547722     -0.520     66.427    20.0604   4.960819     66.000    5.11957 2.3519e-01    20.0480    36.3129  1026.0370    5.11955 0.0000e+00
       5284 171.547775     -0.264     65.259    20.0786   4.961875     65.000    5.11805 2.8264e-01    20.0664    36.3063  1026.0220    5.11804 0.0000e+00
       5293 171.547802     -0.664     64.335    20.0834   4.961194     64.000    5.11789 3.2828e-01    20.0714    36.2969  1026.0095    5.11787 0.0000e+00
       5298 171.547816     -0.825     63.559    20.0907   4.961264     63.000    5.11736 3.5775e-01    20.0789    36.2914  1026.0000    5.11734 0.0000e+00
       5320 171.547880     -0.222     62.211    20.0957   4.961460     62.000    5.11695 4.3022e-01    20.0841    36.2892  1025.9912    5.11694 0.0000e+00
       5327 171.547899     -0.612     61.355    20.0953   4.961381     61.000    5.11698 4.5828e-01    20.0839    36.2892  1025.9875    5.11698 0.0000e+00
       5335 171.547922     -0.531     60.431    20.0955   4.961343     60.000    5.11697 4.6519e-01    20.0842    36.2891  1025.9834    5.11696 0.0000e+00
       5355 171.547980     -0.259     59.161    20.0983   4.961727     59.000    5.11667 4.5734e-01    20.0873    36.2903  1025.9779    5.11666 0.0000e+00
       5360 171.547994     -0.663     58.388    20.0958   4.960713     58.000    5.11707 4.6062e-01    20.0849    36.2844  1025.9708    5.11708 0.0000e+00
       5369 171.548020     -0.444     57.358    20.0790   4.957052     57.000    5.11912 4.8450e-01    20.0683    36.2692  1025.9592    5.11912 0.0000e+00
       5382 171.548058     -0.289     56.290    20.0721   4.955961     56.000    5.11984 5.2059e-01    20.0616    36.2666  1025.9544    5.11985 0.0000e+00
       5395 171.548095     -0.389     55.195    20.0715   4.955825     55.000    5.11991 5.3529e-01    20.0612    36.2663  1025.9496    5.11991 0.0000e+00
       5403 171.548120     -0.425     54.293    20.0715   4.955742     54.000    5.11991 5.2957e-01    20.0614    36.2659  1025.9454    5.11992 0.0000e+00
       5416 171.548157     -0.366     53.071    20.0714   4.955532     53.000    5.11997 5.4601e-01    20.0615    36.2648  1025.9391    5.11997 0.0000e+00
       5419 171.548166     -0.890     52.391    20.0701   4.955105     52.000    5.12015 5.4451e-01    20.0604    36.2626  1025.9349    5.12015 0.0000e+00
       5433 171.548207     -0.515     51.254    20.0654   4.954303     51.000    5.12066 5.4526e-01    20.0559    36.2605  1025.9295    5.12066 0.0000e+00
       5446 171.548243     -0.680     50.200    20.0633   4.954055     50.000    5.12085 5.4941e-01    20.0540    36.2606  1025.9256    5.12085 0.0000e+00
       5449 171.548253     -1.060     49.473    20.0640   4.954216     49.000    5.12075 5.4244e-01    20.0547    36.2617  1025.9231    5.12076 0.0000e+00
       5458 171.548278     -0.495     48.402    20.0693   4.954683     48.000    5.12027 5.5263e-01    20.0602    36.2614  1025.9168    5.12027 0.0000e+00
       5477 171.548334     -0.247     47.138    20.0687   4.954230     47.000    5.12041 6.1691e-01    20.0599    36.2586  1025.9093    5.12041 0.0000e+00
       5485 171.548356     -0.549     46.224    20.0645   4.953219     46.000    5.12094 6.2017e-01    20.0559    36.2542  1025.9031    5.12093 0.0000e+00
       5491 171.548375     -0.634     45.288    20.0613   4.952868     45.000    5.12123 6.1555e-01    20.0529    36.2544  1025.9000    5.12123 0.0000e+00
       5504 171.548412     -0.365     44.198    20.0692   4.953553     44.000    5.12051 6.2463e-01    20.0610    36.2537  1025.8926    5.12051 0.0000e+00
       5521 171.548460     -0.432     42.903    20.0717   4.953204     43.000    5.12041 6.3995e-01    20.0637    36.2491  1025.8829    5.12041 0.0000e+00
       5523 171.548466     -0.945     42.236    20.0682   4.949677     42.000    5.12144 6.2482e-01    20.0604    36.2233  1025.8612    5.12152 0.0000e+00
       5526 171.548474     -1.286     41.566    20.0324   4.933637     41.000    5.12781 6.1961e-01    20.0246    36.1224  1025.7908    5.12796 0.0000e+00
       5541 171.548519     -0.752     40.346    19.8094   4.895418     40.000    5.15289 6.7528e-01    19.8020    35.9994  1025.7507    5.15285 0.0000e+00
       5551 171.548548     -0.890     39.346    19.7391   4.887680     39.000    5.15958 7.0519e-01    19.7319    35.9961  1025.7624    5.15966 0.0000e+00
       5561 171.548576     -0.486     38.276    19.6900   4.882125     38.000    5.16435 7.3801e-01    19.6830    35.9928  1025.7681    5.16446 0.0000e+00
       5573 171.548612     -0.315     37.129    19.6754   4.880471     37.000    5.16581 7.4390e-01    19.6686    35.9921  1025.7664    5.16588 0.0000e+00
       5585 171.548645     -0.285     36.102    19.6804   4.881700     36.000    5.16516 6.9786e-01    19.6737    35.9984  1025.7654    5.16522 0.0000e+00
       5594 171.548673     -0.497     35.060    19.6923   4.883575     35.000    5.16387 7.1326e-01    19.6859    36.0040  1025.7620    5.16390 0.0000e+00
       5598 171.548682     -0.999     34.411    19.6921   4.882940     34.000    5.16404 7.0723e-01    19.6858    35.9992  1025.7556    5.16407 0.0000e+00
       5615 171.548732     -0.378     33.106    19.6805   4.881303     33.000    5.16526 7.2163e-01    19.6744    35.9961  1025.7506    5.16528 0.0000e+00
       5623 171.548755     -0.730     32.170    19.6805   4.881709     32.000    5.16514 7.3751e-01    19.6746    35.9998  1025.7494    5.16516 0.0000e+00
       5628 171.548769     -0.847     31.333    19.6822   4.881681     31.000    5.16502 7.2807e-01    19.6765    35.9984  1025.7442    5.16504 0.0000e+00
       5643 171.548814     -0.236     30.095    19.6775   4.880753     30.000    5.16558 7.3566e-01    19.6720    35.9952  1025.7376    5.16559 0.0000e+00
       5653 171.548843     -0.600     29.193    19.6773   4.881137     29.000    5.16549 7.8429e-01    19.6720    35.9989  1025.7365    5.16549 0.0000e+00
       5663 171.548870     -0.420     28.153    19.6767   4.880612     28.000    5.16565 7.6269e-01    19.6715    35.9955  1025.7295    5.16566 0.0000e+00
       5671 171.548895     -0.509     27.175    19.6713   4.879874     27.000    5.16619 7.3385e-01    19.6664    35.9943  1025.7258    5.16620 0.0000e+00
       5683 171.548929     -0.406     26.165    19.6707   4.879705     26.000    5.16627 7.3315e-01    19.6659    35.9938  1025.7212    5.16628 0.0000e+00
       5698 171.548971     -0.384     24.976    19.6693   4.879571     25.000    5.16640 7.9248e-01    19.6647    35.9944  1025.7168    5.16640 0.0000e+00
       5702 171.548984     -0.739     24.164    19.6716   4.879876     24.000    5.16615 7.8009e-01    19.6671    35.9952  1025.7133    5.16615 0.0000e+00
       5713 171.549017     -0.461     23.102    19.6718   4.879717     23.000    5.16617 7.5648e-01    19.6675    35.9941  1025.7077    5.16617 0.0000e+00
       5729 171.549062     -0.550     21.887    19.6733   4.879868     22.000    5.16601 7.1478e-01    19.6692    35.9945  1025.7023    5.16601 0.0000e+00
       5732 171.549071     -1.069     21.198    19.6728   4.879818     21.000    5.16604 7.1025e-01    19.6690    35.9948  1025.6996    5.16605 0.0000e+00
       5735 171.549081     -1.273     20.465    19.6726   4.879737     20.000    5.16607 7.0621e-01    19.6689    35.9946  1025.6963    5.16607 0.0000e+00
       5753 171.549131     -0.590     19.131    19.6683   4.879045     19.000    5.16653 7.1517e-01    19.6648    35.9930  1025.6905    5.16653 0.0000e+00
       5761 171.549154     -0.979     18.295    19.6673   4.878837     18.000    5.16665 7.2227e-01    19.6639    35.9925  1025.6867    5.16665 0.0000e+00
       5771 171.549185     -0.339     17.120    19.6676   4.878773     17.000    5.16663 7.4758e-01    19.6644    35.9922  1025.6812    5.16663 0.0000e+00
       5783 171.549220     -0.399     16.070    19.6661   4.878725     16.000    5.16673 8.0812e-01    19.6631    35.9934  1025.6780    5.16674 0.0000e+00
       5792 171.549245     -0.473     15.112    19.6684   4.878823     15.000    5.16654 7.9009e-01    19.6657    35.9926  1025.6725    5.16654 0.0000e+00
       5803 171.549277     -0.323     14.062    19.6661   4.878559     14.000    5.16675 7.6096e-01    19.6635    35.9928  1025.6688    5.16676 0.0000e+00
       5813 171.549306     -0.457     13.078    19.6644   4.878361     13.000    5.16691 7.6472e-01    19.6620    35.9930  1025.6651    5.16691 0.0000e+00
       5823 171.549334     -0.400     12.030    19.6620   4.877880     12.000    5.16719 7.9073e-01    19.6598    35.9915  1025.6600    5.16719 0.0000e+00
       5834 171.549366     -0.321     11.027    19.6582   4.877528     11.000    5.16753 7.3617e-01    19.6562    35.9922  1025.6571    5.16753 0.0000e+00
       5844 171.549395     -0.526      9.981    19.6568   4.877317     10.000    5.16766 7.3263e-01    19.6550    35.9920  1025.6528    5.16766 0.0000e+00
       5849 171.549409     -0.868      9.268    19.6555   4.877108      9.000    5.16779 7.2460e-01    19.6538    35.9916  1025.6497    5.16780 0.0000e+00
       5867 171.549462     -0.146      7.846    19.6507   4.876305      8.000    5.16833 7.4707e-01    19.6493    35.9897  1025.6433    5.16832 0.0000e+00
       5872 171.549477     -0.652      7.023    19.6467   4.876027      7.000    5.16866 7.6311e-01    19.6454    35.9911  1025.6418    5.16866 0.0000e+00
       5881 171.549501     -0.586      6.119    19.6500   4.876373      6.000    5.16833 7.3514e-01    19.6488    35.9915  1025.6373    5.16834 0.0000e+00
       5898 171.549553     -0.334      4.865    19.6537   4.876583      5.000    5.16801 7.0789e-01    19.6528    35.9905  1025.6300    5.16801 0.0000e+00
       5903 171.549565     -0.771      4.154    19.6537   4.876474      4.000    5.16803 6.9819e-01    19.6529    35.9899  1025.6265    5.16803 0.0000e+00
       5931 171.549647     -0.502      3.172    19.6546   4.876542      3.000    5.16793 6.8237e-01    19.6540    35.9900  1025.6221    5.16794 0.0000e+00
 -9.990e-29 -9.990e-29 -9.990e-29 -9.990e-29 -9.990e-29 -9.990e-29      2.000 -9.990e-29 -9.990e-29 -9.990e-29 -9.990e-29 -9.990e-29 -9.990e-29 -9.990e-29
       6477 171.551228     -0.071      0.903    19.6792   4.879464      1.000    5.16547 6.6685e-01    19.6791    35.9939  1025.6087    5.16546 0.0000e+00
