jupyter/NEMEA/teste_rotina/cnvs/uMCTV011.cnv
* Sea-Bird SBE 9 Data File:
* FileName = D:\ACEX\brutos\MCTV011.hex
* Software Version Seasave V 7.17
* Temperature SN = 4821
* Conductivity SN = 3367
* Number of Bytes Per Scan = 21
* Number of Voltage Words = 3
* Number of Scans Averaged by the Deck Unit = 1
** H38 
** NHo Cruzeiro do Sul 
** 222 
** MCTV ACEx 
**   011
**   27 00.12 S
**   046  28.96W
**   14/06/2012 16:20Z
**   409
** 9P46375-0882 
**   1T Germano Filho
# nquan = 16
# nvalues = 386                         
# units = specified
# name 0 = scan: Scan Count
# name 1 = timeJ: Julian Days
# name 2 = dz/dtM: Descent Rate [m/s]
# name 3 = prDM: Pressure, Digiquartz [db]
# name 4 = t090C: Temperature [ITS-90, deg C]
# name 5 = c0S/m: Conductivity [S/m]
# name 6 = sbeox0V: Oxygen Voltage, SBE 43
# name 7 = depSM: Depth [salt water, m]
# name 8 = flSP: Fluorescence, Seapoint
# name 9 = potemp090C: Potential Temperature [ITS-90, deg C]
# name 10 = sal00: Salinity [PSU]
# name 11 = density00: Density [density, Kg/m^3]
# name 12 = sigma-é00: Density [sigma-theta, Kg/m^3]
# name 13 = sbeox0ML/L: Oxygen, SBE 43 [ml/l], WS = 2
# name 14 = nbin: number of scans per bin
# name 15 = flag: flag
# span 0 =      15338,      30558       
# span 1 = 166.563843, 166.571183       
# span 2 =     -1.294,     -0.194       
# span 3 =      1.009,    388.891       
# span 4 =    12.2965,    23.2734       
# span 5 =   4.106097,   5.427815       
# span 6 =     2.1175,     3.4838       
# span 7 =      1.000,    386.000       
# span 8 = 4.7215e-02, 4.4549e-01       
# span 9 =    12.2442,    23.2732       
# span 10 =    35.2928,    37.3191      
# span 11 =  1025.6155,  1028.7465      
# span 12 =    25.6112,    27.0220      
# span 13 =    2.89506,    4.40263      
# span 14 =         18,         69      
# span 15 = 0.0000e+00, 0.0000e+00      
# interval = meters: 1                  
# start_time = Jun 14 2012 13:21:17
# bad_flag = -9.990e-29
*END*
[from data line 362]
      29241 166.570548     -0.664     24.160    23.1311   5.413199     3.4647     24.000 2.2812e-01    23.1261    37.3150  1025.7566    25.6537    4.39123         34 0.0000e+00
      29278 166.570565     -0.675     23.155    23.1329   5.413340     3.4675     23.000 2.3353e-01    23.1281    37.3149  1025.7517    25.6531    4.39507         42 0.0000e+00
      29332 166.570592     -0.414     22.142    23.1325   5.413233     3.4716     22.000 2.0358e-01    23.1279    37.3147  1025.7473    25.6530    4.40094         52 0.0000e+00
      29366 166.570608     -0.614     21.137    23.1334   5.413261     3.4712     21.000 2.0830e-01    23.1290    37.3146  1025.7426    25.6526    4.39964         24 0.0000e+00
      29389 166.570619     -0.964     20.128    23.1336   5.413220     3.4701     20.000 2.0833e-01    23.1295    37.3144  1025.7380    25.6523    4.39722         21 0.0000e+00
      29410 166.570629     -1.088     19.129    23.1336   5.413185     3.4699     19.000 1.9769e-01    23.1297    37.3145  1025.7338    25.6523    4.39634         23 0.0000e+00
      29439 166.570643     -0.970     18.126    23.1337   5.413143     3.4683     18.000 2.0049e-01    23.1300    37.3144  1025.7293    25.6522    4.39320         41 0.0000e+00
      29499 166.570672     -0.387     17.113    23.1336   5.413078     3.4714     17.000 1.8286e-01    23.1301    37.3143  1025.7250    25.6521    4.39758         56 0.0000e+00
      29559 166.570701     -0.421     16.105    23.1351   5.413141     3.4709     16.000 1.9298e-01    23.1318    37.3139  1025.7198    25.6513    4.39601         54 0.0000e+00
      29611 166.570726     -0.469     15.098    23.1352   5.413067     3.4716     15.000 1.8765e-01    23.1320    37.3137  1025.7153    25.6510    4.39661         45 0.0000e+00
      29656 166.570748     -0.536     14.093    23.1360   5.413064     3.4737     14.000 1.8430e-01    23.1331    37.3133  1025.7104    25.6504    4.39928         50 0.0000e+00
      29701 166.570770     -0.512     13.082    23.1363   5.413034     3.4741     13.000 1.7677e-01    23.1336    37.3132  1025.7059    25.6502    4.39935         38 0.0000e+00
      29737 166.570787     -0.663     12.082    23.1405   5.413470     3.4735     12.000 1.7382e-01    23.1380    37.3133  1025.7004    25.6490    4.39738         37 0.0000e+00
      29784 166.570810     -0.522     11.072    23.1433   5.413725     3.4712     11.000 1.7386e-01    23.1410    37.3133  1025.6952    25.6481    4.39301         54 0.0000e+00
      29834 166.570834     -0.477     10.064    23.1462   5.414036     3.4778     10.000 1.6375e-01    23.1442    37.3135  1025.6902    25.6474    4.40263         40 0.0000e+00
      29879 166.570856     -0.526      9.061    23.1521   5.414621     3.4768      9.000 1.5925e-01    23.1502    37.3135  1025.6841    25.6455    4.40000         57 0.0000e+00
      29942 166.570886     -0.355      8.052    23.1519   5.414567     3.4764      8.000 1.5411e-01    23.1503    37.3135  1025.6799    25.6456    4.39878         60 0.0000e+00
      29995 166.570912     -0.475      7.046    23.1648   5.416054     3.4747      7.000 1.4988e-01    23.1634    37.3145  1025.6725    25.6425    4.39449         46 0.0000e+00
      30038 166.570932     -0.556      6.041    23.2038   5.420864     3.4766      6.000 1.5000e-01    23.2026    37.3191  1025.6602    25.6345    4.39391         40 0.0000e+00
      30094 166.570959     -0.419      5.036    23.2608   5.426755     3.4729      5.000 1.4435e-01    23.2598    37.3168  1025.6374    25.6160    4.38330         63 0.0000e+00
      30248 166.571033     -0.194      4.023    23.2552   5.426052     3.4838      4.000 1.3152e-01    23.2544    37.3165  1025.6344    25.6173    4.40039         51 0.0000e+00
      30292 166.571055     -0.549      3.027    23.2539   5.425798     3.4804      3.000 1.2940e-01    23.2532    37.3159  1025.6301    25.6173    4.39448         37 0.0000e+00
      30358 166.571086     -0.332      2.006    23.2121   5.421236     3.4767      2.000 1.1499e-01    23.2117    37.3164  1025.6383    25.6298    4.39121         37 0.0000e+00
      30558 166.571183     -0.442      1.009    23.2734   5.427815     3.4787      1.000 9.2786e-02    23.2732    37.3157  1025.6155    25.6112    4.38930         52 0.0000e+00
