jupyter/NEMEA/teste_rotina/cnvs/uMCTV025a.cnv
* Sea-Bird SBE 19plus V2 Data File:
* FileName = D:\ACEX_ctd\brutos\MCTV025a.hex
* Software Version Seasave V 7.17
* Temperature SN = 6161
* Conductivity SN = 6161
* System UpLoad Time = Jun 19 2012 10:59:36
** H38 
** NHo Cruzeiro do Sul 
** 222 
** MCT V 
**   025a
**   33 46.65 S
**   051 07.44 W
**   19/06/2012 13:13 Z
**   670
** 9P46375-0882 
**   CT Fernandes
# nquan = 14
# nvalues = 460                         
# units = specified
# name 0 = scan: Scan Count
# name 1 = timeJ: Julian Days
# name 2 = dz/dtM: Descent Rate [m/s]
# name 3 = prdM: Pressure, Strain Gauge [db]
# name 4 = tv290C: Temperature [ITS-90, deg C]
# name 5 = c0S/m: Conductivity [S/m]
# name 6 = depSM: Depth [salt water, m]
# name 7 = oxsatML/L: Oxygen Saturation [ml/l]
# name 8 = flSP: Fluorescence, Seapoint
# name 9 = potemp090C: Potential Temperature [ITS-90, deg C]
# name 10 = sal00: Salinity [PSU]
# name 11 = density00: Density [density, Kg/m^3]
# name 12 = oxsatML/L: Oxygen Saturation [ml/l]
# name 13 = flag: flag
# span 0 =       5270,       9297       
# span 1 = 171.473302, 171.484954       
# span 2 =     -1.719,      0.057       
# span 3 =      1.939,    464.043       
# span 4 =     7.4819,    20.2644       
# span 5 =   3.549186,   4.981114       
# span 6 =      2.000,    461.000       
# span 7 =    5.10126,    6.70735       
# span 8 = 4.4908e+00, 5.1794e+00       
# span 9 =     7.4363,    20.2522       
# span 10 =    34.5136,    36.3425      
# span 11 =  1025.3010,  1029.0832      
# span 12 =    5.10114,    6.70739      
# span 13 = 0.0000e+00, 0.0000e+00      
# interval = meters: 1                  
# start_time = Jun 19 2012 10:59:36
# bad_flag = -9.990e-29
*END*
[from data line 413]
       8831 171.483604     -0.884     48.163    20.0260   4.935382     48.000    5.12789 4.8835e+00    20.0170    36.1399  1025.8346    5.12803 0.0000e+00
       8833 171.483612     -1.355     47.451    20.0666   4.937899     47.000    5.12474 4.8835e+00    20.0578    36.1259  1025.8100    5.12462 0.0000e+00
       8837 171.483623     -1.258     46.566    20.0914   4.941419     46.000    5.12206 4.8834e+00    20.0827    36.1339  1025.8056    5.12204 0.0000e+00
       8850 171.483660     -0.277     45.223    20.1192   4.943817     45.000    5.11958 4.8834e+00    20.1107    36.1302  1025.7896    5.11953 0.0000e+00
       8861 171.483692     -0.444     43.987    20.1216   4.943947     44.000    5.11935 4.8835e+00    20.1134    36.1297  1025.7831    5.11931 0.0000e+00
       8865 171.483703     -0.809     43.142    20.1216   4.943715     43.000    5.11940 4.8835e+00    20.1135    36.1281  1025.7783    5.11937 0.0000e+00
       8868 171.483712     -1.112     42.377    20.1200   4.943302     42.000    5.11959 4.8836e+00    20.1122    36.1263  1025.7740    5.11956 0.0000e+00
       8874 171.483730     -0.788     41.391    20.1128   4.942047     41.000    5.12038 4.8836e+00    20.1051    36.1226  1025.7688    5.12036 0.0000e+00
       8887 171.483768     -0.217     40.003    20.1058   4.941184     40.000    5.12104 4.8835e+00    20.0984    36.1220  1025.7641    5.12104 0.0000e+00
       8892 171.483782     -0.728     39.202    20.1055   4.940963     39.000    5.12111 4.8837e+00    20.0982    36.1208  1025.7598    5.12111 0.0000e+00
       8897 171.483797     -0.759     38.233    20.1028   4.940133     38.000    5.12149 4.8836e+00    20.0956    36.1166  1025.7531    5.12149 0.0000e+00
       8903 171.483814     -0.679     37.247    20.0973   4.939097     37.000    5.12210 4.8835e+00    20.0904    36.1132  1025.7476    5.12211 0.0000e+00
       8911 171.483835     -0.560     36.266    20.0881   4.937174     36.000    5.12320 4.8835e+00    20.0814    36.1056  1025.7400    5.12320 0.0000e+00
       8921 171.483866     -0.342     35.063    20.0731   4.934523     35.000    5.12486 4.8835e+00    20.0666    36.0971  1025.7324    5.12488 0.0000e+00
       8927 171.483883     -0.662     34.116    20.0511   4.929871     34.000    5.12746 4.8836e+00    20.0448    36.0781  1025.7195    5.12753 0.0000e+00
       8932 171.483898     -0.744     33.156    19.9950   4.912630     33.000    5.13568 4.8835e+00    19.9888    35.9847  1025.6590    5.13567 0.0000e+00
       8936 171.483910     -0.889     32.320    19.8651   4.893115     32.000    5.14938 4.8835e+00    19.8592    35.9355  1025.6522    5.14950 0.0000e+00
       8945 171.483935     -0.496     31.185    19.7295   4.874082     31.000    5.16353 4.8835e+00    19.7238    35.8949  1025.6520    5.16368 0.0000e+00
       8953 171.483959     -0.475     30.048    19.6869   4.868284     30.000    5.16788 4.8835e+00    19.6814    35.8838  1025.6499    5.16809 0.0000e+00
       8958 171.483972     -0.844     29.287    19.6637   4.864611     29.000    5.17047 4.8834e+00    19.6584    35.8736  1025.6448    5.17063 0.0000e+00
       8966 171.483996     -0.486     28.160    19.6457   4.862250     28.000    5.17234 4.8834e+00    19.6406    35.8699  1025.6418    5.17246 0.0000e+00
       8975 171.484022     -0.448     26.975    19.6365   4.858773     27.000    5.17387 4.8835e+00    19.6315    35.8494  1025.6234    5.17398 0.0000e+00
       8980 171.484036     -0.771     26.070    19.6070   4.852180     26.000    5.17759 4.8835e+00    19.6023    35.8204  1025.6050    5.17770 0.0000e+00
       8984 171.484047     -0.938     25.200    19.5649   4.840152     25.000    5.18340 4.8835e+00    19.5603    35.7570  1025.5639    5.18370 0.0000e+00
       8988 171.484059     -0.980     24.383    19.4097   4.801740     24.000    5.20427 4.8835e+00    19.4053    35.5709  1025.4585    5.20445 0.0000e+00
       9004 171.484105     -0.140     22.917    18.5709   4.676938     23.000    5.29727 4.8835e+00    18.5669    35.2431  1025.4166    5.29726 0.0000e+00
       9010 171.484122     -0.752     21.951    18.5516   4.664035     22.000    5.30187 4.8835e+00    18.5477    35.1502  1025.3460    5.30224 0.0000e+00
       9014 171.484134     -0.953     20.990    18.4553   4.652510     21.000    5.31195 4.8834e+00    18.4516    35.1354  1025.3546    5.31240 0.0000e+00
       9017 171.484143     -1.110     20.161    18.4110   4.648787     20.000    5.31614 4.8835e+00    18.4075    35.1420  1025.3671    5.31664 0.0000e+00
       9019 171.484150     -1.306     19.429    18.3988   4.647989     19.000    5.31728 4.8835e+00    18.3955    35.1459  1025.3700    5.31775 0.0000e+00
       9032 171.484187     -0.598     18.103    18.3739   4.644930     18.000    5.32006 4.8834e+00    18.3708    35.1418  1025.3672    5.32039 0.0000e+00
       9041 171.484212     -0.861     17.019    18.3618   4.643261     17.000    5.32152 4.8833e+00    18.3589    35.1384  1025.3629    5.32172 0.0000e+00
       9044 171.484222     -1.204     16.230    18.3624   4.644186     16.000    5.32119 4.8834e+00    18.3596    35.1461  1025.3652    5.32143 0.0000e+00
       9049 171.484235     -1.039     15.354    18.3643   4.644034     15.000    5.32113 4.8833e+00    18.3616    35.1435  1025.3589    5.32131 0.0000e+00
       9063 171.484277      0.057     13.808    18.3474   4.641181     14.000    5.32321 4.8833e+00    18.3450    35.1344  1025.3493    5.32332 0.0000e+00
       9067 171.484289     -0.723     13.050    18.3488   4.641384     13.000    5.32304 4.8833e+00    18.3466    35.1351  1025.3462    5.32315 0.0000e+00
       9072 171.484302     -0.950     12.295    18.3435   4.640523     12.000    5.32368 4.8834e+00    18.3414    35.1327  1025.3424    5.32376 0.0000e+00
       9087 171.484345     -0.085     10.864    18.3447   4.641734     11.000    5.32327 4.8834e+00    18.3428    35.1424  1025.3432    5.32333 0.0000e+00
       9092 171.484359     -0.736     10.161    18.3481   4.641741     10.000    5.32303 4.8833e+00    18.3463    35.1399  1025.3373    5.32307 0.0000e+00
       9101 171.484386     -0.456      9.130    18.3470   4.641495      9.000    5.32317 4.8833e+00    18.3455    35.1391  1025.3325    5.32320 0.0000e+00
       9118 171.484437     -0.197      7.930    18.3473   4.641543      8.000    5.32314 4.8836e+00    18.3459    35.1397  1025.3277    5.32315 0.0000e+00
       9126 171.484458     -0.518      7.105    18.3447   4.640662      7.000    5.32356 4.8835e+00    18.3435    35.1348  1025.3209    5.32357 0.0000e+00
       9143 171.484509     -0.268      5.994    18.3388   4.639903      6.000    5.32420 4.8834e+00    18.3377    35.1338  1025.3168    5.32420 0.0000e+00
       9158 171.484551     -0.307      5.021    18.3374   4.639791      5.000    5.32431 4.8829e+00    18.3366    35.1344  1025.3133    5.32432 0.0000e+00
       9173 171.484594     -0.214      3.943    18.3377   4.639891      4.000    5.32425 4.8771e+00    18.3370    35.1354  1025.3092    5.32426 0.0000e+00
       9186 171.484632     -0.353      3.100    18.3370   4.639657      3.000    5.32436 4.4908e+00    18.3365    35.1343  1025.3049    5.32436 0.0000e+00
       9297 171.484954     -0.096      1.939    18.3286   4.638609      2.000    5.32525 5.1794e+00    18.3283    35.1331  1025.3010    5.32525 0.0000e+00
