jupyter/NEMEA/teste_rotina/cnvs/uMCTV013.cnv
* Sea-Bird SBE 9 Data File:
* FileName = D:\ACEX\brutos\MCTV013.hex
* Software Version Seasave V 7.17
* Temperature SN = 4821
* Conductivity SN = 3367
* Number of Bytes Per Scan = 21
* Number of Voltage Words = 3
* Number of Scans Averaged by the Deck Unit = 1
** H38 
** NHo Cruzeiro do Sul 
** 222 
** MCTV ACEx 
**   013
**   29 30.186S
**   047 50.440W
**   13/06/2012 13:45Z
**   509
** 9P46375-0882 
**   PESQ. CATARINA CECILIO
# nquan = 16
# nvalues = 383                         
# units = specified
# name 0 = scan: Scan Count
# name 1 = timeJ: Julian Days
# name 2 = dz/dtM: Descent Rate [m/s]
# name 3 = prDM: Pressure, Digiquartz [db]
# name 4 = t090C: Temperature [ITS-90, deg C]
# name 5 = c0S/m: Conductivity [S/m]
# name 6 = sbeox0V: Oxygen Voltage, SBE 43
# name 7 = depSM: Depth [salt water, m]
# name 8 = flSP: Fluorescence, Seapoint
# name 9 = potemp090C: Potential Temperature [ITS-90, deg C]
# name 10 = sal00: Salinity [PSU]
# name 11 = density00: Density [density, Kg/m^3]
# name 12 = sigma-é00: Density [sigma-theta, Kg/m^3]
# name 13 = sbeox0ML/L: Oxygen, SBE 43 [ml/l], WS = 2
# name 14 = nbin: number of scans per bin
# name 15 = flag: flag
# span 0 =      21664,      39991       
# span 1 = 167.458410, 167.467248       
# span 2 =     -1.319,     -0.171       
# span 3 =      2.040,    386.885       
# span 4 =    12.1836,    20.7540       
# span 5 =   4.092202,   5.081629       
# span 6 =     2.3213,     3.4902       
# span 7 =      2.000,    384.000       
# span 8 = 4.6570e-02, 4.3643e-01       
# span 9 =    12.1319,    20.7536       
# span 10 =    35.5573,    36.7169      
# span 11 =  1025.8766,  1028.7134      
# span 12 =    25.8679,    26.9967      
# span 13 =    3.25792,    4.66854      
# span 14 =          7,         63      
# span 15 = 0.0000e+00, 0.0000e+00      
# interval = meters: 1                  
# start_time = Jun 15 2012 10:45:04
# bad_flag = -9.990e-29
*END*
[from data line 91]
      29156 167.462023     -0.898    295.231    14.0580   4.296165     2.5659    293.000 4.7940e-02    14.0148    35.7788  1028.0862    26.7862    3.65780         22 0.0000e+00
      29199 167.462044     -0.638    294.169    14.0857   4.293396     2.5497    292.000 4.6773e-02    14.0426    35.7278  1028.0361    26.7408    3.62463         48 0.0000e+00
      29257 167.462072     -0.414    293.147    14.1107   4.293025     2.4897    291.000 4.7091e-02    14.0677    35.7016  1028.0060    26.7152    3.50533         45 0.0000e+00
      29296 167.462091     -0.516    292.274    14.1230   4.295475     2.4551    290.000 4.8102e-02    14.0801    35.7134  1028.0086    26.7217    3.43589         15 0.0000e+00
      29321 167.462103     -0.786    291.269    14.1356   4.303035     2.4922    289.000 4.7713e-02    14.0928    35.7725  1028.0469    26.7647    3.50605         23 0.0000e+00
      29352 167.462118     -0.917    290.131    14.1570   4.305236     2.5371    288.000 4.7712e-02    14.1144    35.7736  1028.0381    26.7610    3.59182         26 0.0000e+00
      29381 167.462132     -0.823    289.154    14.1778   4.306510     2.5501    287.000 4.7758e-02    14.1352    35.7667  1028.0239    26.7512    3.61556         18 0.0000e+00
      29420 167.462151     -0.680    288.098    14.1925   4.307793     2.5457    286.000 4.8005e-02    14.1500    35.7655  1028.0151    26.7470    3.60533         42 0.0000e+00
      29462 167.462170     -0.559    287.101    14.2041   4.309659     2.5386    285.000 4.7920e-02    14.1618    35.7725  1028.0135    26.7500    3.59011         28 0.0000e+00
      29495 167.462187     -0.704    286.092    14.2156   4.314096     2.5549    284.000 4.7188e-02    14.1734    35.8035  1028.0304    26.7714    3.61979         21 0.0000e+00
      29538 167.462207     -0.586    285.074    14.2231   4.313535     2.5756    283.000 4.7626e-02    14.1810    35.7917  1028.0153    26.7607    3.65948         28 0.0000e+00
      29576 167.462225     -0.620    284.081    14.2214   4.315259     2.5566    282.000 4.7577e-02    14.1795    35.8098  1028.0252    26.7750    3.62159         29 0.0000e+00
      29613 167.462244     -0.627    283.109    14.2270   4.316211     2.5386    281.000 4.8072e-02    14.1852    35.8138  1028.0227    26.7769    3.58548         32 0.0000e+00
      29668 167.462270     -0.428    282.053    14.2310   4.310962     2.4953    280.000 4.6833e-02    14.1894    35.7618  1027.9771    26.7358    3.50133         37 0.0000e+00
      29712 167.462291     -0.531    281.097    14.2368   4.317540     2.5265    279.000 4.8053e-02    14.1953    35.8179  1028.0149    26.7779    3.56020         47 0.0000e+00
      29762 167.462315     -0.435    280.093    14.2426   4.317445     2.5586    278.000 5.0923e-02    14.2012    35.8121  1028.0047    26.7721    3.62216         24 0.0000e+00
      29790 167.462329     -0.748    279.050    14.2458   4.322331     2.5809    277.000 4.6858e-02    14.2045    35.8550  1028.0324    26.8046    3.66395         17 0.0000e+00
      29806 167.462337     -0.976    278.303    14.2488   4.323395     2.6805    276.000 4.7764e-02    14.2077    35.8624  1028.0342    26.8096    3.85733         10 0.0000e+00
      29844 167.462355     -0.879    277.059    14.2478   4.324676     2.7392    275.000 4.6570e-02    14.2069    35.8757  1028.0392    26.8201    3.97076         34 0.0000e+00
      29904 167.462384     -0.195    276.187    14.2429   4.322267     2.6662    274.000 4.7591e-02    14.2021    35.8583  1028.0230    26.8076    3.82880         19 0.0000e+00
      29943 167.462403     -0.636    275.095    14.2566   4.322305     2.5715    273.000 4.7479e-02    14.2159    35.8463  1028.0060    26.7955    3.64295         25 0.0000e+00
      30017 167.462438     -0.219    273.999    14.2991   4.322770     2.6247    272.000 4.6916e-02    14.2585    35.8117  1027.9651    26.7596    3.74382         19 0.0000e+00
      30029 167.462444     -0.801    273.118    14.3083   4.333026     2.7903    271.000 4.8625e-02    14.2678    35.8988  1028.0263    26.8249    4.06281         16 0.0000e+00
      30051 167.462455     -1.156    272.036    14.3274   4.334293     2.8327    270.000 4.7789e-02    14.2871    35.8932  1028.0130    26.8164    4.14323         19 0.0000e+00
      30077 167.462467     -1.020    271.003    14.3613   4.335338     2.8277    269.000 4.8618e-02    14.3210    35.8719  1027.9846    26.7927    4.13077         17 0.0000e+00
      30104 167.462480     -0.907    270.045    14.3734   4.336264     2.7845    268.000 4.6923e-02    14.3333    35.8697  1027.9760    26.7883    4.04531         24 0.0000e+00
      30138 167.462497     -0.816    268.934    14.3914   4.336558     2.7432    267.000 4.7301e-02    14.3514    35.8561  1027.9567    26.7739    3.96348         37 0.0000e+00
      30179 167.462517     -0.537    268.014    14.4161   4.342483     2.8119    266.000 4.7294e-02    14.3762    35.8885  1027.9722    26.7936    4.09367         30 0.0000e+00
      30218 167.462535     -0.665    266.925    14.4322   4.344462     2.8535    265.000 4.8470e-02    14.3924    35.8924  1027.9668    26.7931    4.17234         28 0.0000e+00
      30252 167.462552     -0.690    265.952    14.4836   4.347838     2.8670    264.000 4.7859e-02    14.4439    35.8764  1027.9388    26.7697    4.19403         20 0.0000e+00
      30277 167.462564     -0.770    265.076    14.4942   4.352177     2.8777    263.000 4.6729e-02    14.4546    35.9071  1027.9563    26.7911    4.21260         16 0.0000e+00
      30301 167.462575     -0.919    264.091    14.5052   4.353370     2.8923    262.000 4.7344e-02    14.4657    35.9084  1027.9505    26.7896    4.23948         16 0.0000e+00
      30333 167.462590     -0.940    262.915    14.5078   4.354984     2.9184    261.000 4.7549e-02    14.4685    35.9213  1027.9547    26.7990    4.28860         31 0.0000e+00
      30362 167.462605     -0.835    261.900    14.5096   4.355435     2.9416    260.000 4.8038e-02    14.4704    35.9243  1027.9521    26.8009    4.33274         25 0.0000e+00
      30394 167.462620     -0.782    260.900    14.5339   4.358377     2.9619    259.000 4.7890e-02    14.4948    35.9294  1027.9462    26.7995    4.36929         27 0.0000e+00
      30427 167.462636     -0.660    260.010    14.5674   4.362678     2.9725    258.000 4.7841e-02    14.5284    35.9385  1027.9419    26.7993    4.38605         16 0.0000e+00
      30449 167.462647     -0.731    259.189    14.6186   4.368184     2.9932    257.000 4.8611e-02    14.5796    35.9422  1027.9298    26.7910    4.42112         11 0.0000e+00
      30475 167.462659     -1.049    257.947    14.6602   4.374660     3.0002    256.000 4.7995e-02    14.6213    35.9640  1027.9318    26.7988    4.42965         16 0.0000e+00
      30502 167.462672     -1.056    256.884    14.6716   4.375016     2.9798    255.000 4.8293e-02    14.6328    35.9571  1027.9193    26.7909    4.38895         29 0.0000e+00
      30537 167.462689     -0.627    255.946    14.6766   4.376185     2.9925    254.000 4.7690e-02    14.6380    35.9636  1027.9191    26.7949    4.41214         19 0.0000e+00
      30564 167.462702     -0.773    254.928    14.6775   4.376289     3.0063    253.000 4.8251e-02    14.6390    35.9642  1027.9148    26.7951    4.43804         17 0.0000e+00
      30586 167.462713     -1.090    253.838    14.6765   4.376337     3.0063    252.000 4.9444e-02    14.6383    35.9660  1027.9116    26.7966    4.43743         16 0.0000e+00
      30617 167.462728     -0.882    252.863    14.6258   4.370442     3.0068    251.000 4.8327e-02    14.5878    35.9589  1027.9131    26.8022    4.44242         37 0.0000e+00
      30662 167.462750     -0.491    251.823    14.5669   4.360954     3.0077    250.000 4.7476e-02    14.5292    35.9263  1027.8965    26.7898    4.44953         27 0.0000e+00
      30688 167.462762     -0.680    250.928    14.5503   4.359324     3.0110    249.000 4.7729e-02    14.5128    35.9270  1027.8967    26.7938    4.45669         14 0.0000e+00
      30710 167.462773     -1.006    249.869    14.4478   4.344874     2.9976    248.000 4.7680e-02    14.4105    35.8889  1027.8853    26.7865    4.44010         19 0.0000e+00
      30733 167.462784     -1.088    248.864    14.3756   4.335141     2.9879    247.000 4.8213e-02    14.3387    35.8660  1027.8791    26.7843    4.42775         21 0.0000e+00
      30761 167.462797     -0.952    247.842    14.3680   4.333079     2.9824    246.000 4.8292e-02    14.3312    35.8543  1027.8673    26.7769    4.41748         20 0.0000e+00
      30785 167.462809     -0.831    247.002    14.3653   4.332443     2.9781    245.000 4.7428e-02    14.3287    35.8513  1027.8617    26.7751    4.40886         13 0.0000e+00
      30817 167.462824     -0.865    245.890    14.3640   4.332068     2.9759    244.000 4.8378e-02    14.3276    35.8495  1027.8557    26.7739    4.40414         31 0.0000e+00
      30863 167.462846     -0.574    244.721    14.3776   4.333107     2.9910    243.000 4.7791e-02    14.3413    35.8470  1027.8457    26.7691    4.43152         31 0.0000e+00
      30895 167.462862     -0.579    243.868    14.3832   4.333715     2.9917    242.000 4.8425e-02    14.3470    35.8478  1027.8413    26.7684    4.43182         20 0.0000e+00
      30915 167.462871     -0.822    243.055    14.3905   4.334476     2.9822    241.000 4.8126e-02    14.3544    35.8484  1027.8366    26.7674    4.41244         12 0.0000e+00
      30943 167.462885     -0.968    241.982    14.4133   4.336730     2.9814    240.000 4.7115e-02    14.3773    35.8487  1027.8270    26.7626    4.40820         12 0.0000e+00
      30979 167.462902     -0.840    240.763    14.4339   4.339364     2.9856    239.000 4.6994e-02    14.3981    35.8545  1027.8216    26.7626    4.41372         19 0.0000e+00
      31007 167.462916     -0.795    239.827    14.4461   4.340609     2.9867    238.000 4.7156e-02    14.4104    35.8551  1027.8152    26.7604    4.41427         23 0.0000e+00
      31045 167.462934     -0.663    238.848    14.4629   4.342381     2.9849    237.000 4.7781e-02    14.4273    35.8564  1027.8083    26.7578    4.40854         33 0.0000e+00
      31094 167.462958     -0.457    237.824    14.4771   4.343783     2.9841    236.000 4.8112e-02    14.4416    35.8566  1027.8008    26.7549    4.40524         22 0.0000e+00
      31124 167.462972     -0.705    236.826    14.4828   4.344497     2.9840    235.000 4.8580e-02    14.4475    35.8584  1027.7964    26.7550    4.40389         22 0.0000e+00
      31158 167.462989     -0.803    235.757    14.5168   4.348045     2.9787    234.000 4.8489e-02    14.4816    35.8601  1027.7856    26.7489    4.39016         28 0.0000e+00
      31225 167.463021     -0.364    234.710    14.5316   4.349561     2.9752    233.000 4.8136e-02    14.4965    35.8609  1027.7783    26.7463    4.38152         36 0.0000e+00
      31262 167.463039     -0.601    233.818    14.5353   4.349944     2.9734    232.000 4.8620e-02    14.5003    35.8614  1027.7739    26.7458    4.37705         15 0.0000e+00
      31322 167.463068     -0.372    232.890    14.5521   4.351866     2.9751    231.000 4.7679e-02    14.5172    35.8640  1027.7681    26.7442    4.37826         16 0.0000e+00
      31374 167.463093     -0.478    231.868    14.5709   4.354122     2.9747    230.000 4.7782e-02    14.5362    35.8679  1027.7624    26.7430    4.37529         14 0.0000e+00
      31407 167.463109     -0.801    230.715    14.6186   4.359915     2.9726    229.000 4.7478e-02    14.5840    35.8777  1027.7543    26.7402    4.36621         31 0.0000e+00
      31462 167.463135     -0.396    229.766    14.6505   4.363926     2.9747    228.000 4.8148e-02    14.6160    35.8856  1027.7491    26.7394    4.36682         21 0.0000e+00
      31491 167.463149     -0.837    228.674    14.6717   4.366440     2.9768    227.000 4.9004e-02    14.6372    35.8897  1027.7428    26.7379    4.36814         28 0.0000e+00
      31555 167.463180     -0.262    227.610    14.7636   4.377690     2.9850    226.000 4.8774e-02    14.7292    35.9088  1027.7324    26.7326    4.37497         31 0.0000e+00
      31585 167.463195     -0.590    226.683    14.8105   4.384554     2.9921    225.000 4.9064e-02    14.7761    35.9290  1027.7334    26.7379    4.38348         18 0.0000e+00
      31607 167.463205     -1.004    225.657    14.9678   4.403245     2.9997    224.000 4.7043e-02    14.9334    35.9558  1027.7142    26.7239    4.38337         15 0.0000e+00
      31641 167.463222     -0.860    224.631    14.9682   4.402902     3.0105    223.000 4.8201e-02    14.9339    35.9527  1027.7073    26.7215    4.40341         35 0.0000e+00
      31684 167.463242     -0.485    223.698    14.9692   4.403075     3.0159    222.000 4.8937e-02    14.9350    35.9538  1027.7038    26.7220    4.41292         25 0.0000e+00
      31731 167.463265     -0.528    222.643    14.9793   4.404482     3.0191    221.000 4.8892e-02    14.9453    35.9577  1027.6999    26.7228    4.41753         48 0.0000e+00
      31782 167.463289     -0.462    221.563    15.0574   4.414484     3.0269    220.000 4.8772e-02    15.0235    35.9778  1027.6929    26.7209    4.42452         25 0.0000e+00
      31801 167.463298     -0.802    220.753    15.1274   4.423406     3.0337    219.000 4.8654e-02    15.0935    35.9951  1027.6869    26.7188    4.43038         14 0.0000e+00
      31835 167.463315     -0.814    219.656    15.2282   4.435340     3.0440    218.000 4.9452e-02    15.1943    36.0116  1027.6720    26.7090    4.44024         27 0.0000e+00
      31869 167.463332     -0.714    218.581    15.2485   4.438213     3.0486    217.000 5.0604e-02    15.2147    36.0196  1027.6688    26.7106    4.44630         23 0.0000e+00
      31888 167.463341     -0.874    217.799    15.2746   4.441299     3.0512    216.000 4.9874e-02    15.2409    36.0240  1027.6627    26.7082    4.44842          9 0.0000e+00
      31915 167.463354     -1.005    216.761    15.3082   4.445574     3.0559    215.000 5.0229e-02    15.2746    36.0324  1027.6570    26.7071    4.45358         11 0.0000e+00
      31989 167.463389     -0.307    215.562    15.3576   4.451703     3.0622    214.000 4.9441e-02    15.3241    36.0433  1027.6489    26.7044    4.46025         33 0.0000e+00
      32022 167.463405     -0.671    214.527    15.3688   4.453249     3.0657    213.000 5.1260e-02    15.3354    36.0474  1027.6449    26.7050    4.46525         18 0.0000e+00
      32044 167.463416     -1.020    213.542    15.3914   4.456060     3.0686    212.000 4.8745e-02    15.3582    36.0526  1027.6394    26.7039    4.46798         22 0.0000e+00
      32091 167.463439     -0.414    212.750    15.4186   4.459077     3.0702    211.000 5.0759e-02    15.3855    36.0553  1027.6318    26.6999    4.46821         14 0.0000e+00
      32131 167.463458     -0.598    211.590    15.4279   4.460350     3.0700    210.000 4.8409e-02    15.3950    36.0588  1027.6272    26.7004    4.46610         13 0.0000e+00
      32154 167.463469     -0.999    210.574    15.4492   4.462585     3.0720    209.000 4.9691e-02    15.4163    36.0600  1027.6188    26.6965    4.46747         26 0.0000e+00
      32219 167.463500     -0.298    209.552    15.4639   4.464084     3.0751    208.000 4.9525e-02    15.4312    36.0605  1027.6113    26.6935    4.47147         30 0.0000e+00
      32251 167.463516     -0.694    208.557    15.4682   4.464549     3.0773    207.000 5.1566e-02    15.4357    36.0611  1027.6064    26.6930    4.47450         18 0.0000e+00
      32285 167.463532     -0.853    207.525    15.4754   4.465335     3.0739    206.000 4.9788e-02    15.4430    36.0620  1027.6009    26.6921    4.46687         23 0.0000e+00
      32330 167.463554     -0.522    206.539    15.4983   4.467760     3.0722    205.000 5.0058e-02    15.4660    36.0635  1027.5924    26.6880    4.46108         36 0.0000e+00
