jupyter/NEMEA/teste_rotina/cnvs/uMCTV027.cnv
* Sea-Bird SBE 19plus V2 Data File:
* FileName = D:\ACEX_ctd\brutos\MCTV027.hex
* Software Version Seasave V 7.17
* Temperature SN = 6161
* Conductivity SN = 6161
* System UpLoad Time = Jun 19 2012 15:36:45
** H38 
** NHo Cruzeiro do Sul 
** 222 
** MCT V 
**   027
**   33 44.55S
**   051 24.92W
**   19/06/2012 15:40 Z
**   360
** 9P46375-0882 
**   1T Germano Filho
# nquan = 14
# nvalues = 241                         
# units = specified
# name 0 = scan: Scan Count
# name 1 = timeJ: Julian Days
# name 2 = dz/dtM: Descent Rate [m/s]
# name 3 = prdM: Pressure, Strain Gauge [db]
# name 4 = tv290C: Temperature [ITS-90, deg C]
# name 5 = c0S/m: Conductivity [S/m]
# name 6 = depSM: Depth [salt water, m]
# name 7 = oxsatML/L: Oxygen Saturation [ml/l]
# name 8 = flSP: Fluorescence, Seapoint
# name 9 = potemp090C: Potential Temperature [ITS-90, deg C]
# name 10 = sal00: Salinity [PSU]
# name 11 = density00: Density [density, Kg/m^3]
# name 12 = oxsatML/L: Oxygen Saturation [ml/l]
# name 13 = flag: flag
# span 0 =       1751,       3705       
# span 1 = 171.655585, 171.661238       
# span 2 =     -1.451,     -0.071       
# span 3 =      3.278,    244.429       
# span 4 =    14.6243,    20.1769       
# span 5 =   4.317334,   4.977834       
# span 6 =      3.000,    243.000       
# span 7 =    5.10735,    5.71430       
# span 8 = 5.3992e-02, 8.9497e-01       
# span 9 =    14.5878,    20.1662       
# span 10 =    35.4746,    36.3767      
# span 11 =  1025.6888,  1027.5030      
# span 12 =    5.10731,    5.71437      
# span 13 = 0.0000e+00, 0.0000e+00      
# interval = meters: 1                  
# start_time = Jun 19 2012 15:36:45
# bad_flag = -9.990e-29
*END*
       1751 171.655585     -0.281    244.429    14.6243   4.317334    243.000    5.71430 5.4487e-02    14.5878    35.4746  1027.5030    5.71437 0.0000e+00
       1777 171.655660     -0.444    243.417    14.6363   4.319222    242.000    5.71275 5.5136e-02    14.5998    35.4815  1027.5012    5.71276 0.0000e+00
       1791 171.655699     -0.388    242.466    14.6936   4.325870    241.000    5.70586 5.4372e-02    14.6572    35.4907  1027.4914    5.70582 0.0000e+00
       1802 171.655733     -0.670    241.541    14.7458   4.332724    240.000    5.69931 5.5194e-02    14.7094    35.5065  1027.4879    5.69927 0.0000e+00
       1815 171.655771     -0.329    240.445    14.8360   4.342868    239.000    5.68861 5.5591e-02    14.7997    35.5176  1027.4715    5.68852 0.0000e+00
       1828 171.655808     -0.446    239.445    14.9250   4.355441    238.000    5.67728 5.5611e-02    14.8887    35.5520  1027.4738    5.67713 0.0000e+00
       1842 171.655849     -0.336    238.398    15.1473   4.380426    237.000    5.65122 5.4922e-02    15.1108    35.5782  1027.4393    5.65098 0.0000e+00
       1852 171.655877     -0.607    237.471    15.2518   4.391124    236.000    5.63927 5.5422e-02    15.2152    35.5809  1027.4137    5.63906 0.0000e+00
       1862 171.655906     -0.393    236.440    15.2928   4.394550    235.000    5.63482 5.3992e-02    15.2563    35.5752  1027.3954    5.63463 0.0000e+00
       1873 171.655936     -0.437    235.339    15.3083   4.396846    234.000    5.63283 5.5169e-02    15.2720    35.5825  1027.3926    5.63263 0.0000e+00
       1878 171.655952     -0.717    234.544    15.3696   4.405862    233.000    5.62496 5.5192e-02    15.3333    35.6089  1027.3956    5.62484 0.0000e+00
       1891 171.655988     -0.216    233.329    15.4548   4.412603    232.000    5.61601 5.5214e-02    15.4185    35.5933  1027.3588    5.61583 0.0000e+00
       1899 171.656012     -0.553    232.348    15.4620   4.414198    231.000    5.61486 5.6314e-02    15.4259    35.6016  1027.3592    5.61474 0.0000e+00
       1904 171.656027     -0.739    231.519    15.4758   4.415215    230.000    5.61341 5.6013e-02    15.4398    35.5986  1027.3501    5.61330 0.0000e+00
       1915 171.656060     -0.273    230.342    15.4886   4.416428    229.000    5.61196 5.5215e-02    15.4528    35.5985  1027.3418    5.61187 0.0000e+00
       1923 171.656083     -0.586    229.448    15.4938   4.417051    228.000    5.61132 5.4814e-02    15.4581    35.5998  1027.3377    5.61125 0.0000e+00
       1933 171.656112     -0.404    228.311    15.5093   4.418857    227.000    5.60947 5.4844e-02    15.4738    35.6025  1027.3312    5.60942 0.0000e+00
       1940 171.656131     -0.584    227.370    15.5149   4.419414    226.000    5.60883 5.5415e-02    15.4795    35.6029  1027.3261    5.60878 0.0000e+00
       1947 171.656151     -0.584    226.469    15.5224   4.420130    225.000    5.60799 5.5092e-02    15.4871    35.6029  1027.3204    5.60794 0.0000e+00
       1961 171.656191     -0.209    225.235    15.5291   4.420698    224.000    5.60724 5.5760e-02    15.4940    35.6025  1027.3131    5.60721 0.0000e+00
       1968 171.656212     -0.541    224.305    15.5307   4.420942    223.000    5.60702 5.6550e-02    15.4958    35.6036  1027.3095    5.60699 0.0000e+00
       1973 171.656228     -0.699    223.458    15.5330   4.421096    222.000    5.60677 5.6575e-02    15.4982    35.6032  1027.3050    5.60675 0.0000e+00
       1985 171.656260     -0.313    222.315    15.5356   4.421320    221.000    5.60647 5.7119e-02    15.5009    35.6034  1027.2995    5.60645 0.0000e+00
       1994 171.656288     -0.466    221.299    15.5374   4.421501    220.000    5.60626 5.7801e-02    15.5028    35.6039  1027.2949    5.60625 0.0000e+00
       2002 171.656310     -0.539    220.334    15.5419   4.422231    219.000    5.60565 5.7600e-02    15.5076    35.6067  1027.2918    5.60563 0.0000e+00
       2010 171.656333     -0.505    219.312    15.5498   4.422928    218.000    5.60479 5.7192e-02    15.5156    35.6062  1027.2852    5.60477 0.0000e+00
       2017 171.656354     -0.540    218.340    15.5555   4.424159    217.000    5.60395 5.8031e-02    15.5214    35.6127  1027.2845    5.60392 0.0000e+00
       2027 171.656384     -0.375    217.315    15.5983   4.429163    216.000    5.59895 5.7053e-02    15.5644    35.6195  1027.2754    5.59892 0.0000e+00
       2039 171.656419     -0.393    216.188    15.6252   4.432058    215.000    5.59590 5.8299e-02    15.5913    35.6217  1027.2660    5.59585 0.0000e+00
       2045 171.656435     -0.698    215.341    15.6420   4.434393    214.000    5.59383 5.7586e-02    15.6082    35.6280  1027.2632    5.59378 0.0000e+00
       2052 171.656457     -0.518    214.276    15.6699   4.437459    213.000    5.59063 5.9469e-02    15.6363    35.6307  1027.2542    5.59057 0.0000e+00
       2059 171.656477     -0.574    213.387    15.6870   4.438987    212.000    5.58878 5.9414e-02    15.6535    35.6294  1027.2454    5.58873 0.0000e+00
       2075 171.656523     -0.077    211.993    15.6983   4.439891    211.000    5.58758 6.0217e-02    15.6650    35.6280  1027.2355    5.58753 0.0000e+00
       2080 171.656536     -0.650    211.113    15.6977   4.439902    210.000    5.58759 5.9738e-02    15.6645    35.6289  1027.2325    5.58756 0.0000e+00
       2083 171.656545     -1.064    210.386    15.6991   4.439965    209.000    5.58745 5.8710e-02    15.6660    35.6286  1027.2287    5.58742 0.0000e+00
       2088 171.656559     -1.001    209.491    15.7055   4.441230    208.000    5.58653 5.8233e-02    15.6726    35.6345  1027.2278    5.58650 0.0000e+00
       2100 171.656595     -0.256    208.219    15.7304   4.443764    207.000    5.58376 5.9355e-02    15.6976    35.6353  1027.2171    5.58372 0.0000e+00
       2111 171.656626     -0.422    207.146    15.7454   4.445629    206.000    5.58196 6.1216e-02    15.7128    35.6389  1027.2117    5.58193 0.0000e+00
       2117 171.656644     -0.625    206.174    15.7560   4.446733    205.000    5.58077 6.2105e-02    15.7236    35.6397  1027.2056    5.58073 0.0000e+00
       2123 171.656660     -0.704    205.236    15.7633   4.447375    204.000    5.57998 6.1932e-02    15.7310    35.6392  1027.1994    5.57994 0.0000e+00
       2128 171.656675     -0.790    204.379    15.7670   4.447645    203.000    5.57958 5.9857e-02    15.7348    35.6387  1027.1944    5.57955 0.0000e+00
       2140 171.656709     -0.257    203.163    15.7687   4.447698    202.000    5.57941 5.9997e-02    15.7367    35.6381  1027.1882    5.57939 0.0000e+00
       2149 171.656736     -0.511    202.100    15.7701   4.448020    201.000    5.57918 6.2593e-02    15.7382    35.6402  1027.1848    5.57916 0.0000e+00
       2154 171.656752     -0.694    201.158    15.7801   4.450163    200.000    5.57773 6.1112e-02    15.7484    35.6507  1027.1864    5.57769 0.0000e+00
       2159 171.656765     -0.843    200.357    15.8172   4.455465    199.000    5.57313 6.0071e-02    15.7856    35.6652  1027.1855    5.57311 0.0000e+00
       2171 171.656800     -0.313    199.140    15.8704   4.459593    198.000    5.56766 5.8644e-02    15.8389    35.6548  1027.1598    5.56760 0.0000e+00
       2180 171.656825     -0.666    198.152    15.8738   4.459931    197.000    5.56726 5.8672e-02    15.8424    35.6552  1027.1549    5.56721 0.0000e+00
       2185 171.656840     -0.774    197.209    15.8763   4.459994    196.000    5.56703 5.8724e-02    15.8451    35.6538  1027.1492    5.56698 0.0000e+00
       2191 171.656858     -0.690    196.284    15.8763   4.459854    195.000    5.56705 5.8329e-02    15.8452    35.6530  1027.1444    5.56701 0.0000e+00
       2201 171.656888     -0.371    195.171    15.8755   4.459690    194.000    5.56713 5.9115e-02    15.8446    35.6526  1027.1394    5.56711 0.0000e+00
       2211 171.656916     -0.441    194.170    15.8758   4.459730    193.000    5.56707 6.1466e-02    15.8451    35.6531  1027.1353    5.56705 0.0000e+00
       2222 171.656948     -0.326    192.987    15.8766   4.459791    192.000    5.56697 6.0032e-02    15.8461    35.6534  1027.1301    5.56696 0.0000e+00
       2228 171.656966     -0.598    191.992    15.8770   4.459741    191.000    5.56694 5.9115e-02    15.8466    35.6530  1027.1254    5.56693 0.0000e+00
       2231 171.656974     -1.022    191.299    15.8762   4.459475    190.000    5.56708 5.8514e-02    15.8460    35.6516  1027.1214    5.56706 0.0000e+00
       2241 171.657001     -0.595    190.214    15.8729   4.459007    189.000    5.56746 5.7341e-02    15.8428    35.6508  1027.1168    5.56745 0.0000e+00
       2253 171.657036     -0.467    189.034    15.8707   4.458756    188.000    5.56769 5.8078e-02    15.8408    35.6510  1027.1123    5.56769 0.0000e+00
       2259 171.657055     -0.572    188.125    15.8710   4.458746    187.000    5.56766 5.7521e-02    15.8413    35.6510  1027.1082    5.56766 0.0000e+00
       2270 171.657087     -0.130    186.677    15.8713   4.458708    186.000    5.56764 5.6779e-02    15.8417    35.6510  1027.1018    5.56763 0.0000e+00
       2272 171.657093     -0.783    186.113    15.8715   4.458700    185.000    5.56761 5.6792e-02    15.8421    35.6510  1027.0992    5.56761 0.0000e+00
       2275 171.657101     -1.231    185.483    15.8715   4.458662    184.000    5.56761 5.5996e-02    15.8421    35.6509  1027.0964    5.56761 0.0000e+00
       2293 171.657153     -0.661    184.018    15.8725   4.459011    183.000    5.56743 5.7086e-02    15.8434    35.6537  1027.0918    5.56740 0.0000e+00
       2299 171.657169     -1.024    183.114    15.8847   4.461914    182.000    5.56556 5.8110e-02    15.8558    35.6691  1027.0968    5.56554 0.0000e+00
       2303 171.657181     -1.064    182.251    15.9246   4.467389    181.000    5.56071 5.8705e-02    15.8957    35.6825  1027.0941    5.56070 0.0000e+00
       2311 171.657204     -0.587    181.197    15.9894   4.474025    180.000    5.55360 5.8935e-02    15.9606    35.6839  1027.0755    5.55354 0.0000e+00
       2324 171.657243     -0.304    180.043    16.0472   4.479613    179.000    5.54735 5.9815e-02    16.0185    35.6824  1027.0558    5.54726 0.0000e+00
       2336 171.657278     -0.309    178.833    16.0649   4.482562    178.000    5.54504 6.0681e-02    16.0363    35.6933  1027.0547    5.54496 0.0000e+00
       2340 171.657290     -0.738    178.088    16.0988   4.487435    177.000    5.54090 5.9620e-02    16.0704    35.7065  1027.0537    5.54081 0.0000e+00
       2347 171.657309     -0.621    177.126    16.1665   4.495388    176.000    5.53318 5.8849e-02    16.1381    35.7169  1027.0416    5.53308 0.0000e+00
       2359 171.657343     -0.209    175.840    16.2455   4.503006    175.000    5.52472 5.9781e-02    16.2172    35.7143  1027.0154    5.52458 0.0000e+00
       2367 171.657366     -0.399    174.962    16.2565   4.504202    174.000    5.52346 5.9380e-02    16.2283    35.7154  1027.0098    5.52335 0.0000e+00
       2379 171.657401     -0.382    173.659    16.2683   4.505490    173.000    5.52212 6.1673e-02    16.2404    35.7168  1027.0024    5.52202 0.0000e+00
       2382 171.657409     -0.982    172.941    16.2737   4.506994    172.000    5.52124 6.1583e-02    16.2459    35.7256  1027.0047    5.52114 0.0000e+00
       2384 171.657416     -1.409    172.262    16.2890   4.509315    171.000    5.51928 6.1650e-02    16.2613    35.7328  1027.0037    5.51924 0.0000e+00
       2394 171.657446     -0.904    171.202    16.3343   4.514245    170.000    5.51429 6.1277e-02    16.3067    35.7363  1026.9910    5.51421 0.0000e+00
       2411 171.657493     -0.521    169.897    16.3685   4.517552    169.000    5.51062 6.2447e-02    16.3410    35.7355  1026.9766    5.51054 0.0000e+00
       2416 171.657509     -0.739    169.014    16.3953   4.520941    168.000    5.50749 6.1098e-02    16.3680    35.7419  1026.9713    5.50743 0.0000e+00
       2422 171.657526     -0.682    168.035    16.4072   4.521582    167.000    5.50638 6.1603e-02    16.3800    35.7373  1026.9607    5.50631 0.0000e+00
       2429 171.657546     -0.594    167.116    16.4154   4.522498    166.000    5.50544 6.2798e-02    16.3884    35.7384  1026.9555    5.50538 0.0000e+00
       2446 171.657595     -0.255    165.846    16.4262   4.523562    165.000    5.50425 6.2829e-02    16.3993    35.7387  1026.9477    5.50421 0.0000e+00
       2455 171.657622     -0.489    164.749    16.4300   4.524047    164.000    5.50379 6.3087e-02    16.4033    35.7400  1026.9429    5.50375 0.0000e+00
       2459 171.657634     -0.836    163.863    16.4335   4.524466    163.000    5.50337 6.2799e-02    16.4070    35.7409  1026.9389    5.50334 0.0000e+00
       2462 171.657643     -1.076    163.105    16.4365   4.524747    162.000    5.50305 6.2779e-02    16.4100    35.7411  1026.9350    5.50302 0.0000e+00
       2474 171.657676     -0.860    162.060    16.4400   4.525001    161.000    5.50268 6.1960e-02    16.4137    35.7406  1026.9292    5.50266 0.0000e+00
       2488 171.657718     -0.991    160.822    16.4416   4.525007    160.000    5.50253 6.1933e-02    16.4156    35.7397  1026.9227    5.50252 0.0000e+00
       2492 171.657728     -1.308    160.013    16.4412   4.525004    159.000    5.50255 6.1937e-02    16.4152    35.7404  1026.9197    5.50254 0.0000e+00
       2495 171.657736     -1.403    159.218    16.4418   4.525162    158.000    5.50244 6.2302e-02    16.4160    35.7416  1026.9170    5.50243 0.0000e+00
       2508 171.657774     -0.536    157.951    16.4481   4.525888    157.000    5.50173 6.2540e-02    16.4225    35.7428  1026.9109    5.50172 0.0000e+00
       2519 171.657807     -0.783    156.893    16.4521   4.526430    156.000    5.50125 6.3759e-02    16.4267    35.7445  1026.9066    5.50123 0.0000e+00
       2523 171.657817     -1.121    156.204    16.4659   4.531211    155.000    5.49878 6.3835e-02    16.4406    35.7747  1026.9234    5.49873 0.0000e+00
       2537 171.657858     -0.356    154.752    16.6311   4.552059    154.000    5.47983 6.5338e-02    16.6058    35.8116  1026.9063    5.47978 0.0000e+00
       2542 171.657874     -0.863    153.877    16.6925   4.559307    153.000    5.47297 6.6651e-02    16.6673    35.8209  1026.8949    5.47291 0.0000e+00
       2545 171.657882     -1.283    153.219    16.7326   4.561995    152.000    5.46918 6.5967e-02    16.7074    35.8090  1026.8733    5.46904 0.0000e+00
       2562 171.657931     -0.650    151.845    16.7706   4.564684    151.000    5.46542 6.6269e-02    16.7457    35.7992  1026.8507    5.46531 0.0000e+00
       2570 171.657954     -0.918    150.857    16.7724   4.564836    150.000    5.46521 6.6812e-02    16.7476    35.7994  1026.8460    5.46511 0.0000e+00
       2574 171.657965     -1.173    150.069    16.7779   4.565754    149.000    5.46446 6.6474e-02    16.7533    35.8028  1026.8438    5.46441 0.0000e+00
       2585 171.657998     -0.626    148.936    16.7906   4.566757    148.000    5.46319 6.6044e-02    16.7661    35.8008  1026.8343    5.46313 0.0000e+00
       2599 171.658037     -0.591    147.795    16.7972   4.567437    147.000    5.46245 6.6863e-02    16.7729    35.8014  1026.8281    5.46241 0.0000e+00
       2604 171.658052     -0.867    146.977    16.8017   4.567924    146.000    5.46195 6.7080e-02    16.7775    35.8019  1026.8239    5.46191 0.0000e+00
       2612 171.658076     -0.439    145.827    16.8104   4.568976    145.000    5.46096 6.8605e-02    16.7864    35.8039  1026.8182    5.46092 0.0000e+00
       2621 171.658102     -0.430    144.891    16.8181   4.569668    144.000    5.46015 6.6374e-02    16.7942    35.8035  1026.8120    5.46012 0.0000e+00
       2634 171.658140     -0.327    143.748    16.8212   4.569941    143.000    5.45981 6.6738e-02    16.7976    35.8035  1026.8062    5.45979 0.0000e+00
       2642 171.658164     -0.428    142.788    16.8293   4.571159    142.000    5.45882 6.5935e-02    16.8058    35.8074  1026.8030    5.45880 0.0000e+00
       2651 171.658190     -0.414    141.609    16.8431   4.572980    141.000    5.45723 6.7048e-02    16.8198    35.8115  1026.7978    5.45720 0.0000e+00
