jupyter/NEMEA/teste_rotina/cnvs/uMCTV012.cnv
* Sea-Bird SBE 9 Data File:
* FileName = D:\ACEX\brutos\MCTV012.hex
* Software Version Seasave V 7.17
* Temperature SN = 4821
* Conductivity SN = 3367
* Number of Bytes Per Scan = 21
* Number of Voltage Words = 3
* Number of Scans Averaged by the Deck Unit = 1
** H38 
** NHo Cruzeiro do Sul 
** 222 
** MCTV ACEx 
**   012
**   27 00.66S
**   046  19.71W
**   14/06/2012 18:11Z
**   662
** 9P46375-0882 
**   1T Germano Filho
# nquan = 16
# nvalues = 594                         
# units = specified
# name 0 = scan: Scan Count
# name 1 = timeJ: Julian Days
# name 2 = dz/dtM: Descent Rate [m/s]
# name 3 = prDM: Pressure, Digiquartz [db]
# name 4 = t090C: Temperature [ITS-90, deg C]
# name 5 = c0S/m: Conductivity [S/m]
# name 6 = sbeox0V: Oxygen Voltage, SBE 43
# name 7 = depSM: Depth [salt water, m]
# name 8 = flSP: Fluorescence, Seapoint
# name 9 = potemp090C: Potential Temperature [ITS-90, deg C]
# name 10 = sal00: Salinity [PSU]
# name 11 = density00: Density [density, Kg/m^3]
# name 12 = sigma-é00: Density [sigma-theta, Kg/m^3]
# name 13 = sbeox0ML/L: Oxygen, SBE 43 [ml/l], WS = 2
# name 14 = nbin: number of scans per bin
# name 15 = flag: flag
# span 0 =      49338,      69849       
# span 1 = 166.657230, 166.667122       
# span 2 =     -1.599,     -0.066       
# span 3 =      1.040,    598.748       
# span 4 =     5.8294,    23.2831       
# span 5 =   3.432507,   5.426537       
# span 6 =     2.0549,     3.4981       
# span 7 =      1.000,    594.000       
# span 8 = 4.5558e-02, 4.3497e-01       
# span 9 =     5.7771,    23.2829       
# span 10 =    34.3617,    37.3043      
# span 11 =  1025.5990,  1030.2843      
# span 12 =    25.5946,    27.5509      
# span 13 =    3.22722,    4.43473      
# span 14 =          7,         68      
# span 15 = 0.0000e+00, 0.0000e+00      
# interval = meters: 1                  
# start_time = Jun 14 2012 15:12:09
# bad_flag = -9.990e-29
*END*
[from data line 543]
      66438 166.665477     -0.558     51.339    23.1029   5.408431     3.4639     51.000 3.1234e-01    23.0923    37.2923  1025.8650    25.6464    4.40883         35 0.0000e+00
      66469 166.665492     -0.696     50.343    23.1064   5.408734     3.4654     50.000 2.9837e-01    23.0960    37.2920  1025.8594    25.6451    4.41031         27 0.0000e+00
      66493 166.665503     -0.928     49.325    23.1062   5.408672     3.4673     49.000 2.8925e-01    23.0961    37.2920  1025.8551    25.6451    4.41273         21 0.0000e+00
      66516 166.665514     -1.040     48.330    23.1067   5.408654     3.4667     48.000 3.0575e-01    23.0967    37.2919  1025.8506    25.6448    4.41119         23 0.0000e+00
      66541 166.665527     -1.005     47.315    23.1070   5.408660     3.4652     47.000 3.3020e-01    23.0972    37.2920  1025.8462    25.6447    4.40817         27 0.0000e+00
      66570 166.665541     -0.866     46.322    23.1077   5.408683     3.4656     46.000 3.2462e-01    23.0981    37.2919  1025.8416    25.6444    4.40811         24 0.0000e+00
      66600 166.665555     -0.824     45.317    23.1112   5.409054     3.4691     45.000 3.0620e-01    23.1018    37.2922  1025.8365    25.6435    4.41288         31 0.0000e+00
      66631 166.665570     -0.780     44.293    23.1134   5.409271     3.4744     44.000 3.0250e-01    23.1042    37.2924  1025.8316    25.6430    4.42056         29 0.0000e+00
      66661 166.665585     -0.792     43.288    23.1175   5.409762     3.4729     43.000 2.7980e-01    23.1085    37.2931  1025.8265    25.6422    4.41728         32 0.0000e+00
      66693 166.665600     -0.769     42.280    23.1190   5.409946     3.4741     42.000 3.0197e-01    23.1103    37.2936  1025.8221    25.6421    4.41847         32 0.0000e+00
      66730 166.665618     -0.678     41.273    23.1196   5.409949     3.4724     41.000 2.7223e-01    23.1111    37.2934  1025.8175    25.6418    4.41508         34 0.0000e+00
      66763 166.665634     -0.688     40.271    23.1200   5.409973     3.4742     40.000 2.8060e-01    23.1116    37.2937  1025.8132    25.6418    4.41730         31 0.0000e+00
      66790 166.665647     -0.839     39.256    23.1201   5.409954     3.4734     39.000 2.8883e-01    23.1120    37.2938  1025.8089    25.6418    4.41543         23 0.0000e+00
      66813 166.665658     -0.993     38.255    23.1237   5.410427     3.4763     38.000 2.9446e-01    23.1158    37.2948  1025.8043    25.6414    4.41919         25 0.0000e+00
      66841 166.665671     -0.947     37.250    23.1254   5.410597     3.4745     37.000 3.2226e-01    23.1177    37.2950  1025.7996    25.6410    4.41559         32 0.0000e+00
      66878 166.665689     -0.686     36.239    23.1247   5.410494     3.4761     36.000 3.1132e-01    23.1172    37.2951  1025.7956    25.6413    4.41754         39 0.0000e+00
      66916 166.665707     -0.614     35.233    23.1261   5.410640     3.4764     35.000 2.9341e-01    23.1188    37.2954  1025.7910    25.6410    4.41730         34 0.0000e+00
      66955 166.665726     -0.634     34.228    23.1247   5.410453     3.4796     34.000 2.8258e-01    23.1177    37.2955  1025.7871    25.6414    4.42188         41 0.0000e+00
      66998 166.665747     -0.564     33.219    23.1263   5.410623     3.4769     33.000 2.8328e-01    23.1194    37.2958  1025.7826    25.6412    4.41693         43 0.0000e+00
      67040 166.665767     -0.579     32.212    23.1300   5.411070     3.4725     32.000 3.0207e-01    23.1234    37.2965  1025.7777    25.6405    4.40900         42 0.0000e+00
      67079 166.665786     -0.594     31.204    23.1363   5.411873     3.4720     31.000 3.1078e-01    23.1298    37.2978  1025.7724    25.6396    4.40718         35 0.0000e+00
      67111 166.665801     -0.732     30.198    23.1394   5.412265     3.4740     30.000 3.1948e-01    23.1332    37.2985  1025.7677    25.6391    4.40940         31 0.0000e+00
      67140 166.665816     -0.811     29.192    23.1411   5.412424     3.4796     29.000 3.1065e-01    23.1351    37.2986  1025.7630    25.6387    4.41767         28 0.0000e+00
      67171 166.665830     -0.807     28.188    23.1426   5.412576     3.4750     28.000 3.0013e-01    23.1367    37.2990  1025.7585    25.6385    4.40963         34 0.0000e+00
      67210 166.665849     -0.637     27.180    23.1426   5.412578     3.4793     27.000 2.7167e-01    23.1370    37.2993  1025.7544    25.6387    4.41586         42 0.0000e+00
      67259 166.665873     -0.488     26.172    23.1450   5.412883     3.4799     26.000 2.5962e-01    23.1396    37.3000  1025.7499    25.6384    4.41604         54 0.0000e+00
      67308 166.665897     -0.489     25.165    23.1486   5.413316     3.4826     25.000 2.6674e-01    23.1434    37.3006  1025.7449    25.6378    4.41931         41 0.0000e+00
      67344 166.665914     -0.641     24.160    23.1506   5.413514     3.4820     24.000 2.8742e-01    23.1456    37.3008  1025.7402    25.6373    4.41762         30 0.0000e+00
      67381 166.665932     -0.679     23.157    23.1546   5.413967     3.4818     23.000 2.8043e-01    23.1498    37.3013  1025.7351    25.6365    4.41649         47 0.0000e+00
      67437 166.665959     -0.399     22.146    23.1561   5.414117     3.4826     22.000 2.4352e-01    23.1515    37.3016  1025.7304    25.6361    4.41707         54 0.0000e+00
      67492 166.665985     -0.444     21.138    23.1579   5.414263     3.4841     21.000 2.3402e-01    23.1535    37.3015  1025.7255    25.6355    4.41863         56 0.0000e+00
      67539 166.666008     -0.516     20.130    23.1587   5.414313     3.4856     20.000 2.4206e-01    23.1546    37.3015  1025.7209    25.6352    4.42042         43 0.0000e+00
      67577 166.666026     -0.614     19.125    23.1602   5.414424     3.4884     19.000 2.4104e-01    23.1562    37.3016  1025.7162    25.6347    4.42409         31 0.0000e+00
      67614 166.666044     -0.667     18.123    23.1617   5.414533     3.4880     18.000 2.3905e-01    23.1579    37.3015  1025.7113    25.6342    4.42277         44 0.0000e+00
      67668 166.666070     -0.439     17.113    23.1632   5.414655     3.4851     17.000 2.2891e-01    23.1597    37.3015  1025.7065    25.6337    4.41751         57 0.0000e+00
      67726 166.666098     -0.414     16.105    23.1657   5.414884     3.4850     16.000 2.4967e-01    23.1624    37.3015  1025.7015    25.6329    4.41650         62 0.0000e+00
      67782 166.666125     -0.430     15.096    23.1667   5.414978     3.4857     15.000 2.1271e-01    23.1636    37.3017  1025.6970    25.6327    4.41694         46 0.0000e+00
      67823 166.666145     -0.587     14.094    23.1693   5.415264     3.4864     14.000 2.2037e-01    23.1664    37.3021  1025.6922    25.6322    4.41727         40 0.0000e+00
      67881 166.666173     -0.398     13.087    23.1749   5.415826     3.4830     13.000 2.1342e-01    23.1721    37.3021  1025.6862    25.6305    4.41090         68 0.0000e+00
      67950 166.666206     -0.415     12.082    23.1811   5.416444     3.4842     12.000 2.0668e-01    23.1786    37.3019  1025.6799    25.6284    4.41167         45 0.0000e+00
      68398 166.666422     -0.218     11.072    23.1851   5.416890     3.4889     11.000 2.0432e-01    23.1828    37.3024  1025.6747    25.6276    4.41828         53 0.0000e+00
      68438 166.666441     -0.264     10.062    23.1865   5.417068     3.4862     10.000 1.9334e-01    23.1844    37.3029  1025.6703    25.6275    4.41326         45 0.0000e+00
      68488 166.666466     -0.513      9.064    23.1908   5.417574     3.4901      9.000 1.9124e-01    23.1889    37.3036  1025.6653    25.6267    4.41850         42 0.0000e+00
      68583 166.666511     -0.266      8.053    23.1916   5.417652     3.4914      8.000 1.8344e-01    23.1899    37.3038  1025.6609    25.6266    4.41988         48 0.0000e+00
      68676 166.666556     -0.295      7.047    23.1942   5.417891     3.4897      7.000 1.9669e-01    23.1928    37.3038  1025.6558    25.6258    4.41634         37 0.0000e+00
      68770 166.666602     -0.376      6.045    23.2005   5.418557     3.4929      6.000 1.6984e-01    23.1992    37.3040  1025.6498    25.6240    4.42040         38 0.0000e+00
      68861 166.666645     -0.247      5.033    23.2049   5.418956     3.4941      5.000 1.7644e-01    23.2038    37.3037  1025.6439    25.6225    4.42143         54 0.0000e+00
      68978 166.666702     -0.236      4.027    23.2223   5.420891     3.4931      4.000 1.7627e-01    23.2214    37.3043  1025.6349    25.6178    4.41792         32 0.0000e+00
      69123 166.666772     -0.232      3.016    23.2397   5.422620     3.4958      3.000 1.7620e-01    23.2391    37.3033  1025.6247    25.6118    4.42033         37 0.0000e+00
      69273 166.666844     -0.399      2.017    23.2643   5.425115     3.4981      2.000 1.8378e-01    23.2639    37.3022  1025.6122    25.6037    4.42148         57 0.0000e+00
      69849 166.667122     -0.424      1.040    23.2831   5.426537 -9.990e-29      1.000 1.6422e-01    23.2829    37.2976  1025.5990    25.5946 -9.990e-29          7 0.0000e+00
