jupyter/NEMEA/teste_rotina/cnvs/uMCTV012.cnv
* Sea-Bird SBE 9 Data File:
* FileName = D:\ACEX\brutos\MCTV012.hex
* Software Version Seasave V 7.17
* Temperature SN = 4821
* Conductivity SN = 3367
* Number of Bytes Per Scan = 21
* Number of Voltage Words = 3
* Number of Scans Averaged by the Deck Unit = 1
** H38 
** NHo Cruzeiro do Sul 
** 222 
** MCTV ACEx 
**   012
**   27 00.66S
**   046  19.71W
**   14/06/2012 18:11Z
**   662
** 9P46375-0882 
**   1T Germano Filho
# nquan = 16
# nvalues = 594                         
# units = specified
# name 0 = scan: Scan Count
# name 1 = timeJ: Julian Days
# name 2 = dz/dtM: Descent Rate [m/s]
# name 3 = prDM: Pressure, Digiquartz [db]
# name 4 = t090C: Temperature [ITS-90, deg C]
# name 5 = c0S/m: Conductivity [S/m]
# name 6 = sbeox0V: Oxygen Voltage, SBE 43
# name 7 = depSM: Depth [salt water, m]
# name 8 = flSP: Fluorescence, Seapoint
# name 9 = potemp090C: Potential Temperature [ITS-90, deg C]
# name 10 = sal00: Salinity [PSU]
# name 11 = density00: Density [density, Kg/m^3]
# name 12 = sigma-é00: Density [sigma-theta, Kg/m^3]
# name 13 = sbeox0ML/L: Oxygen, SBE 43 [ml/l], WS = 2
# name 14 = nbin: number of scans per bin
# name 15 = flag: flag
# span 0 =      49338,      69849       
# span 1 = 166.657230, 166.667122       
# span 2 =     -1.599,     -0.066       
# span 3 =      1.040,    598.748       
# span 4 =     5.8294,    23.2831       
# span 5 =   3.432507,   5.426537       
# span 6 =     2.0549,     3.4981       
# span 7 =      1.000,    594.000       
# span 8 = 4.5558e-02, 4.3497e-01       
# span 9 =     5.7771,    23.2829       
# span 10 =    34.3617,    37.3043      
# span 11 =  1025.5990,  1030.2843      
# span 12 =    25.5946,    27.5509      
# span 13 =    3.22722,    4.43473      
# span 14 =          7,         68      
# span 15 = 0.0000e+00, 0.0000e+00      
# interval = meters: 1                  
# start_time = Jun 14 2012 15:12:09
# bad_flag = -9.990e-29
*END*
[from data line 181]
      55476 166.660191     -0.381    416.123    11.9195   4.061154     2.7868    413.000 4.6356e-02    11.8647    35.4928  1028.8462    26.9980    4.34891         50 0.0000e+00
      55513 166.660208     -0.617    415.113    11.9738   4.066191     2.7783    412.000 4.6583e-02    11.9190    35.4908  1028.8294    26.9860    4.32585         27 0.0000e+00
      55539 166.660221     -0.879    414.108    12.0587   4.075449     2.7858    411.000 4.6080e-02    12.0038    35.5009  1028.8158    26.9776    4.33295         27 0.0000e+00
      55568 166.660235     -0.864    413.092    12.0846   4.079654     2.7969    410.000 4.6573e-02    12.0297    35.5178  1028.8191    26.9857    4.35280         30 0.0000e+00
      55595 166.660248     -0.866    412.090    12.1314   4.085300     2.8053    409.000 4.6180e-02    12.0765    35.5288  1028.8138    26.9853    4.36508         27 0.0000e+00
      55623 166.660261     -0.874    411.077    12.1499   4.086971     2.8103    408.000 4.6610e-02    12.0951    35.5279  1028.8049    26.9810    4.37325         28 0.0000e+00
      55650 166.660274     -0.901    410.069    12.1615   4.088181     2.8130    407.000 4.6883e-02    12.1067    35.5292  1028.7991    26.9797    4.37719         25 0.0000e+00
      55675 166.660287     -0.933    409.065    12.1638   4.088416     2.8147    406.000 4.6962e-02    12.1092    35.5297  1028.7945    26.9796    4.38000         26 0.0000e+00
      55704 166.660301     -0.869    408.051    12.1642   4.088413     2.8159    405.000 4.7355e-02    12.1098    35.5297  1028.7899    26.9795    4.38179         28 0.0000e+00
      55732 166.660314     -0.855    407.046    12.1729   4.089385     2.8177    404.000 4.6030e-02    12.1186    35.5313  1028.7850    26.9790    4.38414         27 0.0000e+00
      55762 166.660328     -0.850    406.039    12.1921   4.091543     2.8184    403.000 4.6539e-02    12.1378    35.5345  1028.7792    26.9779    4.38312         33 0.0000e+00
      55799 166.660346     -0.668    405.028    12.1998   4.092326     2.8190    402.000 4.7248e-02    12.1456    35.5353  1028.7737    26.9769    4.38309         40 0.0000e+00
      55836 166.660364     -0.636    404.016    12.2233   4.094948     2.8193    401.000 4.6264e-02    12.1692    35.5389  1028.7673    26.9752    4.38098         34 0.0000e+00
      55866 166.660379     -0.773    403.009    12.2395   4.096679     2.8217    400.000 4.6488e-02    12.1855    35.5408  1028.7610    26.9735    4.38387         26 0.0000e+00
      55892 166.660391     -0.883    401.997    12.2502   4.097856     2.8237    399.000 4.6134e-02    12.1963    35.5425  1028.7556    26.9727    4.38632         24 0.0000e+00
      55915 166.660402     -0.993    400.990    12.2758   4.101295     2.8268    398.000 4.6008e-02    12.2220    35.5521  1028.7534    26.9751    4.38962         22 0.0000e+00
      55935 166.660412     -1.116    399.986    12.3658   4.111699     2.8314    397.000 4.7061e-02    12.3118    35.5681  1028.7431    26.9700    4.39001         20 0.0000e+00
      55958 166.660423     -1.138    398.983    12.4171   4.116752     2.8375    396.000 4.7275e-02    12.3632    35.5688  1028.7288    26.9606    4.39730         25 0.0000e+00
      55988 166.660437     -0.903    397.972    12.4422   4.119503     2.8441    395.000 4.6647e-02    12.3883    35.5721  1028.7217    26.9582    4.40800         37 0.0000e+00
      56029 166.660457     -0.563    396.957    12.4498   4.120387     2.8483    394.000 4.6612e-02    12.3960    35.5740  1028.7172    26.9581    4.41534         34 0.0000e+00
      56060 166.660472     -0.694    395.963    12.4708   4.122632     2.8505    393.000 4.6796e-02    12.4171    35.5762  1028.7102    26.9557    4.41728         25 0.0000e+00
      56083 166.660483     -0.935    394.938    12.4753   4.123058     2.8538    392.000 4.7177e-02    12.4218    35.5765  1028.7049    26.9550    4.42297         21 0.0000e+00
      56103 166.660493     -1.110    393.939    12.4763   4.123111     2.8550    391.000 4.6774e-02    12.4229    35.5764  1028.7002    26.9548    4.42482         19 0.0000e+00
      56124 166.660503     -1.188    392.931    12.4804   4.123559     2.8557    390.000 4.6335e-02    12.4271    35.5773  1028.6956    26.9546    4.42525         21 0.0000e+00
      56149 166.660515     -1.081    391.925    12.4831   4.123744     2.8556    389.000 4.7338e-02    12.4299    35.5771  1028.6904    26.9539    4.42426         28 0.0000e+00
      56182 166.660531     -0.790    390.910    12.4815   4.123546     2.8563    388.000 4.7130e-02    12.4285    35.5770  1028.6862    26.9541    4.42525         35 0.0000e+00
      56220 166.660549     -0.643    389.905    12.4831   4.123638     2.8568    387.000 4.6492e-02    12.4302    35.5769  1028.6813    26.9537    4.42545         35 0.0000e+00
      56254 166.660566     -0.690    388.890    12.4847   4.123795     2.8577    386.000 4.6926e-02    12.4320    35.5773  1028.6768    26.9536    4.42651         33 0.0000e+00
      56283 166.660580     -0.792    387.883    12.4919   4.124595     2.8593    385.000 4.6868e-02    12.4393    35.5786  1028.6719    26.9532    4.42867         26 0.0000e+00
      56309 166.660592     -0.887    386.874    12.4999   4.125492     2.8598    384.000 4.6589e-02    12.4474    35.5802  1028.6670    26.9528    4.42832         26 0.0000e+00
      56334 166.660604     -0.955    385.868    12.5103   4.126573     2.8612    383.000 4.7656e-02    12.4579    35.5812  1028.6612    26.9516    4.42953         24 0.0000e+00
      56358 166.660616     -0.978    384.856    12.5267   4.128553     2.8635    382.000 4.6398e-02    12.4743    35.5853  1028.6565    26.9515    4.43201         22 0.0000e+00
      56380 166.660627     -1.044    383.851    12.5495   4.131146     2.8649    381.000 4.6509e-02    12.4972    35.5892  1028.6504    26.9500    4.43227         22 0.0000e+00
      56403 166.660637     -1.103    382.847    12.5695   4.133401     2.8649    380.000 4.7370e-02    12.5173    35.5925  1028.6444    26.9486    4.42972         21 0.0000e+00
      56428 166.660649     -1.034    381.837    12.5830   4.134757     2.8646    379.000 4.6370e-02    12.5309    35.5932  1028.6377    26.9464    4.42731         27 0.0000e+00
      56461 166.660665     -0.795    380.828    12.6167   4.138537     2.8674    378.000 4.6523e-02    12.5647    35.5982  1028.6302    26.9436    4.42921         39 0.0000e+00
      56502 166.660686     -0.570    379.811    12.6643   4.143815     2.8726    377.000 4.6891e-02    12.6123    35.6046  1028.6208    26.9392    4.43473         35 0.0000e+00
      56538 166.660703     -0.622    378.833    12.6959   4.147544     2.8738    376.000 4.5843e-02    12.6440    35.6110  1028.6149    26.9378    4.43374         29 0.0000e+00
      56565 166.660716     -0.816    377.806    12.7584   4.154726     2.8754    375.000 4.6749e-02    12.7064    35.6215  1028.6057    26.9336    4.43040         23 0.0000e+00
      56586 166.660726     -1.042    376.786    12.7923   4.158165     2.8763    374.000 4.6854e-02    12.7404    35.6230  1028.5953    26.9280    4.42859         19 0.0000e+00
      56605 166.660735     -1.185    375.791    12.8229   4.161596     2.8769    373.000 4.6584e-02    12.7710    35.6275  1028.5881    26.9253    4.42637         19 0.0000e+00
      56627 166.660746     -1.192    374.784    12.8387   4.163140     2.8770    372.000 4.6551e-02    12.7870    35.6278  1028.5805    26.9223    4.42463         24 0.0000e+00
      56656 166.660760     -0.949    373.770    12.8463   4.163935     2.8760    371.000 4.7078e-02    12.7947    35.6287  1028.5752    26.9215    4.42119         34 0.0000e+00
      56703 166.660782     -0.490    372.760    12.8530   4.164700     2.8756    370.000 4.7532e-02    12.8015    35.6302  1028.5704    26.9213    4.41917         41 0.0000e+00
      56738 166.660799     -0.612    371.774    12.8909   4.168863     2.8756    369.000 4.5737e-02    12.8394    35.6348  1028.5618    26.9173    4.41502         24 0.0000e+00
      56761 166.660810     -0.890    370.766    12.9103   4.170986     2.8762    368.000 4.6680e-02    12.8589    35.6373  1028.5551    26.9152    4.41394         18 0.0000e+00
      56782 166.660820     -1.108    369.740    12.9254   4.172650     2.8769    367.000 4.6525e-02    12.8741    35.6395  1028.5492    26.9139    4.41339         18 0.0000e+00
      56801 166.660830     -1.222    368.734    12.9387   4.174029     2.8762    366.000 4.7106e-02    12.8876    35.6405  1028.5427    26.9120    4.41012         21 0.0000e+00
      56824 166.660841     -1.173    367.721    12.9491   4.175101     2.8756    365.000 4.7843e-02    12.8980    35.6414  1028.5368    26.9106    4.40724         24 0.0000e+00
      56856 166.660856     -0.838    366.717    12.9486   4.175029     2.8761    364.000 4.6767e-02    12.8976    35.6417  1028.5327    26.9109    4.40782         33 0.0000e+00
      56892 166.660874     -0.658    365.705    12.9570   4.175892     2.8785    363.000 4.6805e-02    12.9062    35.6424  1028.5270    26.9097    4.41115         30 0.0000e+00
      56925 166.660889     -0.718    364.700    12.9604   4.176230     2.8783    362.000 4.6315e-02    12.9097    35.6429  1028.5222    26.9094    4.41000         28 0.0000e+00
      56953 166.660903     -0.806    363.698    12.9712   4.177436     2.8772    361.000 4.6617e-02    12.9206    35.6447  1028.5169    26.9086    4.40606         24 0.0000e+00
      56980 166.660916     -0.902    362.692    12.9750   4.177744     2.8772    360.000 4.6988e-02    12.9246    35.6445  1028.5115    26.9076    4.40514         22 0.0000e+00
      57007 166.660929     -0.904    361.684    12.9777   4.178007     2.8791    359.000 4.6704e-02    12.9274    35.6448  1028.5067    26.9073    4.40824         27 0.0000e+00
      57036 166.660943     -0.858    360.656    12.9790   4.178094     2.8806    358.000 4.6634e-02    12.9289    35.6449  1028.5020    26.9071    4.41051         25 0.0000e+00
      57062 166.660955     -0.884    359.664    12.9795   4.178089     2.8800    357.000 4.7111e-02    12.9294    35.6449  1028.4974    26.9069    4.40860         25 0.0000e+00
      57085 166.660966     -0.983    358.644    12.9800   4.178127     2.8803    356.000 4.6633e-02    12.9301    35.6451  1028.4930    26.9070    4.40863         19 0.0000e+00
      57107 166.660977     -1.083    357.644    12.9819   4.178309     2.8793    355.000 4.7145e-02    12.9322    35.6455  1028.4885    26.9069    4.40570         22 0.0000e+00
      57130 166.660988     -1.076    356.638    12.9833   4.178393     2.8791    354.000 4.6026e-02    12.9336    35.6455  1028.4837    26.9066    4.40475         22 0.0000e+00
      57160 166.661002     -0.903    355.622    12.9869   4.178789     2.8799    353.000 4.6691e-02    12.9374    35.6463  1028.4791    26.9064    4.40524         34 0.0000e+00
      57188 166.661016     -0.731    354.629    12.9917   4.179350     2.8796    352.000 4.7003e-02    12.9423    35.6475  1028.4746    26.9064    4.40363          9 0.0000e+00
      57200 166.661022     -0.982    353.813    13.0004   4.180291     2.8792    351.000 4.7549e-02    12.9511    35.6487  1028.4701    26.9056    4.40154         10 0.0000e+00
      57217 166.661030     -1.380    352.666    13.0054   4.180796     2.8797    350.000 4.7369e-02    12.9563    35.6493  1028.4644    26.9049    4.40140         15 0.0000e+00
      57232 166.661037     -1.587    351.632    13.0118   4.181448     2.8801    349.000 4.6717e-02    12.9628    35.6500  1028.4591    26.9042    4.40105         11 0.0000e+00
      57250 166.661046     -1.599    350.592    13.0147   4.181708     2.8807    348.000 4.5896e-02    12.9658    35.6502  1028.4540    26.9037    4.40138         21 0.0000e+00
      57272 166.661057     -1.309    349.574    13.0214   4.182581     2.8811    347.000 4.6832e-02    12.9727    35.6526  1028.4499    26.9042    4.40101         24 0.0000e+00
      57301 166.661071     -0.933    348.561    13.0357   4.183991     2.8815    346.000 4.6578e-02    12.9871    35.6531  1028.4428    26.9017    4.39993         33 0.0000e+00
      57339 166.661089     -0.604    347.578    13.0587   4.186747     2.8833    345.000 4.6559e-02    13.0102    35.6582  1028.4377    26.9010    4.40083         30 0.0000e+00
      57380 166.661109     -0.582    346.585    13.0855   4.190349     2.8855    344.000 4.6664e-02    13.0371    35.6677  1028.4350    26.9029    4.40197         29 0.0000e+00
      57408 166.661122     -0.758    345.577    13.2451   4.208375     2.8912    343.000 4.6537e-02    13.1964    35.6899  1028.4142    26.8877    4.39824         26 0.0000e+00
      57435 166.661135     -0.911    344.531    13.2880   4.212850     2.8940    342.000 4.7933e-02    13.2393    35.6926  1028.4027    26.8810    4.39939         26 0.0000e+00
      57463 166.661149     -0.907    343.510    13.2928   4.213378     2.8943    341.000 4.7171e-02    13.2443    35.6935  1028.3978    26.8807    4.39895         25 0.0000e+00
      57488 166.661161     -0.915    342.512    13.3078   4.215062     2.8962    340.000 4.7139e-02    13.2593    35.6959  1028.3921    26.8795    4.40069         23 0.0000e+00
      57512 166.661172     -1.002    341.499    13.3132   4.215533     2.8980    339.000 4.6679e-02    13.2649    35.6958  1028.3863    26.8782    4.40331         24 0.0000e+00
      57535 166.661184     -1.007    340.500    13.3142   4.215620     2.8966    338.000 4.6500e-02    13.2660    35.6961  1028.3819    26.8782    4.39983         24 0.0000e+00
      57564 166.661197     -0.948    339.485    13.3231   4.216651     2.8967    337.000 4.6931e-02    13.2751    35.6979  1028.3770    26.8778    4.39859         29 0.0000e+00
      57600 166.661215     -0.661    338.489    13.3526   4.219985     2.8968    336.000 4.6241e-02    13.3047    35.7023  1028.3697    26.8751    4.39532         34 0.0000e+00
      57632 166.661230     -0.738    337.474    13.4036   4.225559     2.8964    335.000 4.5994e-02    13.3557    35.7078  1028.3587    26.8689    4.38934         31 0.0000e+00
      57666 166.661247     -0.746    336.460    13.4265   4.227888     2.8931    334.000 4.7172e-02    13.3786    35.7088  1028.3501    26.8650    4.38020         30 0.0000e+00
      57708 166.661267     -0.563    335.477    13.4334   4.228626     2.8940    333.000 4.6080e-02    13.3857    35.7097  1028.3450    26.8642    4.38064         35 0.0000e+00
      57743 166.661284     -0.630    334.484    13.4438   4.229698     2.8939    332.000 4.6204e-02    13.3962    35.7105  1028.3390    26.8627    4.37900         26 0.0000e+00
      57768 166.661296     -0.868    333.483    13.4444   4.229705     2.8939    331.000 4.6553e-02    13.3970    35.7105  1028.3344    26.8624    4.37841         20 0.0000e+00
      57794 166.661308     -0.965    332.443    13.4443   4.229641     2.8924    330.000 4.7016e-02    13.3970    35.7104  1028.3298    26.8624    4.37473         28 0.0000e+00
      57821 166.661321     -0.924    331.420    13.4484   4.230098     2.8910    329.000 4.7095e-02    13.4012    35.7114  1028.3251    26.8623    4.37095         28 0.0000e+00
      57851 166.661336     -0.839    330.413    13.4534   4.230561     2.8915    328.000 4.7029e-02    13.4063    35.7115  1028.3197    26.8613    4.37105         31 0.0000e+00
      57884 166.661352     -0.746    329.402    13.4574   4.230963     2.8933    327.000 4.6841e-02    13.4105    35.7119  1028.3147    26.8608    4.37364         33 0.0000e+00
      57917 166.661368     -0.728    328.399    13.4612   4.231343     2.8954    326.000 4.6769e-02    13.4145    35.7124  1028.3098    26.8603    4.37691         33 0.0000e+00
      57954 166.661385     -0.662    327.382    13.4643   4.231688     2.8963    325.000 4.6823e-02    13.4177    35.7132  1028.3053    26.8603    4.37775         29 0.0000e+00
      57984 166.661400     -0.756    326.388    13.4744   4.232742     2.8945    324.000 4.6969e-02    13.4279    35.7141  1028.2994    26.8589    4.37270         28 0.0000e+00
