jupyter/NEMEA/teste_rotina/cnvs/uMCTV004.cnv
* Sea-Bird SBE 9 Data File:
* FileName = D:\ACEX\brutos\MCTV004.hex
* Software Version Seasave V 7.17
* Temperature SN = 4821
* Conductivity SN = 3367
* Number of Bytes Per Scan = 21
* Number of Voltage Words = 3
* Number of Scans Averaged by the Deck Unit = 1
** H38 
** NHo Cruzeiro do Sul 
** 222 
** MCTV ACEx 
**   004
**   25 54.906 s
**   046 1.015 w
**   12/06/2012 20:55Z
**   205
** 9P46375-0882 
**   Pesq. Catarina Cecilio
# nquan = 16
# nvalues = 166                         
# units = specified
# name 0 = scan: Scan Count
# name 1 = timeJ: Julian Days
# name 2 = dz/dtM: Descent Rate [m/s]
# name 3 = prDM: Pressure, Digiquartz [db]
# name 4 = t090C: Temperature [ITS-90, deg C]
# name 5 = c0S/m: Conductivity [S/m]
# name 6 = sbeox0V: Oxygen Voltage, SBE 43
# name 7 = depSM: Depth [salt water, m]
# name 8 = flSP: Fluorescence, Seapoint
# name 9 = potemp090C: Potential Temperature [ITS-90, deg C]
# name 10 = sal00: Salinity [PSU]
# name 11 = density00: Density [density, Kg/m^3]
# name 12 = sigma-é00: Density [sigma-theta, Kg/m^3]
# name 13 = sbeox0ML/L: Oxygen, SBE 43 [ml/l], WS = 2
# name 14 = nbin: number of scans per bin
# name 15 = flag: flag
# span 0 =      11675,      23366       
# span 1 = 164.752482, 164.758119       
# span 2 =     -1.204,     -0.211       
# span 3 =      1.018,    167.171       
# span 4 =    12.8844,    22.5161       
# span 5 =   4.158864,   5.256532       
# span 6 =     2.4895,     3.4938       
# span 7 =      1.000,    166.000       
# span 8 = 4.8082e-02, 5.0048e-02       
# span 9 =    12.8614,    22.5090       
# span 10 =    35.6330,    36.7639      
# span 11 =  1025.1141,  1027.6525      
# span 12 =    25.1097,    26.9114      
# span 13 =    3.33820,    4.54950      
# span 14 =         18,         65      
# span 15 = 0.0000e+00, 0.0000e+00      
# interval = meters: 1                  
# start_time = Jun 12 2012 17:55:28
# bad_flag = -9.990e-29
*END*
[from data line 91]
      16639 164.754876     -0.478     75.504    16.2542   4.544320     2.7794     75.000 4.8812e-02    16.2421    36.1143  1026.8791    26.5490    3.78525         43 0.0000e+00
      16685 164.754898     -0.522     74.499    16.3636   4.556713     2.8456     74.000 4.8603e-02    16.3516    36.1258  1026.8578    26.5323    3.89718         51 0.0000e+00
      16737 164.754923     -0.460     73.490    16.4021   4.562620     2.8863     73.000 4.8614e-02    16.3902    36.1438  1026.8581    26.5371    3.96726         43 0.0000e+00
      16781 164.754944     -0.555     72.490    16.4955   4.572709     2.9253     72.000 4.8788e-02    16.4838    36.1490  1026.8357    26.5192    4.03032         44 0.0000e+00
      16870 164.754987     -0.244     71.475    16.5365   4.577658     2.9534     71.000 4.8714e-02    16.5249    36.1562  1026.8271    26.5150    4.07743         48 0.0000e+00
      16928 164.755015     -0.435     70.477    16.5536   4.579634     2.9631     70.000 4.8871e-02    16.5421    36.1586  1026.8205    26.5128    4.09298         49 0.0000e+00
      16994 164.755047     -0.340     69.465    16.6467   4.590382     2.9703     69.000 4.8815e-02    16.6353    36.1699  1026.8026    26.4995    4.09801         51 0.0000e+00
      17041 164.755070     -0.532     68.461    16.7739   4.602989     2.9698     68.000 4.9045e-02    16.7627    36.1666  1026.7654    26.4667    4.08676         41 0.0000e+00
      17203 164.755148     -0.417     67.450    16.7966   4.603755     2.9693     67.000 4.8807e-02    16.7855    36.1533  1026.7453    26.4511    4.08402         43 0.0000e+00
      17251 164.755171     -0.542     66.445    16.8687   4.611593     2.9772     66.000 4.8839e-02    16.8578    36.1577  1026.7270    26.4372    4.09203         51 0.0000e+00
      17316 164.755202     -0.290     65.439    16.8341   4.607967     2.9765     65.000 4.8990e-02    16.8233    36.1573  1026.7306    26.4452    4.09279         35 0.0000e+00
      17486 164.755284     -0.240     64.426    17.2453   4.656043     3.0268     64.000 4.9006e-02    17.2345    36.2092  1026.6668    26.3863    4.14951         44 0.0000e+00
      17546 164.755313     -0.399     63.423    17.3708   4.670087     3.0400     63.000 4.8664e-02    17.3601    36.2195  1026.6397    26.3637    4.16258         65 0.0000e+00
      17607 164.755343     -0.414     62.419    17.8611   4.733513     3.0825     62.000 4.8840e-02    17.8503    36.3306  1026.5997    26.3286    4.19663         50 0.0000e+00
      18197 164.755627     -0.365     61.412    18.2351   4.779378     3.1495     61.000 4.8996e-02    18.2244    36.3918  1026.5488    26.2825    4.28312         48 0.0000e+00
      18273 164.755663     -0.383     60.399    18.2632   4.783350     3.1574     60.000 4.9041e-02    18.2526    36.4013  1026.5445    26.2827    4.29380         62 0.0000e+00
      18315 164.755684     -0.556     59.396    18.4365   4.807748     3.1726     59.000 4.9049e-02    18.4260    36.4558  1026.5381    26.2808    4.30488         35 0.0000e+00
      18362 164.755707     -0.518     58.388    18.5161   4.816224     3.1850     58.000 4.9030e-02    18.5058    36.4578  1026.5150    26.2621    4.31948         58 0.0000e+00
      18407 164.755728     -0.518     57.378    18.6110   4.830242     3.1986     57.000 4.8802e-02    18.6009    36.4930  1026.5134    26.2650    4.33413         32 0.0000e+00
      18437 164.755743     -0.766     56.375    18.7236   4.843521     3.2157     56.000 4.9054e-02    18.7136    36.5063  1026.4904    26.2464    4.35405         28 0.0000e+00
      18468 164.755758     -0.806     55.371    18.7830   4.850907     3.2309     55.000 4.9044e-02    18.7731    36.5167  1026.4788    26.2392    4.37481         36 0.0000e+00
      18509 164.755777     -0.608     54.361    18.8391   4.857570     3.2439     54.000 4.9160e-02    18.8294    36.5237  1026.4653    26.2301    4.39206         42 0.0000e+00
      18555 164.755800     -0.522     53.355    18.9292   4.868826     3.2512     53.000 4.9090e-02    18.9196    36.5395  1026.4499    26.2191    4.39652         54 0.0000e+00
      18608 164.755825     -0.433     52.343    18.9750   4.874128     3.2606     52.000 4.9329e-02    18.9656    36.5441  1026.4371    26.2108    4.40834         39 0.0000e+00
      18640 164.755841     -0.675     51.347    18.9882   4.872462     3.2568     51.000 4.9202e-02    18.9790    36.5188  1026.4100    26.1880    4.40084         27 0.0000e+00
      18667 164.755853     -0.867     50.335    18.8683   4.849809     3.2398     50.000 4.9247e-02    18.8593    36.4339  1026.3715    26.1537    4.38265         27 0.0000e+00
      18696 164.755867     -0.879     49.331    18.7526   4.829388     3.2161     49.000 4.9186e-02    18.7439    36.3637  1026.3431    26.1296    4.35207         32 0.0000e+00
      18737 164.755887     -0.607     48.320    18.7436   4.826335     3.1996     48.000 4.9325e-02    18.7350    36.3462  1026.3276    26.1185    4.32395         48 0.0000e+00
      18784 164.755910     -0.502     47.317    19.0782   4.862690     3.1997     47.000 4.8862e-02    19.0697    36.3589  1026.2468    26.0422    4.29731         40 0.0000e+00
      18824 164.755929     -0.608     46.307    19.3009   4.884612     3.1866     46.000 4.8975e-02    19.2925    36.3480  1026.1764    25.9763    4.25732         37 0.0000e+00
      18867 164.755950     -0.571     45.302    19.4063   4.894426     3.1777     45.000 4.9083e-02    19.3981    36.3383  1026.1371    25.9414    4.23372         50 0.0000e+00
      18916 164.755974     -0.473     44.290    19.6301   4.928107     3.1943     44.000 4.9191e-02    19.6220    36.4235  1026.1388    25.9477    4.24239         39 0.0000e+00
      18968 164.755999     -0.508     43.288    20.4969   5.040106     3.2037     43.000 4.8975e-02    20.4887    36.5942  1026.0334    25.8473    4.18870         37 0.0000e+00
      19057 164.756042     -0.429     42.288    21.1796   5.128638     3.2196     42.000 4.9108e-02    21.1714    36.7238  1025.9407    25.7593    4.16185         40 0.0000e+00
      19133 164.756079     -0.409     41.271    21.5833   5.172717     3.2185     41.000 4.9262e-02    21.5752    36.7324  1025.8310    25.6542    4.13011         27 0.0000e+00
      19253 164.756136     -0.354     40.280    21.8193   5.201888     3.2332     40.000 4.9090e-02    21.8113    36.7639  1025.7843    25.6119    4.13607         59 0.0000e+00
      19856 164.756427     -0.277     39.255    22.3089   5.250767     3.3134     39.000 4.9376e-02    22.3010    36.7355  1025.6196    25.4518    4.23167         47 0.0000e+00
      19927 164.756461     -0.637     38.254    22.3938   5.256532     3.3377     38.000 4.9232e-02    22.3861    36.7095  1025.5711    25.4077    4.26499         28 0.0000e+00
      19964 164.756479     -0.692     37.249    22.4551   5.255984     3.3743     37.000 4.9274e-02    22.4475    36.6539  1025.5070    25.3479    4.32045         45 0.0000e+00
      20018 164.756505     -0.411     36.237    22.4505   5.255046     3.3938     36.000 4.9587e-02    22.4432    36.6507  1025.5015    25.3467    4.35176         49 0.0000e+00
      20057 164.756524     -0.599     35.232    22.5161   5.253764     3.4328     35.000 4.9694e-02    22.5090    36.5858  1025.4290    25.2785    4.41106         33 0.0000e+00
      20087 164.756538     -0.786     34.227    22.4905   5.249261     3.4503     34.000 4.9390e-02    22.4836    36.5723  1025.4217    25.2756    4.44091         29 0.0000e+00
      20121 164.756555     -0.747     33.222    22.4685   5.244932     3.4610     33.000 4.9538e-02    22.4618    36.5572  1025.4122    25.2703    4.45964         40 0.0000e+00
      20165 164.756576     -0.545     32.211    22.4545   5.242312     3.4630     32.000 4.9590e-02    22.4480    36.5487  1025.4054    25.2678    4.46355         44 0.0000e+00
      20205 164.756595     -0.587     31.202    22.4268   5.237049     3.4652     31.000 4.9681e-02    22.4205    36.5310  1025.3955    25.2622    4.46914         35 0.0000e+00
      20236 164.756610     -0.739     30.201    22.4113   5.233238     3.4624     30.000 4.9493e-02    22.4053    36.5144  1025.3830    25.2540    4.46553         32 0.0000e+00
      20273 164.756628     -0.687     29.195    22.3974   5.230461     3.4611     29.000 4.9585e-02    22.3915    36.5046  1025.3752    25.2505    4.46424         44 0.0000e+00
      20328 164.756655     -0.401     28.182    22.3675   5.223768     3.4663     28.000 4.9440e-02    22.3619    36.4775  1025.3587    25.2383    4.47490         56 0.0000e+00
      20368 164.756674     -0.581     27.177    22.3267   5.214989     3.4689     27.000 4.9472e-02    22.3213    36.4430  1025.3399    25.2237    4.48255         29 0.0000e+00
      20399 164.756689     -0.777     26.172    22.3127   5.211854     3.4715     26.000 4.9740e-02    22.3075    36.4305  1025.3299    25.2181    4.48759         30 0.0000e+00
      20433 164.756705     -0.742     25.167    22.2923   5.207769     3.4710     25.000 4.9503e-02    22.2872    36.4158  1025.3203    25.2127    4.48803         37 0.0000e+00
      20470 164.756723     -0.656     24.161    22.2697   5.202882     3.4773     24.000 4.9353e-02    22.2649    36.3966  1025.3077    25.2044    4.49993         41 0.0000e+00
      20557 164.756765     -0.293     23.146    22.2270   5.194820     3.4725     23.000 4.9767e-02    22.2224    36.3692  1025.2947    25.1957    4.49559         40 0.0000e+00
      20644 164.756807     -0.469     22.155    22.1877   5.187022     3.4736     22.000 4.9869e-02    22.1832    36.3411  1025.2802    25.1854    4.50044         42 0.0000e+00
      21022 164.756989     -0.348     21.140    22.1489   5.180586     3.4796     21.000 4.9814e-02    22.1447    36.3232  1025.2732    25.1827    4.51304         49 0.0000e+00
      21393 164.757168     -0.314     20.134    22.1364   5.178173     3.4770     20.000 4.9766e-02    22.1324    36.3149  1025.2661    25.1799    4.50943         45 0.0000e+00
      21514 164.757227     -0.298     19.122    22.1214   5.175433     3.4794     19.000 4.9784e-02    22.1176    36.3062  1025.2593    25.1775    4.51402         57 0.0000e+00
      21557 164.757248     -0.532     18.114    22.1141   5.173965     3.4772     18.000 4.9785e-02    22.1105    36.3012  1025.2532    25.1757    4.51062         31 0.0000e+00
      21584 164.757260     -0.834     17.112    22.1058   5.172426     3.4799     17.000 4.9756e-02    22.1023    36.2963  1025.2475    25.1743    4.51504         24 0.0000e+00
      21610 164.757273     -0.920     16.111    22.0958   5.170619     3.4815     16.000 4.9898e-02    22.0926    36.2907  1025.2417    25.1728    4.51796         30 0.0000e+00
      21707 164.757320     -0.469     15.099    22.0851   5.168762     3.4838     15.000 4.9715e-02    22.0821    36.2854  1025.2364    25.1717    4.52206         39 0.0000e+00
      21803 164.757366     -0.445     14.089    22.0719   5.166428     3.4881     14.000 4.9958e-02    22.0691    36.2784  1025.2303    25.1700    4.52976         33 0.0000e+00
      21834 164.757381     -0.710     13.089    22.0667   5.165395     3.4880     13.000 4.9810e-02    22.0641    36.2750  1025.2249    25.1689    4.52938         34 0.0000e+00
      21873 164.757400     -0.655     12.082    22.0426   5.160255     3.4825     12.000 4.9923e-02    22.0402    36.2549  1025.2121    25.1604    4.52233         46 0.0000e+00
      22010 164.757466     -0.295     11.072    22.0403   5.160267     3.4883     11.000 4.9906e-02    22.0381    36.2572  1025.2101    25.1627    4.53125         47 0.0000e+00
      22080 164.757499     -0.473     10.065    22.0370   5.159454     3.4918     10.000 5.0036e-02    22.0350    36.2539  1025.2042    25.1611    4.53665         48 0.0000e+00
      22124 164.757521     -0.546      9.059    22.0256   5.157031     3.4878      9.000 4.9870e-02    22.0238    36.2447  1025.1960    25.1572    4.53058         39 0.0000e+00
      22170 164.757543     -0.551      8.062    21.9569   5.142019     3.4812      8.000 4.9899e-02    21.9553    36.1838  1025.1647    25.1302    4.52615         29 0.0000e+00
      22350 164.757630     -0.294      7.040    21.9148   5.134488     3.4930      7.000 4.9697e-02    21.9134    36.1598  1025.1539    25.1237    4.54874         40 0.0000e+00
      22394 164.757651     -0.569      6.044    21.8902   5.129167     3.4885      6.000 4.9760e-02    21.8890    36.1385  1025.1404    25.1145    4.54331         45 0.0000e+00
      22560 164.757731     -0.211      5.027    21.8990   5.131195     3.4928      5.000 5.0048e-02    21.8980    36.1476  1025.1403    25.1188    4.54877         18 0.0000e+00
      22636 164.757767     -0.472      4.030    21.9028   5.132079     3.4938      4.000 4.9877e-02    21.9020    36.1517  1025.1381    25.1208    4.54926         39 0.0000e+00
      22740 164.757818     -0.279      3.018    21.8801   5.127124     3.4907      3.000 4.9730e-02    21.8795    36.1318  1025.1249    25.1120    4.54595         48 0.0000e+00
      22913 164.757901     -0.238      2.017    21.8838   5.128183     3.4929      2.000 4.9588e-02    21.8834    36.1375  1025.1238    25.1152    4.54850         59 0.0000e+00
      23366 164.758119     -0.311      1.018    21.8780   5.126343     3.4935      1.000 4.9847e-02    21.8778    36.1281  1025.1141    25.1097    4.54950         48 0.0000e+00
